Used cores,Used nodes,Scheduled jobs
80,4,8
80,4,8
80,4,9
80,4,9
80,4,9
80,4,9
80,4,9
80,4,9
80,4,9
80,4,9
80,4,9
80,4,9
80,4,9
80,4,9
80,4,9
80,4,9
80,4,9
80,4,9
80,4,9
80,4,9
80,4,9
80,4,9
80,4,9
80,4,9
80,4,9
80,4,9
80,4,9
80,4,9
60,3,9
55,3,8
60,3,7
60,3,7
60,3,7
60,3,7
60,3,7
60,3,7
60,3,6
60,3,6
60,3,6
60,3,6
60,3,6
60,3,6
60,3,6
60,3,6
60,3,6
60,3,6
60,3,6
60,3,6
60,3,6
60,3,6
60,3,6
60,3,6
60,3,6
60,3,6
60,3,6
60,3,6
60,3,6
60,3,6
60,3,6
60,3,5
60,3,5
60,3,4
60,3,4
60,3,4
60,3,4
60,3,4
60,3,4
60,3,4
60,3,4
60,3,4
60,3,4
60,3,4
60,3,3
60,3,3
60,3,3
60,3,3
60,3,3
60,3,3
60,3,3
60,3,3
60,3,3
60,3,3
60,3,3
60,3,3
60,3,3
60,3,3
60,3,3
60,3,3
60,3,3
60,3,3
60,3,3
60,3,3
60,3,3
60,3,3
60,3,3
60,3,2
60,3,2
60,3,1
60,3,1
60,3,1
60,3,1
60,3,1
60,3,1
60,3,1
60,3,1
60,3,1
60,3,1
60,3,1
60,3,0
60,3,0
60,3,0
60,3,0
60,3,0
60,3,0
60,3,0
60,3,0
60,3,0
60,3,0
60,3,0
60,3,0
60,3,0
60,3,0
60,3,0
60,3,0
60,3,0
60,3,0
60,3,0
60,3,0
60,3,0
60,3,0
60,3,0
40,2,0
40,2,0
20,1,0
