1533 833 0
1559 831 0
1601 826 0
1560 832 0
1574 832 0
1602 830 0
1534 842 0
1582 855 0
1535 867 0
1603 866 0
1550 875 0
1575 874 0
1536 880 0
1604 872 0
1576 883 0
1551 903 0
1537 917 0
1592 915 0
1577 919 0
1538 926 0
1552 925 0
1578 923 0
1593 922 0
1553 928 0
1554 932 0
1606 84 0
1594 936 0
1555 950 0
1579 952 0
1580 970 0
1595 968 0
1527 977 0
1581 976 0
1528 989 0
1596 984 0
1556 990 0
1566 992 0
1597 996 0
1557 1012 0
1529 1028 0
1530 1046 0
1531 1047 0
1532 1048 0
1567 1056 0
1598 1053 0
1599 1056 0
1568 1068 0
1558 1071 0
1569 1070 0
1541 1077 0
1570 1077 0
1583 1083 0
1542 1090 0
1571 1088 0
1543 1094 0
1600 1098 0
1584 1111 0
1544 1119 0
1585 1142 0
1545 1148 0
1546 1162 0
1572 1162 0
1561 1169 0
1586 1166 0
1587 1176 0
1573 1179 0
1547 1189 0
1548 1190 0
1562 1195 0
1588 1204 0
1549 1214 0
1563 1233 0
1589 1235 0
1539 1304 0
1540 1309 0
1564 1317 0
1590 1315 0
1591 1340 0
1565 1394 0
1605 1299 0
1619 326 0
1621 519 0
1622 519 0
1623 525 0
1624 525 0
1625 526 0
1626 527 0
1627 527 0
1628 529 0
1629 531 0
1630 534 0
1631 544 0
1632 548 0
1633 395 0
1634 395 0
1635 395 0
1636 395 0
1637 395 0
1638 395 0
1641 394 0
1642 394 0
1643 383 0
1639 396 0
1640 396 0
1644 396 0
1645 402 0
1646 406 0
1647 406 0
1648 408 0
1649 412 0
1650 414 0
1651 417 0
1620 1452 0
1613 2245 0
1614 2259 0
1615 2280 0
1607 2296 0
1608 2297 0
1616 2302 0
1609 2314 0
1617 2316 0
1610 2322 0
1611 2322 0
1612 2327 0
1618 2326 0
1652 1419 0
1666 148 0
1664 1299 0
1669 426 0
1673 84 0
1679 196 0
1678 200 0
1680 200 0
1677 206 0
1675 221 0
1674 266 0
1681 209 0
1672 1299 0
1671 1499 0
1653 6612 0
1684 1419 0
1687 1070 0
1688 1163 0
1654 8566 0
1693 752 0
1825 84 0
1711 517 0
1718 517 0
1712 518 0
1720 518 0
1713 519 0
1721 519 0
1697 523 0
1698 523 0
1699 523 0
1700 523 0
1701 523 0
1702 523 0
1703 523 0
1704 523 0
1705 523 0
1706 524 0
1707 524 0
1708 525 0
1722 525 0
1781 404 0
1709 527 0
1715 531 0
1710 532 0
1714 539 0
1717 557 0
1719 560 0
1716 568 0
1814 460 0
1812 464 0
1723 586 0
1813 471 0
1784 482 0
1810 508 0
1757 516 0
1758 516 0
1759 516 0
1817 516 0
1739 518 0
1749 518 0
1750 518 0
1761 518 0
1762 518 0
1763 518 0
1818 518 0
1740 519 0
1741 519 0
1751 519 0
1752 519 0
1811 519 0
1742 520 0
1753 520 0
1724 521 0
1754 521 0
1725 522 0
1726 522 0
1727 522 0
1728 522 0
1729 523 0
1730 523 0
1731 523 0
1732 523 0
1733 523 0
1734 523 0
1735 524 0
1736 527 0
1755 530 0
1737 533 0
1744 534 0
1788 535 0
1789 535 0
1799 535 0
1803 536 0
1768 537 0
1778 537 0
1800 537 0
1801 537 0
1769 538 0
1770 538 0
1779 538 0
1771 539 0
1791 539 0
1802 539 0
1823 444 0
1738 543 0
1819 549 0
1783 555 0
1746 561 0
1785 561 0
1775 562 0
1795 563 0
1816 563 0
1796 565 0
1805 565 0
1747 567 0
1766 568 0
1807 568 0
1748 569 0
1797 570 0
1787 576 0
1743 580 0
1798 582 0
1756 596 0
1760 598 0
1792 601 0
1660 8985 0
1780 605 0
1765 609 0
1774 613 0
1745 614 0
1794 616 0
1821 616 0
1809 627 0
1786 632 0
1776 634 0
1767 653 0
1790 656 0
1764 661 0
1773 672 0
1793 680 0
1806 681 0
1808 688 0
1820 694 0
1772 723 0
1782 734 0
1777 763 0
1804 779 0
1692 1884 0
1815 802 0
1937 75 0
1938 75 0
1939 75 0
1940 75 0
1941 75 0
1942 75 0
1943 73 0
1655 9525 0
1842 525 0
1843 525 0
1832 537 0
1833 537 0
1834 538 0
1835 538 0
1836 538 0
1837 540 0
1838 541 0
1839 546 0
1840 554 0
1841 574 0
1944 441 0
1881 522 0
1882 522 0
1883 522 0
1854 524 0
1855 524 0
1870 524 0
1871 524 0
1872 526 0
1873 526 0
1874 526 0
1875 526 0
1876 526 0
1864 527 0
1865 527 0
1866 527 0
1884 527 0
1945 485 0
1844 531 0
1845 531 0
1846 531 0
1857 531 0
1859 531 0
1847 532 0
1848 533 0
1868 533 0
1877 534 0
1885 534 0
1849 535 0
1850 535 0
1886 538 0
1887 540 0
1888 540 0
1851 544 0
1858 550 0
1920 550 0
1925 550 0
1917 552 0
1918 553 0
1921 553 0
1852 554 0
1928 554 0
1922 555 0
1856 556 0
1897 556 0
1906 557 0
1892 558 0
1907 559 0
1894 567 0
1689 2695 0
1853 572 0
1901 586 0
1903 591 0
1860 594 0
1893 599 0
1924 603 0
1948 106 0
1911 613 0
1926 626 0
1915 631 0
1862 634 0
1912 644 0
1919 644 0
1867 648 0
1902 651 0
1861 669 0
1931 677 0
1863 694 0
1898 712 0
1930 718 0
1929 720 0
1900 727 0
1869 738 0
1909 744 0
1904 745 0
1923 761 0
1878 772 0
1914 772 0
1879 788 0
1905 800 0
1908 807 0
1895 808 0
1880 812 0
1890 817 0
1935 818 0
1933 841 0
1910 851 0
1956 105 0
1824 1538 0
1891 857 0
1949 370 0
1889 887 0
1934 906 0
1896 913 0
1927 930 0
1694 2106 0
1899 1015 0
1932 1059 0
1950 582 0
1953 559 0
1951 587 0
1913 1126 0
1683 4467 0
1936 1174 0
1916 1202 0
1952 952 0
1831 1771 0
1958 198 0
1661 10980 0
1959 257 0
1686 4464 0
1971 393 0
1972 393 0
1995 394 0
1996 394 0
1997 394 0
1998 394 0
1999 394 0
2000 394 0
2006 394 0
1973 395 0
2001 395 0
2002 395 0
2007 395 0
1984 396 0
1985 396 0
1986 396 0
1987 396 0
1988 396 0
1989 396 0
2003 396 0
2004 396 0
1990 397 0
1991 397 0
1992 397 0
1993 397 0
2005 398 0
1960 399 0
1961 399 0
1962 400 0
1974 400 0
1963 401 0
1964 401 0
1965 402 0
1966 402 0
1967 405 0
1976 405 0
1968 409 0
1977 413 0
1969 415 0
2009 419 0
2011 427 0
2030 427 0
2013 429 0
2039 429 0
2040 429 0
2045 429 0
2031 430 0
2041 430 0
2042 431 0
2015 432 0
2032 432 0
1980 435 0
2022 440 0
1981 442 0
2024 445 0
2043 447 0
2025 450 0
1970 451 0
2044 453 0
2035 461 0
1975 462 0
2027 464 0
1994 466 0
2036 468 0
2028 470 0
2008 476 0
2019 476 0
2037 476 0
1978 482 0
1979 485 0
2049 485 0
2018 489 0
2050 492 0
2033 493 0
2052 496 0
2021 499 0
2023 505 0
1982 507 0
1983 510 0
2016 510 0
2026 518 0
2046 529 0
2054 539 0
2029 545 0
2012 547 0
2038 548 0
2053 559 0
2047 593 0
2048 600 0
2034 601 0
2010 606 0
2014 612 0
2055 628 0
2017 638 0
2051 652 0
2020 667 0
2056 671 0
1957 1524 0
1676 6658 0
1662 11984 0
1828 3288 0
1955 2296 0
2101 521 0
2102 521 0
2103 521 0
2104 521 0
2105 521 0
2110 519 0
1663 12327 0
1691 5169 0
1830 3600 0
1827 3911 0
1826 4058 0
1829 4339 0
1695 6523 0
2059 3569 0
2109 3823 0
2070 4670 0
2071 4970 0
2072 5021 0
1670 12184 0
2057 5643 0
2073 5392 0
2074 5962 0
2075 6423 0
2060 6474 0
2076 6485 0
2061 6496 0
2077 6535 0
2062 6554 0
2078 6565 0
2079 6574 0
2080 6638 0
2081 6650 0
2082 6660 0
2083 6704 0
2084 6722 0
2085 6748 0
2063 6759 0
2086 6803 0
2087 6841 0
2064 6869 0
2088 6873 0
2089 6955 0
2090 6984 0
2091 7038 0
2065 7045 0
2092 7046 0
2066 7205 0
2093 7210 0
1696 10259 0
2067 7288 0
2094 7631 0
2095 7659 0
2096 7726 0
2097 7965 0
1667 17829 0
2068 9188 0
1685 14198 0
1822 12767 0
1946 13202 0
2069 12104 0
1954 14514 0
2112 13085 0
2098 13487 0
2108 13809 0
2106 16367 0
1656 29616 0
1658 29616 0
1690 23347 0
2111 19493 0
1665 31035 0
2107 27864 0
1657 40147 0
1659 40147 0
2058 28957 0
1682 40578 0
1947 42367 0
1668 54688 0
2099 63295 0
2100 63295 0
