1533 833 0
1559 831 0
1601 826 0
1560 832 0
1574 832 0
1602 830 0
1534 842 0
1582 855 0
1535 867 0
1603 866 0
1550 875 0
1575 874 0
1536 880 0
1604 872 0
1576 883 0
1551 903 0
1537 917 0
1592 915 0
1577 919 0
1538 926 0
1552 925 0
1578 923 0
1593 922 0
1553 928 0
1554 932 0
1606 84 0
1594 936 0
1555 950 0
1579 952 0
1580 970 0
1595 968 0
1527 977 0
1581 976 0
1528 989 0
1596 984 0
1556 990 0
1566 992 0
1597 996 0
1557 1012 0
1529 1028 0
1530 1046 0
1531 1047 0
1532 1048 0
1567 1056 0
1598 1053 0
1599 1056 0
1568 1068 0
1558 1071 0
1569 1070 0
1541 1077 0
1570 1077 0
1583 1083 0
1542 1090 0
1571 1088 0
1543 1094 0
1600 1098 0
1584 1111 0
1544 1119 0
1585 1142 0
1545 1148 0
1546 1162 0
1572 1162 0
1561 1169 0
1586 1166 0
1587 1176 0
1573 1179 0
1547 1189 0
1548 1190 0
1562 1195 0
1588 1204 0
1549 1214 0
1563 1233 0
1589 1235 0
1539 1304 0
1540 1309 0
1564 1317 0
1590 1315 0
1591 1340 0
1565 1394 0
1605 1299 0
1619 326 0
1621 519 0
1622 519 0
1623 525 0
1624 525 0
1625 526 0
1626 527 0
1627 527 0
1628 529 0
1633 339 0
1634 339 0
1629 531 0
1630 534 0
1635 345 0
1636 345 0
1637 346 0
1638 347 0
1639 348 0
1640 350 0
1641 349 0
1642 349 0
1643 339 0
1631 544 0
1644 343 0
1632 548 0
1645 402 0
1646 406 0
1647 406 0
1648 408 0
1649 412 0
1650 414 0
1651 417 0
1620 1452 0
1613 2245 0
1614 2259 0
1615 2280 0
1607 2296 0
1608 2297 0
1616 2302 0
1609 2314 0
1617 2316 0
1610 2322 0
1611 2322 0
1612 2327 0
1618 2326 0
1652 1417 0
1666 148 0
1664 1299 0
1669 426 0
1673 84 0
1679 196 0
1678 200 0
1680 200 0
1677 206 0
1675 221 0
1674 266 0
1681 209 0
1672 1299 0
1671 1499 0
1653 6610 0
1684 1419 0
1687 1070 0
1688 1163 0
1654 8564 0
1693 752 0
1825 84 0
1718 517 0
1713 519 0
1721 519 0
1697 523 0
1698 523 0
1699 523 0
1700 523 0
1701 523 0
1702 523 0
1703 523 0
1704 523 0
1722 525 0
1711 528 0
1706 529 0
1712 529 0
1720 529 0
1707 531 0
1708 532 0
1724 416 0
1709 538 0
1714 539 0
1725 418 0
1726 418 0
1729 419 0
1715 542 0
1730 421 0
1710 543 0
1731 422 0
1741 426 0
1732 427 0
1735 429 0
1742 429 0
1736 433 0
1749 433 0
1750 435 0
1717 557 0
1753 437 0
1737 439 0
1757 440 0
1758 441 0
1754 442 0
1759 443 0
1744 444 0
1761 447 0
1762 448 0
1738 449 0
1763 449 0
1719 571 0
1755 451 0
1768 456 0
1716 579 0
1771 459 0
1747 477 0
1723 599 0
1748 483 0
1778 485 0
1766 486 0
1743 489 0
1775 491 0
1779 491 0
1783 511 0
1789 517 0
1739 518 0
1740 519 0
1751 519 0
1752 519 0
1756 519 0
1769 520 0
1770 520 0
1727 522 0
1728 522 0
1785 522 0
1788 522 0
1733 523 0
1734 523 0
1705 644 0
1781 525 0
1760 526 0
1791 527 0
1799 527 0
1800 529 0
1801 529 0
1803 529 0
1802 532 0
1823 444 0
1774 541 0
1765 544 0
1795 552 0
1796 555 0
1787 557 0
1780 560 0
1797 560 0
1805 560 0
1746 561 0
1807 565 0
1767 572 0
1798 574 0
1784 580 0
1776 581 0
1792 590 0
1764 593 0
1786 593 0
1773 598 0
1812 599 0
1660 8985 0
1794 605 0
1814 606 0
1745 614 0
1813 614 0
1817 626 0
1790 638 0
1810 641 0
1772 644 0
1811 651 0
1793 669 0
1818 671 0
1816 673 0
1806 677 0
1808 685 0
1819 704 0
1782 716 0
1777 745 0
1809 760 0
1804 772 0
1821 774 0
1692 1884 0
1820 852 0
1937 75 0
1938 75 0
1939 75 0
1940 75 0
1941 75 0
1942 75 0
1943 102 0
1815 952 0
1655 9523 0
1842 525 0
1832 537 0
1833 537 0
1834 538 0
1835 538 0
1836 538 0
1843 551 0
1838 554 0
1846 426 0
1847 427 0
1854 439 0
1839 571 0
1849 443 0
1850 446 0
1840 579 0
1857 458 0
1859 462 0
1841 599 0
1858 478 0
1944 440 0
1864 483 0
1853 486 0
1868 504 0
1870 516 0
1855 524 0
1872 526 0
1873 526 0
1945 484 0
1865 527 0
1866 527 0
1860 528 0
1871 528 0
1844 531 0
1845 531 0
1848 533 0
1885 534 0
1886 538 0
1874 538 0
1881 538 0
1882 538 0
1837 671 0
1875 540 0
1876 540 0
1883 541 0
1851 544 0
1884 546 0
1877 549 0
1921 553 0
1852 554 0
1922 555 0
1856 556 0
1887 561 0
1888 562 0
1689 2695 0
1862 580 0
1892 584 0
1897 585 0
1894 595 0
1861 605 0
1906 607 0
1948 106 0
1911 613 0
1867 614 0
1907 619 0
1893 625 0
1901 627 0
1903 634 0
1912 644 0
1863 644 0
1917 654 0
1918 660 0
1920 665 0
1931 677 0
1925 682 0
1902 693 0
1930 708 0
1869 712 0
1915 726 0
1924 735 0
1898 744 0
1919 757 0
1926 758 0
1900 764 0
1878 787 0
1879 788 0
1904 789 0
1880 812 0
1909 816 0
1895 836 0
1928 838 0
1890 843 0
1905 849 0
1956 105 0
1824 1538 0
1891 857 0
1914 865 0
1949 370 0
1908 875 0
1923 883 0
1889 913 0
1910 924 0
1896 941 0
1694 2106 0
1929 1016 0
1935 1018 0
1933 1022 0
1899 1049 0
1927 1068 0
1950 582 0
1953 559 0
1951 587 0
1934 1102 0
1683 4467 0
1913 1209 0
1932 1229 0
1916 1303 0
1936 1388 0
1952 952 0
1831 1771 0
1958 198 0
1661 10980 0
1959 257 0
1686 4464 0
1988 396 0
1989 396 0
1990 397 0
1960 399 0
1961 399 0
1962 400 0
1963 401 0
1964 401 0
1965 402 0
1966 402 0
1967 405 0
1976 405 0
1971 406 0
1972 408 0
1968 409 0
1973 410 0
1977 413 0
1984 414 0
1974 416 0
1985 417 0
1986 417 0
1987 418 0
1991 421 0
1992 422 0
1993 423 0
1995 423 0
1996 424 0
1997 426 0
1969 427 0
1998 427 0
1999 427 0
2000 428 0
2013 429 0
2015 432 0
2032 432 0
2001 432 0
2002 433 0
2003 435 0
2004 435 0
2006 436 0
2005 438 0
2007 438 0
1981 442 0
2024 445 0
2025 450 0
1980 453 0
2035 461 0
1975 462 0
2009 462 0
1970 463 0
1994 466 0
2036 468 0
2011 472 0
2037 476 0
2022 494 0
2030 496 0
1978 499 0
1979 502 0
2023 505 0
1982 507 0
2031 507 0
1983 510 0
2039 511 0
2040 513 0
2041 518 0
2008 519 0
2027 522 0
2042 523 0
2019 527 0
2028 531 0
2018 538 0
2045 544 0
2021 551 0
2043 557 0
2016 558 0
2044 565 0
2033 571 0
2026 572 0
2012 595 0
2049 608 0
2029 611 0
2014 612 0
2050 618 0
2052 625 0
2038 627 0
2046 647 0
2010 650 0
2054 674 0
2034 679 0
2017 686 0
2053 693 0
2047 714 0
2020 718 0
2048 723 0
2055 731 0
2056 775 0
2051 779 0
1957 1524 0
1828 3185 0
1676 6658 0
1662 11984 0
1955 2296 0
2101 521 0
2102 521 0
2104 521 0
2105 521 0
2103 521 0
2110 519 0
1663 12327 0
1691 5169 0
1830 3600 0
1827 3765 0
1826 3876 0
1829 4240 0
1695 6523 0
2059 3569 0
2109 3823 0
2070 4664 0
2071 4964 0
2072 5015 0
1670 12184 0
2057 5614 0
2073 5386 0
2074 5956 0
2075 6417 0
2060 6474 0
2076 6479 0
2061 6496 0
2077 6529 0
2062 6554 0
2078 6559 0
2079 6568 0
2080 6632 0
2081 6644 0
2082 6654 0
2083 6698 0
2084 6716 0
2085 6742 0
2063 6759 0
2086 6797 0
2064 6869 0
2065 7045 0
2066 7205 0
1696 10259 0
2067 7288 0
2087 7843 0
1667 17829 0
2088 8971 0
2068 9188 0
2089 9353 0
2090 9433 0
1685 14198 0
1822 12373 0
2091 9858 0
2092 10436 0
2093 11061 0
1946 13202 0
2094 11538 0
2095 11545 0
2096 11626 0
2097 11898 0
2069 12097 0
1954 14505 0
2098 13263 0
2112 13085 0
2108 13795 0
2106 16367 0
1656 29614 0
1658 29614 0
1690 23347 0
2111 19506 0
1665 31035 0
2107 27850 0
1659 40145 0
2058 28957 0
1657 40282 0
1682 40578 0
1947 42201 0
1668 54688 0
2099 63117 0
2100 63117 0
