1533 405 0
1559 402 0
1601 397 0
1560 402 0
1574 400 0
1602 397 0
1534 405 0
1582 399 0
1535 405 0
1603 397 0
1550 403 0
1575 400 0
1536 405 0
1604 397 0
1576 400 0
1551 403 0
1537 405 0
1592 398 0
1577 400 0
1538 405 0
1552 403 0
1578 400 0
1593 398 0
1553 403 0
1554 403 0
1606 0 0
1594 398 0
1555 403 0
1579 400 0
1580 400 0
1595 398 0
1527 406 0
1581 400 0
1528 406 0
1596 398 0
1556 403 0
1566 401 0
1597 398 0
1557 403 0
1529 406 0
1530 406 0
1531 406 0
1532 406 0
1567 401 0
1598 398 0
1599 398 0
1568 401 0
1558 403 0
1569 401 0
1541 404 0
1570 401 0
1583 399 0
1542 404 0
1571 401 0
1543 404 0
1600 398 0
1584 399 0
1544 404 0
1585 399 0
1545 404 0
1546 404 0
1572 401 0
1561 402 0
1586 399 0
1587 399 0
1573 401 0
1547 404 0
1548 404 0
1562 402 0
1588 399 0
1549 404 0
1563 402 0
1589 399 0
1539 405 0
1540 405 0
1564 402 0
1590 399 0
1591 399 0
1565 402 0
1605 0 0
1619 0 0
1621 0 0
1622 0 0
1623 0 0
1624 0 0
1625 0 0
1626 0 0
1627 0 0
1628 0 0
1633 328 0
1634 328 0
1629 0 0
1630 0 0
1635 334 0
1636 334 0
1637 335 0
1638 336 0
1639 336 0
1640 338 0
1641 338 0
1642 338 0
1643 328 0
1631 0 0
1644 331 0
1632 0 0
1645 0 0
1646 0 0
1647 0 0
1648 0 0
1649 0 0
1650 0 0
1651 0 0
1620 0 0
1613 0 0
1614 0 0
1615 0 0
1607 0 0
1608 0 0
1616 0 0
1609 0 0
1617 0 0
1610 0 0
1611 0 0
1612 0 0
1618 0 0
1652 0 0
1666 0 0
1664 0 0
1669 0 0
1673 0 0
1679 0 0
1678 0 0
1680 0 0
1677 0 0
1675 0 0
1674 0 0
1681 0 0
1672 0 0
1671 0 0
1653 0 0
1684 0 0
1687 0 0
1688 0 0
1654 0 0
1693 0 0
1825 0 0
1718 0 0
1713 0 0
1721 0 0
1697 0 0
1698 0 0
1699 0 0
1700 0 0
1701 0 0
1702 0 0
1703 0 0
1704 0 0
1722 0 0
1711 523 0
1706 517 0
1712 523 0
1720 523 0
1707 519 0
1708 519 0
1724 407 0
1709 523 0
1714 0 0
1725 408 0
1726 408 0
1729 408 0
1715 523 0
1730 410 0
1710 523 0
1731 411 0
1741 419 0
1732 416 0
1735 417 0
1742 421 0
1736 418 0
1749 427 0
1750 429 0
1717 0 0
1753 429 0
1737 418 0
1757 436 0
1758 437 0
1754 433 0
1759 439 0
1744 422 0
1761 441 0
1762 442 0
1738 418 0
1763 443 0
1719 523 0
1755 433 0
1768 449 0
1716 523 0
1771 450 0
1747 422 0
1723 525 0
1748 426 0
1778 478 0
1766 448 0
1743 421 0
1775 459 0
1779 483 0
1783 486 0
1789 0 0
1739 0 0
1740 0 0
1751 0 0
1752 0 0
1756 435 0
1769 0 0
1770 0 0
1727 0 0
1728 0 0
1785 491 0
1788 517 0
1733 0 0
1734 0 0
1705 137 0
1781 0 0
1760 440 0
1791 518 0
1799 522 0
1800 522 0
1801 522 0
1803 523 0
1802 523 0
1823 0 0
1774 458 0
1765 447 0
1795 519 0
1796 520 0
1787 511 0
1780 485 0
1797 520 0
1805 525 0
1746 0 0
1807 527 0
1767 449 0
1798 522 0
1784 489 0
1776 477 0
1792 519 0
1764 444 0
1786 491 0
1773 456 0
1812 532 0
1660 0 0
1794 519 0
1814 544 0
1745 0 0
1813 541 0
1817 0 0
1790 0 0
1810 529 0
1772 451 0
1811 529 0
1793 519 0
1818 555 0
1816 0 0
1806 526 0
1808 527 0
1819 557 0
1782 0 0
1777 0 0
1809 529 0
1804 523 0
1821 560 0
1692 0 0
1820 560 0
1937 0 0
1938 0 0
1939 0 0
1940 0 0
1941 0 0
1942 0 0
1943 0 0
1815 552 0
1655 0 0
1842 0 0
1832 0 0
1833 0 0
1834 0 0
1835 0 0
1836 0 0
1843 538 0
1838 525 0
1846 407 0
1847 407 0
1854 427 0
1839 537 0
1849 420 0
1850 423 0
1840 537 0
1857 439 0
1859 443 0
1841 537 0
1858 440 0
1944 0 0
1864 468 0
1853 426 0
1868 483 0
1870 504 0
1855 0 0
1872 0 0
1873 0 0
1945 0 0
1865 0 0
1866 0 0
1860 446 0
1871 516 0
1844 0 0
1845 0 0
1848 0 0
1885 0 0
1886 0 0
1874 524 0
1881 528 0
1882 528 0
1837 191 0
1875 526 0
1876 526 0
1883 531 0
1851 0 0
1884 531 0
1877 527 0
1921 0 0
1852 0 0
1922 0 0
1856 0 0
1887 533 0
1888 534 0
1689 0 0
1862 458 0
1892 538 0
1897 541 0
1894 540 0
1861 448 0
1906 562 0
1948 0 0
1911 0 0
1867 478 0
1907 572 0
1893 538 0
1901 553 0
1903 555 0
1912 0 0
1863 462 0
1917 614 0
1918 619 0
1920 627 0
1931 0 0
1925 644 0
1902 554 0
1930 0 0
1869 486 0
1915 607 0
1924 644 0
1898 544 0
1919 625 0
1926 654 0
1900 549 0
1878 527 0
1879 0 0
1904 556 0
1880 0 0
1909 584 0
1895 540 0
1928 665 0
1890 538 0
1905 561 0
1956 0 0
1824 0 0
1891 0 0
1914 605 0
1949 0 0
1908 580 0
1923 634 0
1889 538 0
1910 585 0
1896 540 0
1694 0 0
1929 677 0
1935 712 0
1933 693 0
1899 546 0
1927 660 0
1950 0 0
1953 0 0
1951 0 0
1934 708 0
1683 0 0
1913 595 0
1932 682 0
1916 613 0
1936 726 0
1952 0 0
1831 0 0
1958 0 0
1661 0 0
1959 0 0
1686 0 0
1988 0 0
1989 0 0
1990 0 0
1960 0 0
1961 35 0
1962 0 0
1963 0 0
1964 0 0
1965 0 0
1966 0 0
1967 0 0
1976 0 0
1971 397 0
1972 399 0
1968 244 0
1973 399 0
1977 0 0
1984 402 0
1974 400 0
1985 405 0
1986 405 0
1987 406 0
1991 408 0
1992 409 0
1993 410 0
1995 413 0
1996 414 0
1997 416 0
1969 396 0
1998 417 0
1999 417 0
2000 418 0
2013 0 0
2015 0 0
2032 0 0
2001 421 0
2002 422 0
2003 423 0
2004 423 0
2006 426 0
2005 424 0
2007 427 0
1981 0 0
2024 0 0
2025 0 0
1980 402 0
2035 0 0
1975 0 0
2009 427 0
1970 396 0
1994 0 0
2036 0 0
2011 429 0
2037 0 0
2022 438 0
2030 453 0
1978 401 0
1979 401 0
2023 0 0
1982 0 0
2031 461 0
1983 0 0
2039 466 0
2040 468 0
2041 472 0
2008 427 0
2027 442 0
2042 476 0
2019 435 0
2028 445 0
2018 433 0
2045 499 0
2021 436 0
2043 494 0
2016 432 0
2044 496 0
2033 462 0
2026 438 0
2012 432 0
2049 507 0
2029 450 0
2014 0 0
2050 510 0
2052 513 0
2038 463 0
2046 502 0
2010 428 0
2054 519 0
2034 462 0
2017 432 0
2053 518 0
2047 505 0
2020 435 0
2048 507 0
2055 522 0
2056 523 0
2051 511 0
1957 0 0
1828 0 0
1676 0 0
1662 0 0
1955 0 0
2101 0 0
2102 0 0
2104 0 0
2105 0 0
2103 166 0
2110 0 0
1663 0 0
1691 0 0
1830 0 0
1827 0 0
1826 0 0
1829 0 0
1695 0 0
2059 0 0
2109 0 0
2070 0 0
2071 0 0
2072 0 0
1670 0 0
2057 0 0
2073 0 0
2074 0 0
2075 0 0
2060 0 0
2076 0 0
2061 0 0
2077 0 0
2062 0 0
2078 0 0
2079 0 0
2080 0 0
2081 0 0
2082 0 0
2083 0 0
2084 0 0
2085 0 0
2063 0 0
2086 0 0
2064 0 0
2065 0 0
2066 0 0
1696 0 0
2067 0 0
2087 3568 0
1667 0 0
2088 4664 0
2068 0 0
2089 4964 0
2090 5015 0
1685 0 0
1822 0 0
2091 5386 0
2092 5956 0
2093 6417 0
1946 0 0
2094 6473 0
2095 6479 0
2096 6495 0
2097 6529 0
2069 0 0
1954 0 0
2098 0 0
2112 0 0
2108 0 0
2106 0 0
1656 0 0
1658 0 0
1690 0 0
2111 0 0
1665 0 0
2107 0 0
1659 0 0
2058 0 0
1657 1417 0
1682 0 0
1947 0 0
1668 0 0
2099 0 0
2100 0 0
