522 0 0 279
521 1 0 324
523 0 0 227
531 1 0 66
532 1 0 304
534 0 0 284
533 1 0 297
537 1 0 292
545 1 0 316
542 1 0 765
547 1 0 306
551 1 0 67
552 1 0 327
527 4 0 1328
558 1 0 752
560 1 0 309
561 0 0 303
562 0 0 210
563 0 0 213
564 0 0 211
565 0 0 262
528 4 0 1330
530 5 0 1308
572 1 0 314
576 1 0 67
535 5 0 1333
540 4 0 1294
575 1 0 317
541 4 0 1372
579 1 0 281
581 1 0 265
580 0 0 286
583 1 0 324
588 1 0 296
590 1 0 325
586 1 0 743
592 1 0 360
553 2 0 1328
518 1 0 5839
594 1 0 305
554 2 0 1364
598 1 0 295
520 1 0 5780
555 3 0 635
602 1 0 262
557 3 0 663
603 0 0 194
604 0 0 202
605 1 0 286
519 1 0 6374
609 1 0 273
610 0 0 176
556 3 0 1328
613 0 0 239
612 1 0 267
543 2 0 3900
620 0 0 217
619 1 0 252
559 4 0 1358
623 1 0 67
622 1 0 270
625 0 0 225
546 2 0 3738
624 1 0 248
626 1 0 280
566 2 0 1982
628 1 0 756
567 2 0 1972
571 2 0 699
568 3 0 1910
629 1 0 705
569 3 0 1939
570 3 0 1929
574 4 0 1281
577 5 0 1258
578 4 0 1379
584 4 0 1274
585 5 0 1309
631 1 0 66
589 5 0 1281
593 5 0 1311
599 5 0 1282
600 6 0 663
601 6 0 566
634 1 0 67
606 8 0 1072
607 7 0 605
595 1 0 5754
608 8 0 584
596 1 0 5743
597 2 0 5749
611 8 0 1320
614 8 0 1215
615 8 0 1241
616 9 0 1210
649 1 0 514
627 8 0 1265
617 9 0 1310
653 1 0 143
671 1 0 83
672 1 0 68
673 1 0 79
526 21 0 1285
670 0 0 1743
691 0 0 990
692 0 0 1720
694 1 0 1740
696 1 0 2192
706 18 0 84
707 17 0 30
708 15 0 46
711 17 0 98
712 15 0 54
713 12 0 87
695 1 0 2612
698 0 0 2671
718 24 0 83
719 25 0 19
720 25 0 19
721 25 0 19
714 7 0 223
697 1 0 2855
722 20 0 44
723 19 0 47
690 1 0 2884
724 17 0 61
715 6 0 337
725 13 0 98
636 1 0 7679
726 13 0 105
731 27 0 84
732 27 0 72
693 0 0 3043
727 13 0 171
733 28 0 84
734 28 0 74
728 7 0 247
735 27 0 93
736 27 0 31
737 27 0 31
738 25 0 40
739 25 0 40
709 9 0 304
705 6 0 432
740 19 0 75
741 19 0 84
745 35 0 84
746 32 0 28
747 31 0 30
748 27 0 45
749 26 0 51
544 21 0 1289
750 26 0 53
730 3 0 932
710 5 0 451
716 7 0 424
751 26 0 57
753 26 0 61
752 26 0 123
754 21 0 93
755 18 0 123
759 12 0 305
762 44 0 84
760 11 0 333
763 44 0 20
729 6 0 622
717 5 0 638
765 31 0 56
764 32 0 119
766 32 0 56
767 31 0 61
768 30 0 65
742 9 0 441
770 12 0 333
771 12 0 351
743 7 0 577
772 10 0 322
773 9 0 352
756 17 0 273
757 17 0 151
700 1 0 5251
774 9 0 377
758 15 0 187
775 7 0 545
761 11 0 470
782 10 0 532
769 17 0 319
783 10 0 20
784 10 0 20
785 10 0 27
786 10 0 33
787 10 0 53
548 11 0 2568
744 3 0 1453
788 10 0 59
789 10 0 60
652 1 0 9604
790 10 0 63
791 10 0 70
792 10 0 74
776 9 0 683
777 8 0 707
793 7 0 300
778 8 0 614
779 8 0 755
794 8 0 312
803 100 0 66
651 1 0 10499
805 37 0 167
780 8 0 722
811 37 0 131
550 23 0 1282
573 20 0 1284
795 8 0 838
796 7 0 974
797 9 0 739
781 5 0 1154
798 9 0 821
704 1 0 6527
799 8 0 873
800 8 0 877
801 8 0 917
802 7 0 1039
657 1 0 10752
809 8 0 787
702 1 0 8792
524 3 0 11045
813 8 0 801
536 3 0 10022
529 3 0 10600
646 1 0 15786
539 3 0 9686
525 3 0 11656
582 9 0 3016
660 2 0 4686
538 3 0 10596
621 21 0 1284
630 18 0 1284
635 1 0 900
633 15 0 1282
637 14 0 900
647 0 0 17609
640 12 0 900
642 0 0 18347
703 1 0 11279
650 12 0 1374
643 0 0 19033
655 12 0 1283
656 12 0 1305
648 7 0 2563
641 1 0 20051
644 0 0 20016
668 12 0 1285
618 5 0 5384
654 4 0 4037
807 10 0 1379
810 10 0 1282
812 10 0 1332
808 7 0 1976
701 1 0 16369
658 4 0 4440
664 3 0 7060
665 3 0 7095
663 2 0 7372
666 2 0 7336
667 2 0 8031
814 2 0 8650
662 2 0 11303
815 2 0 8883
645 2 0 13250
816 2 0 9112
661 2 0 12546
817 2 0 9633
818 2 0 9646
819 2 0 9749
820 2 0 9863
821 2 0 10323
587 2 0 19414
822 2 0 11063
549 2 0 22248
823 2 0 13347
824 2 0 13462
825 2 0 13480
826 2 0 13506
827 2 0 13564
828 2 0 13622
829 2 0 13730
830 2 0 13831
831 2 0 14010
832 2 0 14034
833 2 0 14080
834 2 0 14093
835 2 0 14133
836 2 0 14169
837 2 0 14243
838 2 0 14275
839 2 0 14421
840 2 0 14502
841 2 0 14738
842 2 0 15004
855 2 0 11074
843 2 0 15045
852 2 0 11803
853 2 0 11890
844 2 0 15096
845 2 0 15130
854 2 0 12182
860 2 0 11628
846 2 0 15165
856 2 0 12437
857 2 0 12469
847 2 0 15184
848 2 0 15250
862 2 0 11767
858 2 0 12850
863 2 0 11828
859 2 0 12880
864 2 0 11869
849 2 0 15256
865 2 0 11958
850 2 0 14016
861 2 0 12941
867 2 0 12154
851 2 0 15349
871 2 0 12270
866 2 0 13320
868 2 0 13435
869 2 0 13463
870 2 0 13537
872 2 0 13644
873 2 0 13674
874 2 0 12404
875 2 0 12424
878 2 0 12651
880 2 0 12709
881 2 0 12749
882 2 0 12763
883 2 0 12814
876 2 0 13804
877 2 0 13809
879 2 0 13951
884 2 0 12995
899 4 0 8458
885 2 0 12996
886 2 0 13064
900 4 0 8966
887 2 0 13065
901 3 0 9683
902 3 0 9701
888 3 0 13084
903 3 0 9784
904 3 0 9853
889 3 0 13113
890 3 0 13125
891 3 0 13156
906 3 0 10685
908 3 0 10810
905 4 0 11199
909 3 0 10831
892 3 0 13457
910 3 0 10952
893 3 0 13585
669 1 0 49495
911 3 0 11027
912 3 0 11072
894 3 0 13669
913 3 0 11073
914 3 0 11116
915 3 0 11136
907 3 0 12090
895 3 0 13674
916 3 0 11205
896 3 0 13771
897 3 0 13795
917 3 0 11517
898 3 0 13865
918 3 0 11589
699 1 0 35443
919 3 0 11638
920 3 0 11877
922 3 0 11983
926 3 0 12144
927 3 0 12179
928 3 0 12200
921 3 0 13217
923 3 0 13275
924 3 0 13310
925 3 0 13396
929 3 0 12454
930 3 0 12486
931 3 0 12595
932 3 0 12660
953 5 0 8037
934 3 0 13010
947 4 0 10270
948 4 0 10302
935 3 0 13313
949 4 0 10432
936 3 0 13361
933 3 0 14208
950 4 0 10447
937 3 0 13832
951 4 0 10547
938 3 0 14015
952 4 0 10809
976 6 0 7675
977 5 0 7872
939 3 0 14345
632 1 0 47047
954 4 0 11128
940 3 0 14389
955 4 0 11244
956 4 0 11247
978 5 0 8505
957 4 0 11343
979 5 0 8649
941 3 0 15125
981 5 0 9092
958 4 0 12099
942 3 0 15315
804 1 0 44825
982 5 0 9161
943 3 0 15641
959 4 0 12419
960 4 0 12460
983 5 0 9582
944 3 0 16349
961 4 0 12767
945 3 0 16434
980 5 0 11215
962 4 0 13176
963 4 0 13273
964 4 0 13350
946 3 0 16882
965 4 0 13425
985 5 0 9937
986 5 0 10091
995 6 0 7697
987 5 0 10327
984 4 0 10678
988 5 0 10416
989 5 0 10474
997 6 0 8423
990 5 0 10539
991 5 0 10709
998 6 0 8753
996 6 0 9410
966 3 0 15515
1001 6 0 8796
967 3 0 15977
999 5 0 9570
968 3 0 16366
1005 6 0 8344
969 3 0 16505
1000 5 0 9631
970 3 0 16512
971 3 0 16598
1002 5 0 9749
1003 5 0 9781
972 3 0 16810
1004 5 0 9807
973 3 0 17077
974 3 0 17227
1006 5 0 9827
975 3 0 17364
1007 5 0 9861
1008 5 0 9882
1009 5 0 9902
1010 5 0 9913
992 4 0 14279
1011 5 0 9984
1013 5 0 10162
1014 5 0 10412
1015 5 0 10467
1016 5 0 10480
993 4 0 14829
994 4 0 14864
1017 5 0 10567
1018 5 0 10608
1012 5 0 11377
1019 5 0 10621
1021 5 0 10701
1022 5 0 10786
1023 5 0 11014
1024 5 0 11052
1026 5 0 10852
1020 5 0 11917
1042 6 0 8403
1028 5 0 10943
674 1 0 57245
1051 7 0 7432
1027 5 0 11739
1053 7 0 7513
1043 6 0 9737
1029 5 0 11625
1055 7 0 7437
1025 5 0 12696
1030 5 0 11950
1031 5 0 11951
1044 6 0 10198
1046 6 0 9939
1032 5 0 11999
1045 6 0 10208
1034 5 0 12195
1056 7 0 8419
1057 7 0 8588
1035 5 0 12566
1058 7 0 8680
1047 5 0 10938
1033 5 0 13444
1059 6 0 9062
1061 6 0 9084
1048 5 0 11149
1036 4 0 13241
1037 4 0 13267
1064 7 0 8971
1049 5 0 11295
1060 6 0 9524
1052 5 0 10941
1050 5 0 11335
1063 6 0 9530
1065 6 0 9329
1038 4 0 13678
1054 5 0 10852
1062 6 0 10152
1066 6 0 9753
1067 6 0 9866
1068 6 0 10019
1069 6 0 10332
1039 4 0 15416
659 1 0 64085
1090 8 0 7017
1070 6 0 10523
1071 6 0 10424
1040 4 0 15547
1091 8 0 7037
1072 6 0 10695
1092 8 0 7272
1041 4 0 15829
1073 6 0 10900
1074 6 0 10993
1075 6 0 11109
1076 6 0 11111
1077 6 0 11117
1093 7 0 8784
1078 6 0 11450
1094 7 0 8826
1079 5 0 11701
1097 7 0 8777
1098 7 0 8779
1080 5 0 11993
1109 8 0 7423
1099 7 0 8790
1096 7 0 9524
1081 5 0 12374
1082 5 0 12399
1083 5 0 12374
1095 7 0 10247
1084 5 0 12377
1115 9 0 7445
1101 7 0 9628
1100 7 0 9841
1085 5 0 12980
1118 8 0 7556
1105 7 0 9480
1108 7 0 9402
1086 5 0 13247
1103 7 0 9806
1102 6 0 10115
1135 10 0 6130
1104 6 0 10126
1087 5 0 13249
1106 6 0 10371
1107 6 0 10376
1088 5 0 13250
1136 10 0 6235
1137 10 0 6259
1089 5 0 13203
1114 7 0 9657
1128 8 0 8448
1127 8 0 8646
1110 6 0 10452
1111 6 0 10498
1112 6 0 10588
1122 7 0 9781
1113 6 0 10792
1125 7 0 10377
1126 7 0 10504
1116 6 0 11406
1119 6 0 11246
1146 8 0 8117
1121 6 0 11333
1130 6 0 10582
1129 6 0 10768
1120 6 0 11608
1134 7 0 10176
1141 8 0 8818
1147 8 0 8220
806 1 0 71591
1123 6 0 11592
1131 6 0 10640
1124 6 0 11605
1132 6 0 10649
1148 8 0 8279
1140 7 0 9460
1133 7 0 10976
1138 8 0 9869
1142 7 0 9618
1139 7 0 9711
1117 6 0 12726
1145 7 0 9560
1143 7 0 10002
1144 7 0 9756
1149 7 0 9954
1150 7 0 10043
1151 7 0 10576
1152 7 0 10707
1158 7 0 9863
1155 7 0 10336
1182 10 0 7177
1183 10 0 7218
1156 7 0 10383
1184 10 0 7347
1154 7 0 10887
1153 7 0 11170
1185 10 0 7422
1189 9 0 7596
1164 7 0 10391
1157 6 0 11478
1187 9 0 8138
1186 9 0 8474
1165 7 0 10775
1188 9 0 8510
1193 9 0 7773
1161 6 0 11605
1171 7 0 10643
1190 9 0 8647
1163 6 0 11634
1192 9 0 8330
1191 9 0 8658
1166 6 0 11772
1159 6 0 12840
1197 10 0 7705
1169 7 0 11538
1167 6 0 11848
1160 6 0 12848
1168 6 0 11868
1176 7 0 11355
1162 6 0 12942
1196 9 0 8090
1172 7 0 11650
1170 6 0 11885
1173 7 0 11669
1177 7 0 11559
1202 9 0 8001
1195 9 0 8517
1194 9 0 8816
1198 9 0 8194
1199 9 0 8307
1200 9 0 8310
1203 9 0 8338
1204 9 0 8351
1201 9 0 8648
1205 9 0 8837
1209 9 0 8844
1210 9 0 8868
1174 6 0 13116
1175 6 0 13276
1178 6 0 13231
1208 8 0 9615
1207 8 0 9751
1179 6 0 13338
1180 6 0 13435
1211 8 0 9861
1214 8 0 9681
1229 12 0 6175
1212 8 0 9938
1215 8 0 9772
1216 8 0 9805
1213 8 0 9965
1217 8 0 9834
1181 6 0 13732
1230 12 0 6272
1206 8 0 10671
1231 11 0 6602
1218 8 0 10015
1219 8 0 10020
1381 170 0 557
1232 9 0 8756
1233 9 0 9141
1384 48 0 1988
1382 37 0 2579
1387 261 0 370
1388 229 0 388
1389 214 0 325
1390 213 0 328
1234 9 0 9449
1391 211 0 332
1235 9 0 9528
1392 210 0 336
1383 30 0 3196
1393 209 0 466
1394 209 0 467
1395 207 0 344
1236 8 0 9721
1396 206 0 345
1237 8 0 9764
1397 196 0 371
1398 194 0 376
1399 193 0 379
1400 192 0 382
1401 191 0 384
1402 191 0 385
1403 189 0 388
1404 188 0 391
1405 187 0 395
1406 186 0 398
1238 8 0 9771
1407 185 0 400
1408 185 0 402
1409 184 0 405
1239 8 0 9800
1410 180 0 418
1411 179 0 420
1412 177 0 428
1413 173 0 438
1422 222 0 314
1414 168 0 456
1415 166 0 464
1416 165 0 466
1417 163 0 473
1418 161 0 482
1419 160 0 486
1420 159 0 491
1423 199 0 366
1240 8 0 9918
1421 157 0 499
1424 193 0 381
1241 8 0 9943
1437 624 0 158
1425 191 0 387
1426 185 0 405
1242 8 0 10072
1427 182 0 413
1428 181 0 417
1429 179 0 423
1441 423 0 232
1442 408 0 241
1430 176 0 432
1431 176 0 432
1432 176 0 433
1220 6 0 15062
1443 378 0 132
1433 171 0 450
1446 464 0 84
1447 429 0 101
1434 161 0 485
1453 523 0 60
1448 403 0 116
1444 293 0 207
1243 8 0 10094
1267 10 0 8440
1454 408 0 113
1455 407 0 114
1459 485 0 75
1449 292 0 209
1460 462 0 85
1445 229 0 301
1456 321 0 179
1457 320 0 180
1450 245 0 273
1466 417 0 108
1268 10 0 8518
1451 238 0 285
1435 119 0 703
1465 341 0 161
1472 488 0 74
1270 10 0 8362
1467 334 0 167
1461 438 0 225
1452 205 0 353
1436 117 0 715
1458 236 0 290
1473 404 0 116
1474 402 0 117
1478 533 0 57
1475 388 0 126
1462 350 0 282
1463 350 0 282
1464 350 0 282
1479 474 0 80
1476 377 0 134
1468 266 0 242
1480 429 0 102
1481 403 0 117
1477 331 0 170
1482 401 0 118
1271 10 0 8353
1483 343 0 160
1484 343 0 160
1469 214 0 333
1269 10 0 8601
1485 331 0 170
1495 395 0 122
1486 291 0 212
1487 290 0 213
1491 294 0 208
1496 361 0 146
1488 287 0 216
1497 332 0 170
1500 396 0 122
1506 553 0 51
1507 523 0 61
1501 369 0 140
1470 166 0 467
1508 485 0 76
1246 8 0 10485
1502 368 0 141
1509 485 0 76
1471 158 0 499
1512 527 0 60
1503 332 0 170
1249 8 0 10267
1513 485 0 76
1498 258 0 256
1510 409 0 114
1514 483 0 77
1493 201 0 365
1247 8 0 10500
1515 481 0 78
1518 505 0 68
1511 371 0 139
1504 289 0 214
1245 8 0 10622
1519 490 0 74
1523 573 0 45
1494 190 0 394
1489 174 0 442
1524 548 0 53
1516 409 0 114
1520 481 0 78
1490 170 0 453
1517 396 0 122
1525 519 0 63
1492 173 0 444
1272 10 0 8412
1526 503 0 69
1521 413 0 112
1533 551 0 52
1534 551 0 52
1522 393 0 124
1527 461 0 87
1248 8 0 10543
1535 522 0 62
1539 567 0 47
1536 496 0 72
1529 441 0 97
1528 405 0 117
1530 420 0 108
1531 406 0 116
1499 176 0 436
1540 403 0 118
1532 287 0 218
1505 171 0 451
1273 10 0 8435
1221 6 0 15284
1274 10 0 8522
1537 158 0 500
1538 158 0 501
1541 212 0 469
1250 8 0 10669
1222 6 0 15377
1251 8 0 10727
1542 130 0 760
1275 9 0 8901
1252 8 0 10863
1543 117 0 825
1547 112 0 834
1550 112 0 729
1544 112 0 885
1545 112 0 878
1546 112 0 873
1548 112 0 851
1552 112 0 454
1553 112 0 447
1554 112 0 430
1555 112 0 430
1556 112 0 430
1557 111 0 436
1558 111 0 438
1559 110 0 446
1549 112 0 886
1253 8 0 10960
1254 8 0 10961
1244 8 0 11756
1551 112 0 886
1560 110 0 394
1561 110 0 396
1562 110 0 396
1563 109 0 398
1564 109 0 400
1276 9 0 9234
1565 108 0 407
1566 108 0 410
1567 108 0 411
1568 108 0 414
1569 107 0 417
1570 107 0 418
1571 107 0 420
1572 107 0 420
1573 106 0 424
1574 106 0 425
1575 106 0 431
1576 106 0 432
1577 106 0 433
1594 460 0 217
1578 105 0 437
1595 459 0 218
1579 104 0 450
1591 113 0 373
1580 104 0 451
1596 380 0 263
1581 103 0 462
1278 9 0 9206
1597 412 0 179
1582 102 0 467
1583 102 0 470
1584 102 0 472
1585 100 0 487
1586 100 0 493
1598 385 0 196
1587 99 0 501
1588 99 0 501
1592 196 0 512
1258 7 0 11571
1277 9 0 9445
1604 536 0 123
1259 7 0 11627
1608 580 0 109
1609 580 0 109
1605 514 0 131
1610 580 0 109
1606 434 0 167
1601 324 0 246
1255 7 0 11916
1599 270 0 307
1611 580 0 109
1602 320 0 249
1589 82 0 715
1612 580 0 109
1613 580 0 109
1614 577 0 110
1590 81 0 723
1600 259 0 324
1615 580 0 109
1603 277 0 298
1616 581 0 109
1617 581 0 109
1607 282 0 292
1618 581 0 109
1619 577 0 110
1620 578 0 110
1280 9 0 9336
1621 578 0 110
1622 581 0 109
1623 581 0 109
1624 578 0 110
1625 588 0 107
1626 581 0 109
1627 581 0 109
1628 578 0 110
1629 588 0 107
1630 588 0 107
1631 588 0 107
1632 588 0 107
1633 581 0 109
1634 581 0 109
1279 9 0 9625
1635 585 0 108
1636 585 0 108
1637 582 0 109
1256 7 0 12060
1638 535 0 124
1260 7 0 11961
1284 9 0 9068
1647 572 0 112
1648 553 0 118
1281 9 0 9375
1257 7 0 12113
1651 504 0 136
1652 475 0 148
1649 406 0 184
1639 283 0 292
1283 9 0 9297
1286 9 0 9149
1640 281 0 294
1654 551 0 119
1642 282 0 293
1641 271 0 308
1643 281 0 294
1644 283 0 292
1265 7 0 11894
1645 282 0 293
1653 444 0 163
1646 280 0 296
1261 7 0 12102
1650 283 0 292
1655 456 0 157
1657 577 0 111
1658 577 0 111
1282 9 0 9515
1660 577 0 111
1661 577 0 111
1662 577 0 111
1663 577 0 111
1664 577 0 111
1665 577 0 111
1666 577 0 111
1659 445 0 163
1667 577 0 111
1289 9 0 9279
1668 574 0 112
1285 9 0 9416
1669 574 0 112
1670 574 0 112
1656 331 0 241
1671 574 0 112
1290 9 0 9282
1672 574 0 112
1673 574 0 112
1674 574 0 112
1262 7 0 12143
1682 591 0 109
1676 574 0 176
1677 574 0 163
1678 574 0 152
1685 547 0 121
1683 524 0 129
1679 575 0 176
1263 7 0 12200
1264 7 0 12204
1684 477 0 148
1686 468 0 152
1680 508 0 199
1688 501 0 138
1681 397 0 217
1689 468 0 152
1687 438 0 167
1694 562 0 116
1691 509 0 135
1266 7 0 12269
1440 24 0 4109
1695 539 0 124
1698 582 0 110
1696 504 0 137
1690 415 0 180
1699 487 0 144
1692 391 0 195
1693 382 0 201
1700 478 0 148
1697 410 0 183
1701 467 0 153
1702 437 0 168
1703 426 0 174
1711 560 0 117
1705 402 0 188
1712 520 0 131
1706 384 0 200
1707 367 0 212
1717 557 0 118
1713 414 0 181
1287 9 0 9820
1708 339 0 235
1718 505 0 137
1714 401 0 189
1709 276 0 303
1723 564 0 116
1719 434 0 170
1223 5 0 17267
1724 561 0 117
1715 299 0 275
1704 235 0 368
1720 418 0 179
1721 410 0 184
1725 518 0 132
1726 501 0 139
1710 235 0 368
1727 484 0 146
1716 262 0 324
1729 598 0 106
1593 63 0 1610
1722 341 0 234
1730 571 0 114
1731 565 0 116
1732 562 0 117
1735 609 0 103
1733 559 0 118
1734 547 0 122
1736 578 0 112
1737 568 0 115
1728 346 0 230
1738 568 0 115
1739 565 0 116
1741 559 0 118
1292 9 0 9979
1747 476 0 150
1740 419 0 179
1438 22 0 4679
1742 452 0 161
1748 469 0 153
1751 519 0 132
1752 509 0 136
1745 545 0 187
1753 487 0 145
1288 9 0 10199
1749 428 0 174
1746 517 0 197
1757 539 0 125
1754 478 0 149
1750 426 0 175
1743 432 0 236
1755 396 0 193
1744 408 0 250
1758 406 0 187
1763 525 0 130
1756 348 0 229
1759 392 0 196
1782 593 0 108
1764 420 0 179
1765 411 0 184
1766 395 0 194
1783 526 0 130
1775 395 0 194
1291 9 0 10292
1784 505 0 138
1760 329 0 246
1776 374 0 209
1761 328 0 247
1788 583 0 111
1769 325 0 250
1770 323 0 252
1785 464 0 156
1767 310 0 265
1789 537 0 126
1762 302 0 274
1777 338 0 238
1768 283 0 297
1771 278 0 303
1778 313 0 262
1779 312 0 263
1772 277 0 304
1780 309 0 266
1786 402 0 190
1781 309 0 266
1790 466 0 155
1773 274 0 309
1224 5 0 17251
1787 371 0 211
1800 612 0 103
1293 9 0 10035
1801 608 0 104
1802 608 0 104
1791 391 0 197
1806 612 0 103
1807 612 0 103
1774 236 0 368
1808 612 0 103
1794 402 0 190
1809 612 0 103
1810 612 0 103
1811 612 0 103
1812 620 0 101
1813 620 0 101
1814 620 0 101
1815 616 0 102
1816 616 0 102
1817 612 0 103
1795 373 0 210
1818 616 0 102
1294 9 0 10082
1792 303 0 273
1796 351 0 227
1819 588 0 110
1820 565 0 117
1793 295 0 282
1821 541 0 125
1803 339 0 238
1823 559 0 119
1824 556 0 120
1825 530 0 129
1822 514 0 135
1829 578 0 113
1830 578 0 113
1826 525 0 131
1835 572 0 115
1827 514 0 135
1831 519 0 133
1836 550 0 122
1828 492 0 144
1804 289 0 290
1841 648 0 94
1832 463 0 157
1833 457 0 160
1797 258 0 333
1798 257 0 334
1799 257 0 334
1834 439 0 169
1837 463 0 157
1847 610 0 104
1805 258 0 333
1848 610 0 104
1853 610 0 104
1854 610 0 104
1855 610 0 104
1856 610 0 104
1838 376 0 208
1295 9 0 10119
1849 500 0 141
1842 416 0 182
1857 610 0 104
1858 610 0 104
1859 610 0 104
1860 610 0 104
1861 610 0 104
1862 610 0 104
1863 606 0 105
1864 606 0 105
1865 610 0 104
1866 606 0 105
1839 338 0 239
1850 423 0 178
1840 297 0 281
1843 311 0 266
1844 307 0 270
1845 290 0 289
1846 288 0 292
1851 311 0 266
1867 405 0 189
1871 462 0 158
1883 564 0 118
1852 307 0 270
1226 5 0 17438
1868 373 0 211
1877 454 0 162
1884 521 0 133
1878 426 0 177
1872 399 0 193
1879 402 0 191
1869 335 0 242
1885 442 0 168
1873 380 0 206
1889 567 0 117
1895 778 0 68
1874 374 0 210
1896 744 0 74
1880 379 0 207
1901 766 0 70
1897 654 0 93
1886 376 0 209
1902 755 0 72
1890 439 0 170
1903 729 0 77
1875 305 0 272
1887 350 0 229
1907 755 0 72
1908 755 0 72
1909 755 0 72
1876 298 0 280
1904 694 0 84
1910 745 0 74
1891 411 0 186
1905 690 0 85
1906 672 0 89
1911 739 0 75
1898 482 0 149
1913 756 0 72
1912 681 0 87
1914 745 0 74
1870 257 0 335
1888 303 0 275
1915 724 0 78
1916 695 0 84
1917 690 0 85
1881 258 0 334
1925 734 0 76
1882 255 0 338
1919 651 0 94
1926 676 0 88
1920 627 0 100
1927 668 0 90
1892 327 0 250
1928 655 0 93
1899 351 0 229
1921 565 0 118
1929 612 0 104
1893 318 0 259
1900 347 0 232
1894 309 0 269
1930 575 0 115
1922 502 0 141
1932 565 0 118
1938 672 0 89
1944 792 0 66
1923 443 0 168
1939 620 0 102
1933 512 0 137
1934 488 0 147
1940 605 0 106
1941 602 0 107
1945 647 0 95
1942 569 0 117
1946 598 0 108
1924 378 0 208
1947 578 0 114
1931 385 0 203
1950 595 0 109
1935 408 0 188
1948 531 0 130
1936 388 0 201
1962 746 0 74
1943 455 0 162
1951 490 0 146
1956 536 0 128
1949 458 0 161
1952 456 0 162
1963 563 0 119
1968 624 0 101
1973 678 0 88
1953 389 0 201
1964 518 0 135
1918 259 0 334
1957 429 0 176
1974 644 0 96
1937 293 0 288
1958 376 0 210
1975 542 0 126
1954 334 0 244
1980 579 0 114
1969 428 0 177
1970 426 0 178
1981 567 0 118
1976 466 0 157
1965 351 0 230
1982 557 0 121
1959 313 0 265
1986 583 0 113
1966 336 0 243
1977 414 0 185
1971 360 0 222
1983 503 0 141
1987 521 0 134
1978 401 0 193
1984 501 0 142
1992 661 0 92
1955 260 0 333
1988 482 0 150
1979 372 0 213
1995 653 0 94
1996 633 0 99
1998 670 0 90
1967 291 0 290
1439 17 0 6015
1960 260 0 333
1961 260 0 333
1972 298 0 282
1993 521 0 134
1999 662 0 92
1985 395 0 197
1997 546 0 125
2000 622 0 102
2001 622 0 102
2004 633 0 99
2002 593 0 110
2005 633 0 99
2006 630 0 100
2003 577 0 115
2007 630 0 100
2008 630 0 100
2009 626 0 101
1989 342 0 238
2010 618 0 103
2011 615 0 104
2012 615 0 104
1994 402 0 193
1990 328 0 251
2013 615 0 104
2014 604 0 107
2016 630 0 100
2028 650 0 95
2015 590 0 111
2017 604 0 107
2029 626 0 101
2030 619 0 103
2031 619 0 103
2033 650 0 95
2032 619 0 103
2034 650 0 95
2035 650 0 95
2036 650 0 95
1991 305 0 275
2037 619 0 103
2039 650 0 95
2038 619 0 103
2040 634 0 99
2041 604 0 107
2022 654 0 158
2027 654 0 158
2023 646 0 160
2042 601 0 108
2043 601 0 108
2045 638 0 98
2046 619 0 103
2024 608 0 170
2044 597 0 109
2018 594 0 174
2047 619 0 103
2019 591 0 175
2025 568 0 182
2048 619 0 103
2020 562 0 184
2026 562 0 184
2051 642 0 97
2049 612 0 105
2052 638 0 98
2021 541 0 191
2050 605 0 107
2053 630 0 100
2054 630 0 100
2055 630 0 100
2056 630 0 100
2057 638 0 98
2058 638 0 98
2059 638 0 98
2060 619 0 103
2061 616 0 104
2062 634 0 99
2063 619 0 103
2064 619 0 103
2065 619 0 103
2066 619 0 103
2067 616 0 104
2069 623 0 102
2068 616 0 104
2070 619 0 103
2071 619 0 103
2072 619 0 103
2073 619 0 103
2074 620 0 103
2075 623 0 102
2076 623 0 102
2077 620 0 103
2080 639 0 98
2081 639 0 98
2078 620 0 103
2079 620 0 103
2082 639 0 98
2083 639 0 98
2084 639 0 98
2086 627 0 101
2087 627 0 101
2085 620 0 103
2088 627 0 101
2089 627 0 101
2090 623 0 102
2092 595 0 110
2093 585 0 113
2091 542 0 127
2094 542 0 127
2100 743 0 139
2112 743 0 80
2106 737 0 107
2099 732 0 141
2101 727 0 134
2113 727 0 83
2116 732 0 77
2103 717 0 134
2111 717 0 92
2117 717 0 80
2115 743 0 84
2102 738 0 140
2118 727 0 78
2120 765 0 71
2107 679 0 118
2105 658 0 139
2108 658 0 120
2104 732 0 141
2121 737 0 76
2119 707 0 82
2114 712 0 103
2110 622 0 123
2109 626 0 133
2122 707 0 82
2123 712 0 81
2124 727 0 78
2125 727 0 78
2096 485 0 213
2139 777 0 121
2134 760 0 131
2142 749 0 120
2132 743 0 136
2133 743 0 136
2140 743 0 127
2151 743 0 94
2128 738 0 140
2129 738 0 139
2131 738 0 137
2135 738 0 135
2136 738 0 133
2144 738 0 121
2152 733 0 90
2130 728 0 140
2138 777 0 132
2143 722 0 125
2150 717 0 104
2127 713 0 145
2146 698 0 127
2154 722 0 79
2137 743 0 139
2148 693 0 122
2141 671 0 141
2153 712 0 94
2149 708 0 120
2145 728 0 142
2147 703 0 143
2155 733 0 77
2166 765 0 71
2156 728 0 78
2157 738 0 76
2162 743 0 75
2158 733 0 77
2159 733 0 77
2164 738 0 76
2168 743 0 75
2161 728 0 78
2171 749 0 74
2167 728 0 78
2169 738 0 76
2170 738 0 76
2172 743 0 75
2160 713 0 81
2163 718 0 80
2165 718 0 80
2174 754 0 73
2173 723 0 79
2177 733 0 77
2176 728 0 78
2175 713 0 81
2179 733 0 77
2180 738 0 76
2178 708 0 82
2181 718 0 80
2182 733 0 77
1225 5 0 18752
2183 728 0 78
2184 728 0 78
2185 744 0 75
2187 738 0 76
2188 738 0 76
2186 718 0 80
2189 728 0 78
2190 718 0 80
2192 708 0 82
2194 703 0 83
2193 650 0 95
2199 658 0 93
2196 630 0 100
2197 630 0 100
2191 612 0 105
2195 619 0 103
2198 578 0 115
2203 525 0 133
2204 525 0 133
1227 5 0 18765
2205 522 0 134
2200 488 0 148
2201 488 0 148
2202 495 0 145
2207 525 0 197
2219 531 0 132
2212 525 0 144
2208 517 0 200
2216 517 0 142
2214 510 0 148
2209 520 0 199
2210 512 0 200
2220 479 0 152
2217 548 0 183
2213 520 0 198
2215 512 0 198
2225 578 0 171
2211 505 0 205
2224 572 0 175
2218 481 0 207
2228 536 0 147
2231 536 0 138
2222 523 0 198
2226 523 0 190
2229 539 0 151
1228 5 0 18860
2223 523 0 198
2232 536 0 159
2230 534 0 166
2233 534 0 160
2227 523 0 198
1296 9 0 9753
2234 518 0 136
2235 518 0 136
2236 518 0 136
2238 523 0 134
2237 518 0 136
2239 523 0 134
2240 523 0 198
2251 570 0 182
2254 566 0 178
2255 566 0 178
2253 570 0 182
2252 551 0 188
2256 554 0 181
2261 529 0 142
2242 406 0 255
2259 557 0 185
2260 557 0 181
2258 554 0 186
2257 551 0 188
2262 532 0 156
2263 529 0 155
2264 529 0 154
2265 529 0 152
2266 529 0 151
2248 418 0 231
2249 418 0 222
2247 413 0 235
2246 411 0 237
2244 410 0 243
2245 410 0 240
2243 408 0 254
2268 538 0 129
2269 538 0 129
2270 535 0 130
2271 535 0 130
2272 535 0 130
2267 538 0 193
2273 524 0 134
2274 524 0 134
2275 524 0 134
2276 524 0 134
2277 524 0 134
2278 524 0 134
2279 524 0 134
2284 543 0 127
2285 543 0 127
2286 543 0 127
2280 535 0 130
2281 535 0 130
2282 535 0 130
2283 535 0 130
2287 532 0 131
2288 529 0 132
2289 529 0 132
2290 529 0 132
2291 529 0 132
2306 707 0 83
2305 670 0 91
2311 679 0 89
2292 530 0 132
2293 530 0 132
2294 530 0 132
2295 530 0 132
2316 666 0 92
2296 530 0 132
2304 611 0 106
2309 622 0 103
2310 622 0 103
2313 649 0 96
2308 611 0 106
2315 633 0 100
2297 530 0 132
2312 618 0 104
2298 530 0 132
2314 604 0 108
2299 535 0 130
2307 565 0 120
2300 533 0 131
2301 536 0 130
2302 535 0 130
2303 536 0 130
1308 12 0 7087
2317 626 0 102
2318 654 0 95
2320 646 0 97
2319 619 0 104
2325 671 0 91
2097 94 0 1103
2334 693 0 86
2331 679 0 89
2328 654 0 95
2326 642 0 98
2330 646 0 97
2329 630 0 101
2333 654 0 95
2332 650 0 96
2322 598 0 110
2323 612 0 106
1297 9 0 9811
2324 591 0 112
2321 571 0 118
2336 646 0 97
1310 12 0 6996
2327 591 0 112
2338 642 0 98
2340 654 0 95
2335 605 0 108
2337 612 0 106
2341 623 0 103
2339 608 0 107
2342 770 0 71
2345 698 0 85
2344 684 0 88
2343 619 0 104
1309 12 0 7212
2346 616 0 105
2347 612 0 106
1312 12 0 7011
1311 12 0 7421
2221 75 0 1395
675 1 0 96658
2206 70 0 1495
2357 128 0 815
2358 125 0 837
2241 72 0 1454
2359 120 0 871
2360 118 0 881
2348 118 0 886
2349 118 0 887
2361 118 0 881
2350 118 0 888
2095 50 0 2084
2362 118 0 882
2364 117 0 887
2363 117 0 890
2366 115 0 895
2365 116 0 902
2367 114 0 897
2369 114 0 898
2370 114 0 898
2371 114 0 901
2368 114 0 907
2373 113 0 898
2372 113 0 904
2374 112 0 902
2375 112 0 905
2351 110 0 946
2352 110 0 951
2353 110 0 951
2376 110 0 916
2354 110 0 952
2377 110 0 895
2378 110 0 872
2379 108 0 883
2380 108 0 876
2355 108 0 971
2381 107 0 873
2356 107 0 981
1322 13 0 6960
2382 107 0 882
2412 520 0 168
2417 477 0 159
2421 488 0 140
2416 471 0 162
2383 106 0 473
2407 467 0 201
1319 12 0 7465
2404 473 0 210
2414 482 0 182
2400 457 0 222
2405 455 0 211
2399 463 0 227
2401 449 0 224
2415 467 0 188
2406 463 0 217
2398 438 0 240
2384 106 0 474
2402 445 0 236
2408 445 0 216
2419 422 0 191
2403 409 0 252
2409 459 0 229
2418 453 0 207
2410 449 0 229
2411 445 0 231
2413 438 0 234
2420 409 0 222
2424 496 0 84
2422 463 0 99
2425 467 0 97
2423 444 0 109
2432 797 0 125
2428 683 0 153
2439 706 0 131
2440 692 0 134
2434 666 0 148
2427 653 0 161
2433 674 0 151
2429 658 0 160
2385 106 0 481
2430 649 0 162
2436 649 0 153
2431 623 0 163
2435 623 0 162
2437 605 0 158
2438 591 0 162
2386 105 0 486
2387 105 0 491
2388 104 0 499
2389 103 0 511
1313 11 0 8148
2390 93 0 619
2391 93 0 621
2392 93 0 622
2393 93 0 622
2394 92 0 626
2395 92 0 631
2396 90 0 656
2397 89 0 667
1315 11 0 8181
2444 193 0 545
1298 9 0 10713
591 1 0 103629
1316 11 0 8342
1317 11 0 8354
1314 11 0 8495
1299 9 0 10751
1324 11 0 7797
1318 11 0 8450
1325 11 0 7817
1327 12 0 7710
1323 11 0 8109
1320 11 0 8461
2488 186 0 568
2641 293 0 361
1328 12 0 7757
2643 1557 0 68
2445 106 0 997
1300 8 0 10911
2534 190 0 558
2505 185 0 572
1301 8 0 10993
1321 10 0 8915
1331 11 0 7955
2443 58 0 1843
2447 109 0 979
1302 8 0 11132
2446 106 0 999
2660 957 0 111
1330 11 0 8502
1675 77 0 1391
1326 10 0 8823
2250 80 0 1335
1386 70 0 1549
1303 8 0 11389
2449 91 0 1168
2448 83 0 1287
2450 91 0 1166
2126 60 0 1772
2441 61 0 1761
1329 10 0 9165
1385 51 0 2149
2454 93 0 1155
2455 93 0 1157
2456 93 0 1159
2457 92 0 1166
2458 92 0 1168
1332 10 0 9060
2667 1119 0 96
2666 927 0 116
2671 845 0 127
1356 12 0 7812
2459 77 0 1396
1357 12 0 7937
2467 94 0 1151
2468 95 0 1143
2469 94 0 1146
2678 960 0 112
2480 95 0 115
2677 928 0 116
1333 10 0 9504
2679 895 0 56
2481 94 0 127
2470 94 0 1149
2483 95 0 118
1358 12 0 8003
2482 94 0 128
1340 10 0 9213
1359 11 0 8069
1341 10 0 9379
1360 12 0 8073
1334 10 0 9950
1361 12 0 8086
1362 11 0 8092
1304 7 0 13350
2460 43 0 2529
2471 38 0 1821
1305 7 0 13401
2710 94 0 1142
1337 9 0 10412
1335 9 0 10675
2489 95 0 1151
2491 96 0 1145
1338 9 0 10419
1339 9 0 10423
1336 9 0 10724
2492 95 0 1154
1364 11 0 8657
2493 95 0 1150
2494 95 0 1151
1365 11 0 8668
1345 9 0 10530
1306 7 0 14002
2655 25 0 4250
2426 23 0 4710
1346 9 0 10683
2499 95 0 1165
2500 95 0 1158
1347 9 0 10843
2501 95 0 1156
1342 9 0 11131
1343 9 0 11239
2502 95 0 1158
2503 95 0 1164
2506 96 0 1156
1344 9 0 11372
2507 96 0 1157
2508 95 0 1160
2509 95 0 1163
2515 95 0 1169
2516 94 0 1179
1366 11 0 8719
2517 95 0 1175
1367 11 0 8827
2522 95 0 1167
2656 21 0 5180
2658 21 0 60
1368 11 0 8835
2523 95 0 1170
1369 11 0 8840
1363 9 0 10733
2524 96 0 1166
1307 6 0 15764
2525 95 0 1181
2526 94 0 1184
2504 30 0 2637
2535 95 0 1182
2536 94 0 1188
2537 98 0 1146
2495 29 0 3769
2538 98 0 1152
1370 10 0 9527
2541 98 0 1150
2542 98 0 1151
2543 98 0 1151
2544 98 0 1154
2545 98 0 1157
2546 97 0 1159
2461 17 0 6401
2527 34 0 2311
1371 10 0 9852
2472 16 0 5935
2547 98 0 1159
1348 7 0 14068
2741 26 0 4219
1372 9 0 10635
1349 7 0 14350
1374 10 0 10443
2676 18 0 6122
2098 12 0 8882
1373 9 0 10979
2484 18 0 6057
2490 18 0 6205
1375 9 0 10980
2518 23 0 4871
2657 22 0 5181
2485 12 0 8252
2711 13 0 8305
1377 8 0 12580
2473 10 0 9995
1376 8 0 13643
2496 13 0 9039
2682 28 0 4156
2510 13 0 8639
2737 405 0 288
1350 6 0 18893
2474 9 0 10953
2742 23 0 4922
1351 6 0 18985
1352 6 0 18949
2464 9 0 11947
2740 400 0 292
2451 9 0 13156
2511 13 0 9129
2475 9 0 11481
2462 9 0 12603
2452 8 0 13478
2463 9 0 12892
2466 8 0 13005
1353 5 0 20177
1354 5 0 20419
2465 8 0 13460
2442 7 0 15612
2453 8 0 14298
2478 9 0 12355
1355 5 0 20490
2486 9 0 11961
2528 12 0 9594
2752 1441 0 82
2487 9 0 12005
2759 1321 0 89
2760 988 0 55
2761 1569 0 11
2763 1781 0 66
2512 11 0 10918
2669 234 0 514
2670 234 0 2
2476 9 0 13057
2477 9 0 13151
2498 10 0 12020
2497 9 0 12240
2748 46 0 2583
2530 10 0 10541
2529 10 0 10583
2751 106 0 1116
1378 6 0 17048
2531 10 0 10692
2746 42 0 2789
2743 22 0 5143
2662 16 0 7200
1379 6 0 17396
2519 10 0 11872
2745 35 0 3430
2533 10 0 11114
2532 10 0 11148
2744 31 0 3808
2539 11 0 10831
2747 31 0 3793
2514 9 0 12729
2479 8 0 14561
2513 9 0 12848
2750 167 0 722
2520 9 0 12705
2762 345 0 348
2758 164 0 732
2548 10 0 10908
1380 6 0 18366
2540 10 0 11965
2521 9 0 13539
2749 33 0 3591
2549 6 0 19488
2562 6 0 19914
2642 4 0 28393
2681 9 0 13496
2550 5 0 22172
2564 5 0 22064
2552 5 0 23209
2563 6 0 22591
2551 5 0 23950
2565 5 0 23276
2683 48 0 2805
2661 5 0 25753
2553 5 0 24806
2554 5 0 25005
2566 5 0 24051
2567 5 0 24400
2568 5 0 24494
2569 5 0 24726
2686 90 0 1528
2687 91 0 227
2688 93 0 199
2689 93 0 197
2571 5 0 25171
2583 6 0 21107
2690 90 0 252
2570 5 0 25390
2691 92 0 216
2692 94 0 191
2555 4 0 27361
2584 6 0 21611
2693 94 0 194
2585 6 0 21725
2556 4 0 27559
2694 96 0 159
2557 4 0 27674
2558 4 0 27740
2695 90 0 259
2572 5 0 26205
2644 121 0 1160
2696 91 0 255
2559 4 0 28003
2697 92 0 235
2645 122 0 1156
2646 122 0 1155
2698 98 0 144
2573 5 0 26742
2699 95 0 193
2648 122 0 1156
2647 110 0 1286
2574 5 0 26754
2700 95 0 195
2649 121 0 1163
2650 121 0 1164
2701 95 0 186
2651 122 0 1164
2652 122 0 1157
2560 4 0 29138
2702 92 0 245
2653 123 0 1155
2703 95 0 192
2654 123 0 1155
2603 6 0 21724
2659 123 0 1155
2586 6 0 23734
2704 92 0 253
2663 123 0 1157
2664 123 0 1158
2665 122 0 1165
2672 123 0 1151
2587 5 0 24192
2674 123 0 1156
2575 5 0 26539
2604 6 0 22136
2673 109 0 1308
2675 123 0 1158
2680 122 0 1160
2685 123 0 1155
2588 5 0 24455
2576 5 0 26871
2561 4 0 30677
2668 72 0 1979
2712 106 0 1340
2706 97 0 1459
2738 193 0 735
2589 5 0 24680
2713 103 0 1373
2705 91 0 1553
2707 95 0 1488
2709 92 0 1537
2714 97 0 1458
2715 97 0 1461
2716 97 0 1464
2708 89 0 1595
2717 90 0 1573
2590 5 0 24898
2605 6 0 23173
2718 88 0 1611
2719 87 0 1638
2577 5 0 26873
2606 6 0 23319
2578 5 0 26892
2730 111 0 1281
2720 87 0 1644
2724 97 0 1473
2721 83 0 1711
2731 104 0 1366
2725 95 0 1501
2732 102 0 1398
2722 83 0 1722
2726 93 0 1532
2727 90 0 1591
2739 123 0 1155
2728 88 0 1616
2608 6 0 23449
2591 5 0 25270
2729 84 0 1705
2579 5 0 27006
2723 70 0 2024
2607 6 0 23702
2754 96 0 1477
2592 5 0 25477
2756 101 0 1412
2580 5 0 27088
2764 108 0 1312
2593 5 0 25578
2594 5 0 25395
2610 6 0 24197
2757 81 0 1754
2595 5 0 25583
2581 5 0 27311
2609 6 0 24366
2622 6 0 22594
2623 6 0 22482
2596 5 0 26317
2611 5 0 25033
2597 5 0 26922
2733 35 0 4123
2598 5 0 27002
2624 6 0 23789
2599 5 0 27297
2753 36 0 3953
2582 5 0 29234
2755 36 0 4034
2600 5 0 27420
2601 5 0 27672
2612 5 0 26288
2616 5 0 26307
2613 5 0 26619
2615 5 0 26809
2614 5 0 27211
2602 5 0 29096
2617 5 0 27431
2618 5 0 27826
2619 5 0 28454
2620 5 0 29168
2621 4 0 30606
2625 6 0 22898
2626 6 0 23110
2627 6 0 23120
2628 6 0 22541
2629 6 0 23257
2630 6 0 23242
2734 9 0 16346
2631 6 0 23578
2632 6 0 23722
2633 6 0 23979
2634 6 0 24430
2635 6 0 24846
2636 6 0 25992
2637 5 0 26817
2638 5 0 27202
2639 5 0 28241
2640 5 0 28929
2684 4 0 35428
676 1 0 169203
677 1 0 169203
2735 4 0 38103
2736 4 0 38103
638 1 0 192801
639 1 0 192801
678 1 0 336647
682 1 0 336647
686 1 0 336647
679 1 0 361832
683 1 0 361832
687 1 0 361832
680 1 0 362893
684 1 0 362893
688 1 0 362893
681 1 0 375001
685 1 0 375001
689 1 0 375001
