522 0 0 279 837937
521 1 0 324 837920
523 1 0 291 838131
531 1 0 66 838568
532 1 0 304 838715
534 0 0 284 839121
533 1 0 297 839120
537 1 0 292 839339
545 1 0 316 840293
542 1 0 765 839859
547 1 0 306 840620
551 1 0 67 842168
519 1 0 6374 837236
527 3 0 1328 838333
552 1 0 327 843396
528 4 0 1330 838366
558 1 0 752 843718
560 1 0 309 844211
561 0 0 303 844244
562 0 0 210 844406
563 0 0 213 844439
564 0 0 211 844455
530 4 0 1308 838492
565 0 0 262 844493
555 1 0 1275 843601
556 1 0 1328 843619
535 4 0 1333 839143
540 4 0 1294 839496
554 1 0 724 843452
557 1 0 663 843620
572 1 0 314 845445
541 4 0 1372 839687
576 1 0 67 845768
575 1 0 317 845673
581 0 0 249 845885
579 1 0 281 845854
553 2 0 1328 843449
580 1 0 301 845869
583 1 0 324 846167
559 2 0 1358 843740
588 1 0 296 846572
574 1 0 1281 845645
590 1 0 325 846695
586 1 0 743 846355
592 1 0 360 846835
571 1 0 1979 845280
594 1 0 305 847100
566 1 0 1982 844635
598 1 0 295 847319
567 1 0 1972 844853
570 1 0 649 845052
518 1 0 5839 837167
520 1 0 5780 837412
602 1 0 262 847835
603 1 0 258 848028
604 0 0 253 848041
593 1 0 1311 846992
605 0 0 273 848041
543 2 0 3900 840020
546 2 0 3738 840520
609 1 0 273 848287
577 2 0 1258 845783
610 0 0 176 848460
568 1 0 1910 844991
613 0 0 239 848570
612 1 0 267 848558
569 1 0 1939 845006
578 2 0 1379 845842
600 1 0 1303 847704
584 2 0 1274 846170
620 0 0 217 848986
619 1 0 252 848962
585 2 0 1309 846214
589 2 0 1281 846656
623 1 0 67 849368
599 1 0 642 847507
622 1 0 270 849297
625 1 0 236 849441
624 1 0 248 849430
626 0 0 246 849464
611 1 0 1320 848522
615 1 0 1241 848789
606 1 0 1072 848055
601 2 0 1206 847755
607 1 0 1245 848145
628 1 0 756 849531
629 0 0 193 850223
608 1 0 1224 848197
614 1 0 1215 848716
616 1 0 1210 848812
617 1 0 670 848824
627 1 0 1265 849497
631 1 0 66 852968
595 1 0 5754 847172
596 1 0 5743 847198
597 1 0 5749 847239
634 1 0 67 856568
633 1 0 1282 856268
640 0 0 900 858272
649 1 0 514 860168
653 1 0 143 861772
671 1 0 83 863740
672 1 0 68 863768
673 1 0 79 864253
636 1 0 7679 857178
670 0 0 1743 863624
706 1 0 84 865297
718 1 0 83 865299
719 1 0 83 865299
720 1 0 83 865299
721 1 0 83 865299
707 1 0 94 865297
711 1 0 98 865298
708 1 0 110 865297
722 1 0 108 865299
723 1 0 111 865299
712 1 0 118 865298
724 1 0 125 865299
713 1 0 151 865298
725 1 0 162 865300
733 1 0 74 865301
731 1 0 84 865301
732 1 0 84 865301
734 1 0 70 865301
726 1 0 169 865300
727 1 0 171 865300
735 1 0 68 865301
736 1 0 66 865301
737 1 0 67 865301
738 1 0 70 865301
739 1 0 40 865301
740 1 0 75 865301
745 2 0 84 865302
746 2 0 92 865302
747 2 0 94 865302
748 2 0 100 865302
750 2 0 106 865302
749 2 0 109 865302
714 1 0 287 865298
751 2 0 110 865302
752 2 0 103 865302
753 2 0 102 865302
691 1 0 991 864601
709 1 0 304 865297
741 2 0 148 865301
715 1 0 337 865298
754 2 0 93 865302
762 4 0 84 865303
763 4 0 84 865303
755 1 0 123 865302
728 1 0 311 865300
764 3 0 109 865303
766 3 0 108 865303
767 3 0 111 865303
768 3 0 113 865303
765 3 0 120 865303
716 1 0 424 865298
705 1 0 432 865296
759 1 0 305 865302
710 1 0 579 865297
760 1 0 333 865302
742 1 0 441 865301
770 1 0 333 865303
717 1 0 638 865298
805 1 0 167 865799
771 1 0 351 865303
729 1 0 622 865300
743 1 0 442 865301
772 1 0 450 865303
773 1 0 480 865303
774 1 0 488 865303
756 3 0 273 865302
757 3 0 268 865302
782 1 0 532 865304
784 1 0 516 865304
758 2 0 245 865302
785 1 0 522 865304
786 1 0 523 865304
783 1 0 532 865304
787 1 0 538 865304
790 1 0 357 865304
788 1 0 571 865304
791 1 0 397 865304
803 14 0 66 865353
730 1 0 932 865300
692 1 0 1722 864602
775 1 0 660 865303
694 0 0 1739 864603
769 3 0 319 865303
789 1 0 572 865304
794 1 0 410 865304
761 2 0 470 865302
792 2 0 586 865304
793 1 0 530 865304
795 1 0 326 865304
796 1 0 462 865304
696 1 0 2192 864604
776 2 0 683 865303
777 2 0 707 865303
778 2 0 736 865303
779 2 0 714 865303
780 2 0 802 865303
797 2 0 739 865304
798 2 0 821 865304
744 1 0 1453 865301
695 0 0 2611 864603
799 2 0 873 865304
800 2 0 877 865304
801 2 0 795 865304
698 1 0 2672 864605
802 2 0 911 865304
781 1 0 1234 865303
697 1 0 2855 864604
690 1 0 2884 864600
811 1 0 131 867368
660 1 0 4686 862886
693 1 0 3045 864602
809 1 0 787 866970
1381 1 0 557 867596
813 1 0 801 867553
1437 1 0 158 868266
1387 1 0 370 868219
1388 1 0 422 868219
1389 1 0 453 868219
1390 1 0 456 868219
1391 1 0 460 868219
1392 1 0 464 868219
1393 1 0 466 868219
1403 1 0 388 868219
1404 1 0 391 868219
1405 1 0 395 868219
1394 1 0 467 868219
1406 1 0 398 868219
1407 1 0 400 868219
1395 1 0 472 868219
1408 1 0 402 868219
1396 1 0 473 868219
1409 1 0 405 868219
1397 1 0 499 868219
1398 1 0 504 868219
1399 1 0 507 868219
1400 1 0 510 868219
1401 1 0 512 868219
1402 1 0 513 868219
1410 1 0 418 868219
1411 1 0 420 868219
1412 1 0 428 868219
1413 1 0 438 868219
1414 1 0 456 868219
1422 2 0 314 868220
1415 1 0 464 868219
1416 1 0 466 868219
1417 1 0 473 868219
1423 1 0 366 868220
1424 1 0 381 868220
1425 1 0 387 868220
1426 1 0 405 868220
1441 1 0 104 868802
1427 1 0 413 868220
1442 1 0 113 868802
1428 1 0 417 868220
1446 2 0 84 868803
1443 1 0 132 868802
1429 1 0 423 868220
1430 1 0 432 868220
1418 1 0 482 868219
1431 1 0 432 868220
1432 1 0 433 868220
1419 1 0 486 868219
1447 2 0 101 868803
1420 1 0 491 868219
1433 1 0 450 868220
1421 1 0 499 868219
1448 2 0 116 868803
1453 2 0 60 868804
1454 2 0 113 868804
1455 2 0 114 868804
1449 1 0 209 868803
1444 2 0 335 868802
1459 3 0 75 868805
1434 2 0 485 868220
1456 2 0 179 868804
1460 3 0 85 868805
1450 1 0 273 868803
1457 2 0 180 868804
1461 3 0 97 868805
1451 1 0 285 868803
1445 1 0 414 868802
1466 3 0 108 868806
1452 1 0 353 868803
1462 2 0 154 868805
1463 2 0 154 868805
1458 2 0 290 868804
1465 2 0 161 868805
1467 2 0 167 868806
1472 4 0 74 868807
1435 1 0 703 868220
1473 3 0 116 868807
1478 5 0 57 868808
1474 3 0 117 868807
1475 3 0 126 868807
1479 4 0 80 868808
1468 2 0 242 868806
1464 3 0 282 868805
1476 3 0 134 868807
1436 1 0 715 868220
1477 3 0 170 868807
1480 4 0 102 868808
1481 4 0 117 868808
1482 4 0 118 868808
1469 2 0 333 868806
1483 3 0 160 868808
1484 3 0 160 868809
1485 3 0 170 868809
1384 1 0 1988 867982
1486 3 0 212 868809
1487 3 0 213 868809
1470 2 0 467 868806
1488 3 0 216 868809
1495 5 0 122 868812
1471 2 0 499 868806
1491 3 0 208 868810
1496 4 0 146 868812
1497 4 0 170 868812
700 1 0 5251 864913
1500 5 0 122 868813
1501 5 0 140 868813
1502 5 0 141 868813
1506 8 0 51 868814
1498 3 0 256 868812
1507 7 0 61 868814
1489 2 0 442 868809
1493 3 0 365 868811
1592 1 0 512 869465
1503 4 0 170 868813
1490 2 0 453 868809
1494 2 0 394 868811
1492 2 0 444 868810
1508 7 0 76 868814
1512 8 0 60 868815
1509 7 0 76 868814
1504 4 0 214 868813
1513 7 0 76 868815
1514 7 0 77 868815
1510 6 0 114 868814
1515 7 0 78 868815
1382 1 0 2579 867842
1518 8 0 68 868816
1511 6 0 139 868814
1519 8 0 74 868816
1516 6 0 114 868815
1523 9 0 45 868817
1520 7 0 78 868816
1524 9 0 53 868817
1517 6 0 122 868815
1499 2 0 436 868812
1525 8 0 63 868817
1521 6 0 112 868816
1526 8 0 69 868817
1595 4 0 218 869624
1522 6 0 124 868816
1527 7 0 87 868817
1533 9 0 52 868819
1534 9 0 52 868819
1529 7 0 97 868818
1535 9 0 62 868819
1528 7 0 117 868817
1530 7 0 108 868818
1536 8 0 72 868819
1531 7 0 116 868818
1539 10 0 47 868820
1505 3 0 451 868813
1540 7 0 118 868820
1594 4 0 153 869624
1532 5 0 218 868818
1597 4 0 179 869625
1596 4 0 199 869624
1598 5 0 260 869625
1537 3 0 500 868819
1538 3 0 501 868819
1541 4 0 469 868848
652 1 0 9604 861520
1383 1 0 3196 867963
1599 4 0 307 869625
1600 4 0 324 869625
1604 8 0 187 869627
1542 2 0 760 869375
1605 8 0 195 869627
1938 10 0 153 869702
1939 9 0 166 869702
1940 9 0 170 869702
1941 9 0 171 869702
1942 9 0 181 869702
1933 8 0 201 869701
1934 7 0 211 869701
1935 6 0 252 869701
1936 6 0 265 869701
1601 5 0 246 869626
1543 2 0 847 869375
704 0 0 6463 865043
1937 5 0 352 869701
1602 6 0 249 869626
1545 2 0 524 869375
1546 2 0 521 869375
1544 2 0 885 869375
1603 5 0 298 869626
1610 11 0 109 869628
1606 8 0 167 869627
1547 2 0 374 869375
1548 2 0 374 869375
1549 2 0 374 869375
1550 2 0 374 869375
1551 2 0 374 869375
1552 2 0 374 869375
1553 2 0 374 869375
1608 12 0 109 869628
1554 2 0 374 869375
1555 2 0 374 869375
2412 6 0 202 870396
1609 12 0 109 869628
2404 6 0 222 870391
2407 6 0 225 870393
2406 6 0 227 870392
2409 6 0 229 870394
2405 6 0 231 870391
2410 5 0 234 870394
2408 5 0 236 870393
2411 5 0 236 870395
1556 2 0 374 869375
2403 5 0 257 870390
1557 2 0 380 869375
1607 6 0 292 869627
1611 12 0 109 869628
1612 12 0 109 869629
1558 2 0 382 869375
1613 13 0 109 869629
1559 2 0 390 869375
1560 2 0 394 869375
1561 2 0 396 869375
1614 13 0 110 869629
1615 13 0 109 869630
1562 2 0 396 869375
651 1 0 10499 861518
1655 10 0 221 869645
1616 13 0 109 869630
1617 14 0 109 869630
1563 2 0 398 869375
1564 2 0 400 869375
1618 14 0 109 869631
1565 2 0 407 869375
1566 2 0 410 869375
1567 2 0 411 869375
1568 2 0 414 869375
1569 2 0 417 869375
1619 14 0 110 869631
1620 14 0 110 869631
1570 2 0 418 869375
1571 2 0 420 869375
1621 14 0 110 869631
1622 15 0 109 869632
1623 15 0 109 869632
1581 2 0 462 869375
1582 2 0 467 869375
1624 15 0 110 869632
1625 15 0 107 869633
1583 3 0 470 869375
1626 15 0 109 869633
1584 3 0 472 869375
1627 16 0 109 869633
1585 3 0 487 869375
1586 3 0 493 869375
645 1 0 13250 859210
1628 16 0 110 869633
1629 16 0 107 869634
1587 3 0 501 869375
1630 16 0 107 869634
1440 1 0 4109 868419
1631 17 0 107 869634
1632 17 0 107 869635
1588 3 0 501 869375
1633 17 0 109 869635
2097 2 0 1103 869976
1634 17 0 109 869635
1635 17 0 108 869636
1572 3 0 932 869375
1573 3 0 916 869375
1574 3 0 914 869375
1575 3 0 918 869375
1576 3 0 917 869375
1577 3 0 916 869375
1578 3 0 917 869375
1579 3 0 928 869375
1580 3 0 929 869375
1593 2 0 1610 869494
1636 18 0 108 869636
1637 18 0 109 869636
1638 17 0 188 869636
1438 1 0 4679 868279
1647 19 0 112 869643
1645 9 0 293 869642
1639 9 0 343 869640
1640 9 0 344 869640
1591 4 0 373 869376
1644 9 0 356 869642
1642 9 0 357 869641
1643 9 0 358 869641
1646 9 0 296 869642
1641 9 0 372 869640
1973 22 0 152 869708
1648 19 0 118 869643
1968 20 0 165 869707
1589 3 0 715 869375
1964 17 0 199 869706
1651 17 0 136 869644
1654 19 0 119 869645
1969 14 0 241 869707
1970 14 0 242 869707
1657 20 0 111 869646
1649 14 0 184 869643
1652 16 0 148 869644
1658 20 0 111 869646
1653 15 0 163 869644
657 1 0 10752 862491
1971 12 0 286 869707
1965 12 0 294 869706
1966 11 0 307 869706
2209 15 0 199 870221
1590 3 0 723 869375
1972 10 0 346 869707
1660 20 0 111 869647
1661 20 0 111 869647
1967 10 0 354 869706
1656 12 0 241 869645
1662 21 0 111 869647
1663 21 0 111 869648
2224 16 0 181 870274
1664 21 0 111 869648
1650 10 0 292 869643
1665 21 0 111 869648
1659 16 0 163 869646
1666 21 0 111 869649
1679 21 0 176 869653
1667 21 0 111 869649
1668 21 0 112 869649
1669 21 0 112 869650
1670 21 0 112 869650
1671 21 0 112 869650
1672 21 0 112 869651
1673 21 0 112 869651
1680 19 0 199 869653
1674 21 0 112 869651
1684 18 0 148 869654
1677 22 0 112 869652
2247 12 0 251 870296
1682 22 0 107 869654
2031 23 0 103 869722
1685 21 0 121 869655
1683 20 0 129 869654
1676 22 0 176 869652
1678 22 0 170 869652
1687 17 0 167 869655
1826 20 0 151 869683
1688 19 0 138 869656
1686 18 0 216 869655
1681 15 0 227 869653
1689 18 0 152 869656
2127 24 0 145 870081
1691 20 0 135 869657
1694 22 0 116 869658
1695 21 0 124 869658
1698 23 0 110 869662
1690 16 0 180 869656
1696 20 0 137 869658
702 0 0 8815 864954
1692 15 0 195 869657
1693 15 0 201 869657
1697 16 0 183 869659
2250 2 0 1335 870299
1699 19 0 144 869662
1700 19 0 148 869662
2102 27 0 140 870027
1701 19 0 153 869662
1702 18 0 168 869662
1703 17 0 174 869662
2099 27 0 77 870019
1711 23 0 117 869664
1705 16 0 188 869663
2432 26 0 132 870407
1706 16 0 200 869663
2439 23 0 149 870412
2440 23 0 152 870412
1712 21 0 131 869664
2433 22 0 156 870408
2434 22 0 158 870408
1707 15 0 212 869663
2430 21 0 162 870406
2436 21 0 162 870410
2431 21 0 169 870406
2435 21 0 169 870409
2437 20 0 174 870410
2438 20 0 178 870411
2100 28 0 75 870022
1708 14 0 235 869663
1713 17 0 181 869664
1717 24 0 118 869665
1714 17 0 189 869664
2101 28 0 78 870025
1718 21 0 137 869665
1704 10 0 368 869662
1709 12 0 303 869663
1719 19 0 170 869665
1720 18 0 179 869665
2103 28 0 80 870030
1723 24 0 116 869666
1715 13 0 275 869664
1710 10 0 368 869663
1724 24 0 117 869666
1721 18 0 184 869665
1725 23 0 132 869666
2104 29 0 77 870033
1726 22 0 139 869666
1716 11 0 324 869664
1727 21 0 146 869666
1729 26 0 106 869667
1722 15 0 234 869665
1730 25 0 114 869667
1731 25 0 116 869667
1732 25 0 117 869667
1733 25 0 118 869667
1735 27 0 103 869668
2105 27 0 93 870036
1734 25 0 122 869667
1736 26 0 112 869668
1728 15 0 230 869666
1737 26 0 115 869668
1738 26 0 115 869668
1739 26 0 116 869668
1741 25 0 118 869669
2106 31 0 76 870038
1740 19 0 179 869668
1745 25 0 123 869670
1742 21 0 161 869669
1743 20 0 172 869669
1746 24 0 133 869670
2107 29 0 88 870041
1744 19 0 186 869669
1747 22 0 150 869670
1751 24 0 132 869671
1748 22 0 153 869670
1752 24 0 136 869671
1749 20 0 174 869670
1750 20 0 175 869670
2108 28 0 93 870043
1753 23 0 145 869671
1757 25 0 125 869672
1754 23 0 149 869671
1755 19 0 193 869671
1763 25 0 130 869673
1758 19 0 187 869672
2109 28 0 101 870046
1756 17 0 229 869671
1759 19 0 196 869672
1764 20 0 179 869673
1760 16 0 246 869672
1761 16 0 247 869672
1765 20 0 184 869673
1766 19 0 194 869673
2110 28 0 102 870049
1762 15 0 274 869672
1767 15 0 265 869673
2111 33 0 80 870051
1769 16 0 250 869674
1770 16 0 252 869674
1768 14 0 297 869673
2112 35 0 75 870054
1775 20 0 194 869675
1776 19 0 209 869675
1771 14 0 303 869674
1772 14 0 304 869674
2113 34 0 78 870057
1777 17 0 238 869675
1773 14 0 309 869674
1782 31 0 108 869676
646 1 0 15786 859257
1778 16 0 262 869675
1783 27 0 130 869676
2114 34 0 81 870057
1774 12 0 368 869674
1784 26 0 138 869676
1779 16 0 263 869675
1788 31 0 111 869677
1785 24 0 156 869676
1789 28 0 126 869677
2115 36 0 75 870058
1780 16 0 266 869675
1786 21 0 190 869676
1781 16 0 266 869675
1790 25 0 155 869677
1787 20 0 211 869676
2116 36 0 77 870060
1791 21 0 197 869677
1800 33 0 103 869679
1794 22 0 190 869678
1801 33 0 104 869679
2117 36 0 80 870062
1802 33 0 104 869679
1795 20 0 210 869678
1796 19 0 227 869678
1792 16 0 273 869677
1793 16 0 282 869677
2118 37 0 78 870065
1806 34 0 103 869680
1807 34 0 103 869680
1808 34 0 103 869680
1809 34 0 103 869680
1810 34 0 103 869680
2119 37 0 82 870067
1797 14 0 333 869678
1811 34 0 103 869680
1798 14 0 334 869678
1799 14 0 334 869678
1803 19 0 238 869679
1812 35 0 101 869681
1813 35 0 101 869681
1814 35 0 101 869681
2120 40 0 71 870069
1815 35 0 102 869681
1804 16 0 290 869679
1816 35 0 102 869681
1818 35 0 102 869682
1817 35 0 103 869681
1819 34 0 110 869682
1820 32 0 117 869682
2121 39 0 76 870071
1805 14 0 333 869679
1821 31 0 125 869682
1823 32 0 119 869683
1822 30 0 135 869682
1824 32 0 120 869683
1825 31 0 129 869683
1829 34 0 113 869684
1830 34 0 113 869684
2122 38 0 82 870073
1827 30 0 135 869683
1828 29 0 144 869683
1439 1 0 6015 868353
1831 30 0 133 869684
1835 33 0 115 869685
1836 32 0 122 869685
1832 27 0 157 869684
2123 39 0 81 870075
1833 27 0 160 869684
1834 26 0 169 869684
1841 38 0 94 869686
1837 27 0 157 869685
2124 40 0 78 870077
1847 36 0 104 869687
1842 25 0 182 869686
1848 37 0 104 869687
1838 22 0 208 869685
1839 20 0 239 869685
2125 41 0 78 870079
1849 30 0 141 869687
1840 18 0 281 869685
1850 26 0 178 869687
1853 37 0 104 869688
1854 37 0 104 869688
1843 19 0 266 869686
1844 19 0 270 869686
1855 37 0 104 869688
1856 37 0 104 869688
1845 18 0 289 869686
1846 17 0 292 869686
2131 42 0 140 870088
1857 38 0 104 869688
1858 38 0 104 869688
1859 38 0 104 869689
1860 38 0 104 869689
1861 38 0 104 869689
1862 38 0 104 869689
1863 38 0 105 869689
1864 38 0 105 869689
1851 19 0 266 869687
2128 43 0 76 870082
1865 38 0 104 869690
1852 19 0 270 869687
1866 38 0 105 869690
2129 43 0 76 870084
703 0 0 11279 864987
1871 29 0 158 869691
1867 26 0 189 869690
1868 24 0 211 869690
2130 43 0 78 870086
1872 25 0 193 869691
1877 29 0 162 869692
1869 21 0 242 869690
1878 27 0 177 869692
1873 24 0 206 869691
1874 24 0 210 869691
2132 45 0 75 870090
1875 20 0 272 869691
1870 16 0 335 869690
1876 19 0 280 869691
1883 37 0 118 869693
2133 45 0 75 870091
1879 26 0 191 869692
1880 25 0 207 869692
1884 34 0 133 869693
1885 29 0 168 869693
524 3 0 11045 838184
2134 47 0 72 870093
1889 37 0 117 869694
1886 25 0 209 869693
1895 52 0 68 869695
1887 23 0 229 869693
2135 46 0 76 870095
1890 29 0 170 869694
1891 27 0 186 869694
1896 50 0 74 869695
1881 17 0 334 869692
1897 44 0 93 869695
1882 17 0 338 869692
2136 47 0 76 870097
1888 20 0 275 869693
1901 52 0 70 869696
1902 51 0 72 869696
1892 22 0 250 869694
1903 49 0 77 869696
1898 33 0 149 869695
1904 47 0 84 869696
1893 21 0 259 869694
1905 47 0 85 869696
1894 21 0 269 869694
2137 47 0 75 870100
1907 52 0 72 869697
1908 52 0 72 869697
1909 52 0 72 869697
1910 51 0 74 869697
1906 46 0 89 869696
1911 51 0 75 869697
1913 52 0 72 869698
1899 24 0 229 869695
1914 51 0 74 869698
1912 47 0 87 869697
2138 50 0 69 870101
1915 50 0 78 869698
1900 24 0 232 869695
1916 48 0 84 869698
1917 48 0 85 869698
1919 45 0 94 869699
1920 43 0 100 869699
647 0 0 17609 859290
2139 51 0 69 870104
1925 51 0 76 869700
1926 47 0 88 869700
1921 39 0 118 869699
1927 47 0 90 869700
1922 35 0 141 869699
1928 46 0 93 869700
1929 43 0 104 869700
1944 55 0 66 869703
2140 49 0 75 870105
1923 31 0 168 869699
1932 40 0 118 869701
1945 46 0 95 869703
1924 26 0 208 869699
1946 42 0 108 869703
1947 41 0 114 869703
1943 32 0 162 869702
1930 41 0 179 869700
2141 45 0 90 870108
1950 42 0 109 869704
1948 38 0 130 869703
1675 5 0 1391 869652
1951 35 0 146 869704
1949 32 0 161 869703
1918 18 0 334 869698
2142 50 0 74 870110
1931 27 0 267 869700
1952 32 0 162 869704
1956 38 0 128 869705
1962 54 0 74 869706
1953 28 0 201 869704
1974 46 0 96 869708
2143 49 0 79 870113
1957 31 0 176 869705
1963 41 0 119 869706
1954 24 0 244 869704
1958 27 0 210 869705
1975 39 0 126 869708
2144 51 0 76 870115
1976 34 0 157 869708
1959 23 0 265 869705
1980 42 0 114 869709
1981 41 0 118 869709
1977 30 0 185 869708
1982 41 0 121 869709
1955 19 0 333 869704
2145 51 0 78 870118
1978 29 0 193 869708
1983 37 0 141 869709
1984 37 0 142 869709
1960 19 0 333 869705
1979 27 0 213 869708
1961 19 0 333 869705
1986 43 0 113 869710
2488 11 0 568 870680
2505 11 0 572 870683
2146 49 0 84 870120
1992 49 0 92 869711
1987 39 0 134 869710
1985 29 0 197 869709
1988 36 0 150 869710
1995 49 0 94 869711
1998 50 0 90 869712
642 0 0 18347 859167
1996 47 0 99 869711
1999 50 0 92 869712
1993 39 0 134 869711
2445 6 0 997 870647
2446 6 0 999 870647
2147 50 0 83 870122
1997 41 0 125 869711
2000 47 0 102 869712
2001 47 0 102 869712
2002 45 0 110 869712
1989 26 0 238 869710
1994 30 0 193 869711
2003 44 0 115 869712
2004 48 0 99 869713
1990 25 0 251 869710
2005 48 0 99 869713
2006 48 0 100 869713
2007 48 0 100 869718
2008 48 0 100 869718
2148 50 0 85 870125
2251 40 0 182 870299
1991 23 0 275 869710
2019 45 0 111 869720
2022 50 0 94 869721
2020 43 0 120 869720
2023 49 0 96 869721
2016 48 0 164 869720
2009 48 0 165 869718
2010 47 0 167 869719
2021 41 0 127 869720
2011 47 0 168 869719
2012 47 0 168 869719
2013 47 0 168 869719
2248 29 0 244 870297
2249 29 0 244 870298
2014 46 0 171 869719
2017 46 0 171 869720
2027 50 0 94 869722
2246 29 0 248 870295
2018 45 0 174 869720
2244 29 0 253 870293
2245 29 0 253 870294
2015 45 0 175 869719
2243 29 0 254 870292
2024 46 0 106 869721
2242 29 0 255 870291
2028 50 0 95 869722
2149 51 0 82 870128
2025 43 0 118 869721
2029 48 0 101 869722
2030 47 0 103 869722
2026 43 0 120 869721
2032 47 0 103 869722
2033 50 0 95 869723
2034 50 0 95 869723
2035 50 0 95 869723
2036 50 0 95 869723
2037 48 0 103 869723
2150 53 0 80 870130
2038 48 0 103 869723
2039 50 0 95 869724
2040 49 0 99 869724
2045 49 0 98 869725
2051 50 0 97 869726
2041 47 0 107 869724
2046 48 0 103 869725
2052 49 0 98 869726
2047 48 0 103 869725
2048 48 0 103 869725
2042 46 0 108 869724
2043 46 0 108 869724
2053 49 0 100 869726
2049 47 0 105 869725
2044 46 0 109 869724
2050 47 0 107 869725
2054 49 0 100 869726
2055 49 0 100 869726
2056 49 0 100 869726
2057 49 0 98 869727
2058 49 0 98 869727
2059 50 0 98 869727
2060 48 0 103 869727
2061 48 0 104 869727
2447 7 0 979 870648
2151 55 0 75 870133
2062 49 0 99 869727
2063 48 0 103 869728
2064 48 0 103 869728
2065 48 0 103 869728
2066 48 0 103 869728
2067 48 0 104 869728
2068 48 0 104 869728
2069 49 0 102 869729
2070 48 0 103 869729
2071 48 0 103 869729
2072 48 0 103 869729
2073 48 0 103 869729
2075 49 0 102 869730
2076 49 0 102 869730
2074 48 0 103 869729
2077 48 0 103 869730
2078 49 0 103 869730
2079 49 0 103 869730
2080 50 0 98 869731
2081 50 0 98 869731
2082 50 0 98 869731
2083 50 0 98 869731
2084 50 0 98 869731
2085 49 0 103 869731
2086 49 0 101 869732
2152 55 0 77 870135
2087 49 0 101 869732
2088 50 0 101 869732
2089 50 0 101 869732
2090 49 0 102 869732
2092 47 0 110 869733
2156 55 0 78 870146
2093 46 0 113 869733
2162 56 0 75 870157
2091 43 0 127 869732
2094 43 0 127 869733
2157 56 0 133 870148
2154 55 0 142 870141
2153 54 0 145 870138
2155 56 0 141 870143
2158 56 0 77 870149
2165 55 0 80 870163
2096 38 0 213 869976
2161 56 0 78 870155
2166 59 0 71 870165
2164 56 0 76 870161
2163 55 0 80 870158
2167 56 0 78 870167
2159 56 0 141 870152
2160 55 0 141 870152
2168 57 0 75 870169
2169 57 0 76 870171
2170 57 0 76 870173
2171 58 0 74 870176
643 0 0 19033 859177
2172 57 0 75 870178
2173 56 0 79 870180
2174 58 0 73 870182
2208 40 0 200 870220
2441 4 0 1761 870412
2175 55 0 81 870184
2176 56 0 78 870186
2177 57 0 77 870188
2179 57 0 77 870192
2180 57 0 76 870194
2178 55 0 82 870190
2181 56 0 80 870195
2182 57 0 77 870197
2183 57 0 78 870198
2212 41 0 197 870223
2188 58 0 76 870204
2189 57 0 78 870205
2190 56 0 80 870207
2207 41 0 133 870219
2192 55 0 82 870208
2185 58 0 139 870201
2187 58 0 140 870203
2184 57 0 142 870200
2186 56 0 144 870202
2194 55 0 83 870210
2191 48 0 105 870207
2193 51 0 95 870209
2448 6 0 1287 870669
2195 49 0 103 870211
2196 50 0 100 870212
2210 40 0 138 870221
2197 50 0 100 870212
2199 52 0 93 870214
2198 46 0 115 870213
2426 1 0 4710 870403
2211 40 0 141 870222
2203 42 0 133 870217
2204 42 0 133 870217
2205 41 0 134 870218
2200 39 0 148 870214
2202 39 0 145 870216
2201 39 0 148 870215
2215 41 0 138 870226
2217 44 0 125 870228
2219 42 0 131 870230
2213 42 0 199 870224
2218 39 0 151 870229
2214 41 0 203 870225
2225 46 0 179 870275
2216 42 0 200 870227
2220 39 0 152 870230
526 31 0 1285 838269
2222 42 0 198 870272
2223 42 0 198 870273
2226 42 0 198 870276
2229 43 0 182 870279
2228 43 0 183 870278
2227 42 0 198 870277
2238 42 0 187 870288
2230 43 0 156 870280
2231 43 0 134 870281
2234 42 0 200 870284
2236 42 0 200 870286
2232 43 0 129 870282
2235 42 0 136 870285
2254 46 0 183 870302
2257 45 0 188 870306
2233 43 0 194 870283
2258 45 0 187 870307
2256 45 0 123 870305
2255 46 0 126 870304
2259 45 0 186 870308
2260 45 0 122 870309
2253 47 0 181 870301
2252 45 0 188 870300
2262 44 0 195 870312
2263 43 0 196 870315
2264 43 0 196 870317
2239 43 0 198 870289
2240 43 0 198 870290
2268 44 0 187 870322
2269 44 0 187 870322
2237 43 0 200 870287
2261 43 0 132 870311
2265 43 0 132 870318
2266 44 0 132 870320
2267 44 0 129 870321
2270 44 0 130 870323
2271 44 0 130 870324
2272 44 0 130 870324
2273 43 0 134 870325
2274 43 0 134 870326
2280 44 0 130 870330
2281 44 0 130 870330
2275 43 0 134 870326
2276 43 0 134 870327
2277 43 0 134 870328
2282 45 0 130 870331
2283 45 0 130 870332
2284 45 0 127 870333
2285 45 0 127 870334
2286 45 0 127 870334
2278 44 0 198 870329
2279 44 0 198 870329
2287 44 0 131 870335
2288 44 0 132 870336
2289 45 0 132 870336
2290 45 0 132 870337
544 30 0 1289 840280
2291 45 0 132 870338
2292 45 0 132 870339
2293 45 0 132 870339
2294 45 0 132 870340
2295 45 0 132 870341
2296 45 0 132 870341
641 1 0 20051 859150
2297 45 0 132 870342
644 0 0 20016 859186
2304 52 0 106 870347
2298 45 0 132 870343
2299 45 0 130 870344
2300 45 0 131 870344
2301 45 0 130 870345
2302 45 0 130 870346
2303 45 0 130 870346
2306 60 0 83 870349
2305 57 0 91 870348
2313 55 0 96 870354
2315 54 0 100 870355
2308 52 0 106 870350
2314 51 0 108 870354
2316 57 0 92 870356
2307 48 0 120 870349
2317 53 0 102 870356
2318 56 0 95 870357
2311 58 0 153 870352
2319 53 0 104 870358
2320 55 0 97 870359
2309 53 0 167 870351
2310 53 0 167 870351
2312 53 0 168 870353
2323 52 0 106 870361
2325 57 0 91 870362
2322 51 0 110 870360
2326 55 0 98 870363
2321 49 0 118 870359
2324 51 0 112 870361
2328 56 0 95 870365
2331 58 0 89 870367
2329 54 0 101 870365
2330 55 0 97 870366
2327 51 0 112 870364
550 29 0 1282 841868
2332 56 0 96 870367
2333 56 0 95 870368
2334 60 0 86 870369
2449 7 0 1168 870675
2342 66 0 71 870375
2336 56 0 97 870370
2335 52 0 108 870369
2337 53 0 106 870371
2340 56 0 95 870373
2338 55 0 98 870372
2345 60 0 85 870377
2344 59 0 88 870376
2339 53 0 107 870372
2341 54 0 103 870374
2343 54 0 104 870375
2346 53 0 105 870378
2347 53 0 106 870378
2450 7 0 1166 870676
2427 57 0 161 870404
2429 57 0 160 870405
2398 38 0 240 870387
2359 10 0 871 870382
2414 42 0 218 870397
2401 39 0 234 870389
2417 42 0 220 870399
2421 43 0 215 870401
808 6 0 1976 866316
573 26 0 1284 845468
2352 9 0 951 870381
2363 10 0 890 870382
2428 60 0 90 870405
2355 9 0 971 870381
635 2 0 900 857070
2399 41 0 99 870388
2348 10 0 374 870381
2400 40 0 102 870389
2415 41 0 97 870397
637 16 0 900 857352
2402 39 0 108 870390
2360 10 0 372 870382
2413 39 0 112 870396
2643 129 0 68 870968
2362 10 0 889 870382
2424 44 0 212 870403
2416 42 0 95 870398
2367 10 0 401 870382
2368 10 0 402 870382
2418 40 0 104 870399
2422 41 0 99 870402
2419 38 0 121 870400
621 23 0 1284 849068
630 21 0 1284 852669
2420 36 0 129 870400
2206 6 0 1495 870218
2221 6 0 1395 870270
2425 42 0 97 870403
2423 40 0 109 870402
2667 88 0 92 871521
2095 4 0 2084 869847
2666 74 0 116 871401
2370 10 0 403 870382
2671 66 0 127 871642
2371 10 0 408 870382
2372 10 0 413 870382
2373 10 0 413 870382
2677 72 0 116 871764
2241 6 0 1454 870290
2374 10 0 417 870382
2678 74 0 48 871885
2679 68 0 120 872006
2357 12 0 815 870382
2358 11 0 828 870382
2379 10 0 454 870382
2380 10 0 454 870382
2381 10 0 461 870382
2361 11 0 848 870382
2349 11 0 887 870381
2350 11 0 888 870381
2369 10 0 719 870382
655 14 0 1283 862116
2382 10 0 465 870382
2383 10 0 473 870382
2351 10 0 944 870381
2506 8 0 1156 870683
2364 11 0 895 870382
2365 11 0 900 870382
2353 10 0 951 870381
2366 10 0 901 870382
2660 81 0 111 871280
2354 10 0 952 870381
650 14 0 1374 860569
2384 10 0 474 870382
656 13 0 1305 862252
2356 10 0 981 870381
2386 10 0 496 870382
2385 10 0 547 870382
2507 8 0 133 870683
548 15 0 2568 840908
2391 8 0 621 870382
2535 8 0 1182 870686
2508 8 0 136 870683
2392 9 0 622 870382
2393 9 0 622 870382
2394 9 0 626 870382
2395 9 0 631 870382
2375 11 0 935 870382
2641 27 0 361 870874
2444 18 0 545 870605
2376 10 0 949 870382
2377 10 0 951 870382
2378 10 0 952 870382
2536 8 0 164 870686
2509 8 0 139 870683
2396 8 0 656 870382
2397 8 0 667 870382
2644 8 0 1160 871024
525 3 0 11656 838201
2537 8 0 122 870686
2534 18 0 558 870686
2759 77 0 89 873968
2670 18 0 514 871586
2387 10 0 1003 870382
2388 10 0 1011 870382
2648 8 0 1156 871044
2389 10 0 1023 870382
2647 7 0 1286 871043
2645 8 0 132 871025
2538 8 0 128 870686
2390 9 0 1131 870382
2659 8 0 1155 871267
2649 8 0 139 871045
2646 8 0 131 871026
2760 60 0 119 873969
2650 8 0 140 871045
701 0 0 16358 864924
2710 7 0 1142 872430
2651 8 0 140 871045
2126 6 0 1772 870080
582 11 0 3016 846016
2663 8 0 1157 871347
2652 9 0 133 871046
648 8 0 2563 859869
2664 8 0 134 871347
2653 8 0 131 871204
2665 8 0 141 871347
2654 9 0 131 871209
2751 7 0 1116 873299
2761 105 0 75 873969
2763 118 0 66 874150
668 14 0 1285 863468
2443 6 0 1843 870498
2739 7 0 1155 872946
2752 107 0 82 873318
2712 7 0 1340 872476
2672 9 0 1151 871668
2713 7 0 1373 872476
2668 5 0 1979 871556
2673 8 0 1308 871670
2674 9 0 1156 871688
2675 9 0 1158 871688
2754 6 0 1477 873333
654 5 0 4037 861863
2737 36 0 288 872731
2680 9 0 1160 872010
2669 23 0 514 871583
2685 9 0 1155 872350
2748 4 0 2519 873229
2738 14 0 735 872846
2746 3 0 2781 873223
658 4 0 4440 862620
1386 10 0 1549 868031
2757 5 0 1754 873694
618 6 0 5384 848853
2740 37 0 292 873052
2744 2 0 3872 873215
2745 3 0 3430 873219
2741 2 0 4219 873205
2762 30 0 348 874026
2714 8 0 1458 872476
2747 3 0 3773 873226
2750 15 0 722 873266
2682 3 0 4156 872057
2490 2 0 6205 870680
2749 3 0 3591 873232
2489 12 0 127 870680
2758 15 0 732 873787
2656 2 0 5180 871239
2657 2 0 5181 871249
2655 3 0 4250 871231
2491 12 0 121 870681
2492 12 0 130 870681
2753 3 0 3953 873318
2742 2 0 4986 873208
2493 12 0 126 870681
807 14 0 1379 865918
2715 8 0 821 872476
2494 12 0 127 870681
2743 2 0 5199 873212
810 14 0 1282 867068
812 13 0 1332 867517
2755 3 0 2754 873348
2716 9 0 824 872476
2686 9 0 1528 872364
2683 5 0 2805 872265
2688 9 0 1418 872368
2687 9 0 1507 872366
2689 9 0 1477 872370
2690 9 0 252 872375
2692 9 0 191 872379
2691 9 0 216 872377
2693 9 0 194 872380
2694 10 0 159 872384
2698 10 0 144 872391
2733 3 0 4123 872494
2695 9 0 259 872386
2697 9 0 235 872388
2696 9 0 255 872387
2699 10 0 193 872394
1385 8 0 2149 868021
2701 10 0 186 872398
2700 10 0 195 872397
2703 10 0 192 872404
2717 9 0 933 872476
2702 9 0 245 872402
1313 2 0 9428 867593
2706 10 0 179 872410
2704 9 0 253 872405
664 3 0 7060 863371
665 3 0 7095 863371
2707 10 0 208 872411
663 3 0 7372 863370
2705 9 0 273 872407
539 4 0 9686 839402
2708 9 0 315 872412
536 4 0 10022 839156
2709 9 0 257 872414
2676 2 0 6122 871758
666 3 0 7336 863371
2662 2 0 7200 871319
529 4 0 10600 838415
2718 9 0 971 872476
2495 4 0 2745 870681
538 4 0 10596 839385
2098 2 0 8882 870013
2510 2 0 7615 870683
2658 3 0 5180 871260
2723 7 0 2024 872476
2711 1 0 7911 872436
667 3 0 8031 863371
2722 9 0 1082 872476
2719 10 0 1638 872476
2724 11 0 833 872477
2720 10 0 1644 872476
2721 9 0 1455 872476
2725 11 0 861 872477
2726 11 0 892 872477
2442 1 0 15612 870475
2730 13 0 641 872477
2727 10 0 951 872477
2728 10 0 976 872477
2731 12 0 726 872477
2732 12 0 758 872477
2729 10 0 1065 872477
2539 1 0 9807 870686
662 2 0 11303 863092
2756 12 0 1412 873386
2764 13 0 1312 874207
2451 1 0 13156 870676
661 2 0 12546 862909
2681 1 0 13496 872013
814 3 0 8650 867582
815 2 0 8883 867582
816 2 0 9112 867582
817 2 0 9633 867582
818 2 0 9646 867582
819 2 0 9749 867582
820 2 0 9863 867582
2496 2 0 8015 870681
821 2 0 10323 867582
2511 2 0 8105 870683
822 2 0 11063 867582
2734 1 0 16346 872562
587 2 0 19414 846490
826 2 0 12226 867582
823 2 0 13347 867582
549 2 0 22248 841613
824 2 0 13462 867582
825 2 0 13480 867582
827 2 0 13564 867582
828 2 0 13622 867582
829 2 0 13730 867582
830 2 0 13831 867582
831 2 0 14010 867582
832 2 0 14034 867582
2540 2 0 10941 870686
833 2 0 14080 867582
2541 27 0 126 870687
2542 27 0 127 870687
2543 27 0 127 870687
834 2 0 14093 867582
2642 1 0 28393 870926
2544 27 0 130 870687
835 2 0 14133 867582
2545 27 0 133 870687
836 2 0 14169 867582
2546 27 0 135 870687
837 2 0 14243 867582
2547 27 0 135 870687
838 2 0 14275 867582
839 2 0 14421 867582
2452 2 0 13478 870676
840 2 0 14502 867582
2454 28 0 131 870677
2455 28 0 133 870677
841 2 0 14738 867582
2456 28 0 135 870677
852 3 0 11803 867583
2457 28 0 142 870677
853 3 0 11890 867583
2458 28 0 144 870677
842 2 0 15004 867582
843 2 0 15045 867582
2459 24 0 372 870677
844 2 0 15096 867582
854 3 0 10902 867583
2453 2 0 13274 870676
855 3 0 11074 867583
856 3 0 11157 867583
845 2 0 15130 867582
2460 13 0 1505 870677
846 2 0 15165 867582
847 2 0 15184 867582
2512 3 0 9894 870683
848 2 0 15250 867582
858 3 0 11570 867583
859 3 0 11600 867583
849 2 0 15256 867582
850 2 0 15296 867582
860 3 0 11628 867583
857 3 0 12469 867583
851 2 0 15349 867582
2497 3 0 11216 870681
861 3 0 11661 867583
863 3 0 11828 867583
862 3 0 13047 867583
865 3 0 11958 867583
2461 6 0 5377 870677
2661 1 0 25753 871314
864 3 0 13149 867583
866 3 0 13320 867583
867 3 0 12154 867583
869 3 0 12183 867583
870 3 0 12257 867583
868 3 0 13435 867583
669 1 0 49495 863536
872 3 0 12364 867583
899 4 0 8458 867584
873 3 0 12394 867583
874 3 0 12404 867583
2548 3 0 10908 870687
875 3 0 12424 867583
871 3 0 13550 867583
876 3 0 12524 867583
878 3 0 12651 867583
900 4 0 8966 867584
880 3 0 12709 867583
881 3 0 12749 867583
882 3 0 12763 867583
883 3 0 12814 867583
877 3 0 13809 867583
901 4 0 9683 867584
884 3 0 12995 867583
879 3 0 13951 867583
885 3 0 12996 867583
902 4 0 9701 867584
903 4 0 9784 867584
904 4 0 9853 867584
886 3 0 13064 867583
887 3 0 13065 867583
889 3 0 13113 867583
892 3 0 13457 867583
906 4 0 10685 867584
804 1 0 44825 865655
907 4 0 10810 867584
905 4 0 11199 867584
893 3 0 13585 867583
2462 3 0 11579 870677
908 4 0 10810 867584
909 4 0 10831 867584
894 3 0 13669 867583
888 3 0 14364 867583
910 4 0 10952 867584
890 3 0 14405 867583
911 4 0 11027 867584
896 3 0 13771 867583
2513 3 0 11824 870683
891 3 0 14436 867583
897 3 0 13795 867583
2684 1 0 36068 872270
912 4 0 11072 867584
2498 3 0 10996 870681
913 4 0 11073 867584
898 3 0 13865 867583
2499 41 0 141 870682
914 4 0 11116 867584
2500 41 0 134 870682
2501 41 0 132 870682
2502 41 0 134 870682
895 3 0 14954 867583
2503 41 0 140 870682
915 4 0 11136 867584
699 1 0 35443 864879
916 4 0 11205 867584
917 4 0 11517 867584
2735 1 0 38103 872651
2504 13 0 2637 870682
918 4 0 11589 867584
2463 3 0 11868 870677
919 4 0 11638 867584
920 4 0 11877 867584
921 4 0 11937 867584
922 4 0 11983 867584
923 4 0 11995 867584
924 4 0 12030 867584
925 4 0 12116 867584
926 4 0 12144 867584
953 6 0 8037 867585
927 4 0 12179 867584
632 1 0 47047 855360
928 4 0 12200 867584
929 4 0 12454 867584
930 4 0 12486 867584
931 4 0 12595 867584
932 4 0 12660 867584
947 5 0 10270 867585
933 4 0 12928 867584
934 4 0 13010 867584
948 5 0 10302 867585
949 5 0 10432 867585
950 5 0 10447 867585
935 4 0 13313 867584
952 5 0 10809 867585
936 4 0 13361 867584
954 4 0 11128 867585
955 4 0 11244 867585
956 4 0 11247 867585
937 4 0 13832 867584
957 4 0 11343 867585
951 5 0 11827 867585
938 4 0 14015 867584
2464 4 0 11947 870677
939 3 0 14345 867584
976 6 0 7675 867585
2514 4 0 11705 870683
940 3 0 14389 867584
2515 50 0 145 870684
958 4 0 12099 867585
2516 50 0 155 870684
2517 50 0 151 870684
959 4 0 12419 867585
960 4 0 12460 867585
941 3 0 15125 867584
977 6 0 7872 867585
961 4 0 12767 867585
942 3 0 15315 867584
962 4 0 13176 867585
963 4 0 13273 867585
943 3 0 15641 867584
965 4 0 13425 867585
979 6 0 8649 867585
944 3 0 16349 867584
945 3 0 16434 867584
964 4 0 14630 867585
978 6 0 9785 867585
2549 3 0 19488 870733
946 3 0 16882 867584
981 6 0 9092 867585
966 3 0 15515 867585
980 5 0 9935 867585
2518 13 0 3847 870684
982 6 0 9161 867585
967 3 0 15977 867585
2465 4 0 12436 870677
995 7 0 7697 867586
983 6 0 9582 867585
2467 55 0 127 870678
2468 56 0 119 870678
2469 56 0 122 870678
968 3 0 16366 867585
2470 56 0 125 870678
996 7 0 8130 867586
969 3 0 16505 867585
986 5 0 10091 867585
997 7 0 8423 867586
987 5 0 10327 867585
971 3 0 16598 867585
988 5 0 10416 867585
984 5 0 10678 867585
989 5 0 10474 867585
998 6 0 8753 867586
985 6 0 11217 867585
2471 23 0 1821 870678
970 3 0 17792 867585
991 5 0 10709 867585
1001 6 0 8796 867586
999 6 0 9570 867586
972 3 0 16810 867585
1005 7 0 8344 867586
1000 6 0 9631 867586
990 5 0 11819 867585
674 1 0 57245 864572
974 3 0 17227 867585
1002 6 0 9749 867586
1003 6 0 9781 867586
1004 6 0 9807 867586
1006 6 0 9827 867586
973 3 0 18357 867585
1007 6 0 9861 867586
1008 6 0 9882 867586
1009 6 0 9902 867586
1010 6 0 9913 867586
1011 6 0 9984 867586
1012 6 0 10097 867586
1013 6 0 10162 867586
1014 6 0 10412 867586
992 4 0 14279 867585
975 3 0 18644 867585
1015 6 0 10467 867586
1016 6 0 10480 867586
1017 6 0 10567 867586
1018 6 0 10608 867586
1019 6 0 10621 867586
1020 6 0 10637 867586
993 4 0 14829 867585
994 4 0 14864 867585
1021 6 0 10701 867586
1022 6 0 10786 867586
2466 5 0 13005 870677
1023 6 0 11014 867586
1024 6 0 11052 867586
2472 10 0 5935 870678
659 1 0 64085 862703
1026 6 0 10852 867586
1025 5 0 11416 867586
1028 6 0 10943 867586
806 1 0 71591 865898
1042 7 0 8403 867587
1051 8 0 7432 867587
1027 5 0 11739 867586
1029 5 0 11625 867586
1055 8 0 7437 867587
1053 8 0 7513 867587
2519 6 0 10848 870684
1030 5 0 11950 867586
1031 5 0 11951 867586
1043 7 0 9737 867587
1056 8 0 8419 867587
1046 6 0 9939 867587
1032 5 0 11999 867586
1044 6 0 10198 867587
1057 7 0 8588 867587
1045 6 0 10208 867587
1033 5 0 12164 867586
1034 5 0 12195 867586
1035 5 0 12566 867586
1059 7 0 9062 867587
1047 6 0 10938 867587
1061 7 0 9084 867587
1048 6 0 11149 867587
1060 7 0 9524 867587
1064 7 0 8971 867587
1036 5 0 13241 867586
1037 5 0 13267 867586
1052 6 0 10941 867587
1049 6 0 11295 867587
1058 8 0 9960 867587
1054 6 0 10852 867587
1050 6 0 11335 867587
1063 7 0 9530 867587
1066 7 0 9753 867587
1038 5 0 13678 867586
1062 7 0 10152 867587
1067 7 0 9866 867587
1068 7 0 10019 867587
1065 7 0 10609 867587
1069 7 0 10332 867587
1070 7 0 10523 867587
1071 7 0 10424 867587
1072 6 0 10695 867587
1039 4 0 15416 867586
1092 9 0 7272 867588
1040 4 0 15547 867586
1041 4 0 15829 867586
1074 6 0 10993 867587
1090 10 0 8297 867588
1075 6 0 11109 867587
1091 10 0 8317 867588
1076 6 0 11111 867587
1077 6 0 11117 867587
1078 6 0 11450 867587
2473 7 0 9995 870678
1073 6 0 12180 867587
1093 8 0 8784 867588
1079 6 0 11701 867587
1094 8 0 8826 867588
1097 8 0 8777 867588
1098 8 0 8779 867588
1080 6 0 11993 867587
1099 8 0 8790 867588
1109 9 0 7423 867588
2474 6 0 10953 870678
1081 6 0 12374 867587
1096 7 0 9524 867588
1083 6 0 12374 867587
1082 6 0 12399 867587
1084 6 0 12377 867587
1095 8 0 10247 867588
1100 7 0 9841 867588
1115 10 0 7445 867588
1101 8 0 9628 867588
1085 6 0 12980 867587
2550 3 0 22172 870733
1118 9 0 7556 867588
1105 8 0 9480 867588
1103 7 0 9806 867588
1086 6 0 13247 867587
1108 8 0 9402 867588
1102 7 0 10115 867588
1087 6 0 13249 867587
1104 7 0 10126 867588
1088 6 0 13250 867587
1106 7 0 10371 867588
1135 11 0 6130 867589
1107 7 0 10376 867588
1089 6 0 13203 867587
2520 6 0 11681 870684
1110 7 0 10452 867588
1114 8 0 9657 867588
1111 7 0 10498 867588
2736 2 0 35543 872651
1136 11 0 6235 867589
1137 11 0 6259 867589
1128 9 0 8448 867588
1127 9 0 8646 867588
1112 7 0 10588 867588
1122 8 0 9781 867588
1113 7 0 10792 867588
1125 7 0 10377 867588
1126 7 0 10504 867588
1116 7 0 11406 867588
1117 7 0 11446 867588
1119 7 0 11246 867588
1121 7 0 11333 867588
1133 8 0 9696 867588
1120 7 0 11608 867588
1130 7 0 10582 867588
1138 9 0 8589 867589
1129 7 0 10768 867588
1123 7 0 11592 867588
1124 7 0 11605 867588
1131 7 0 10640 867588
1146 9 0 8117 867589
1132 7 0 10649 867588
1141 9 0 8818 867589
1134 8 0 10176 867588
1147 9 0 8220 867589
1139 8 0 9711 867589
1140 8 0 9460 867589
1148 9 0 8279 867589
1142 8 0 9618 867589
1145 8 0 9560 867589
1144 8 0 9756 867589
1143 8 0 10002 867589
1149 8 0 9954 867589
1150 8 0 10043 867589
1151 8 0 10576 867589
1158 8 0 9863 867589
1155 8 0 10336 867589
1152 8 0 10707 867589
1182 11 0 7177 867590
1156 8 0 10383 867589
2475 7 0 11481 870678
1183 11 0 7218 867590
1154 7 0 10887 867589
1185 11 0 7422 867590
1153 7 0 11170 867589
1164 8 0 10391 867589
1189 11 0 7596 867590
1157 7 0 11478 867589
1187 10 0 8138 867590
1184 11 0 8627 867590
1186 10 0 8474 867590
1161 7 0 11605 867589
1165 8 0 10775 867589
2476 7 0 12033 870678
1171 8 0 10643 867589
1163 7 0 11634 867589
1190 9 0 8647 867590
1193 10 0 7773 867590
1191 9 0 8658 867590
1159 7 0 12840 867589
1166 7 0 11772 867589
1160 7 0 12848 867589
1192 10 0 8330 867590
1197 11 0 7705 867590
1169 7 0 11538 867589
1188 10 0 9790 867590
1196 10 0 8090 867590
1167 7 0 11848 867589
1172 7 0 11650 867589
1168 7 0 11868 867589
1170 7 0 11885 867589
1162 7 0 12942 867589
1198 10 0 8194 867590
1202 10 0 8001 867590
1195 10 0 8517 867590
1173 7 0 11669 867589
1194 9 0 8816 867590
1176 7 0 11355 867589
1199 10 0 8307 867590
1200 10 0 8310 867590
1203 10 0 8338 867590
1177 7 0 11559 867589
1204 10 0 8351 867590
1201 10 0 8648 867590
1205 9 0 8837 867590
1174 7 0 13116 867589
2521 7 0 12515 870684
1209 10 0 8844 867590
1175 6 0 13276 867589
2522 84 0 143 870685
2523 84 0 146 870685
1206 9 0 9391 867590
1210 10 0 8868 867590
2524 84 0 142 870685
1178 7 0 13231 867589
2525 83 0 157 870685
1207 9 0 9751 867590
1208 9 0 9615 867590
1179 7 0 13338 867589
2526 83 0 160 870685
1180 6 0 13435 867589
1181 6 0 13732 867589
1211 9 0 9861 867590
1229 13 0 6175 867591
1212 9 0 9938 867590
1213 9 0 9965 867590
1214 9 0 9681 867590
1215 9 0 9772 867590
1216 9 0 9805 867590
1230 13 0 6272 867591
1217 9 0 9834 867590
1231 13 0 6602 867591
2527 30 0 2311 870685
1218 9 0 10015 867590
1219 9 0 10020 867590
1232 10 0 8756 867591
1233 10 0 9141 867591
1234 10 0 9449 867591
1235 9 0 9528 867591
1236 9 0 9721 867591
1237 9 0 9764 867591
1238 9 0 9771 867591
1239 9 0 9800 867591
2477 8 0 12127 870678
1240 9 0 9918 867591
1241 9 0 9943 867591
1267 11 0 8440 867592
1242 9 0 10072 867591
1243 9 0 10094 867591
1268 11 0 8518 867592
1244 9 0 10476 867591
1249 9 0 10267 867591
1245 9 0 10622 867591
1246 9 0 10485 867591
1247 9 0 10500 867591
1248 9 0 10543 867591
1270 11 0 8362 867592
1271 11 0 8353 867592
675 1 0 96658 864572
1269 11 0 8601 867592
1250 9 0 10669 867591
1272 11 0 8412 867592
1251 9 0 10727 867591
1273 11 0 8435 867592
2551 4 0 22926 870733
1252 9 0 10863 867591
2478 8 0 12355 870678
1274 11 0 8522 867592
1253 9 0 10960 867591
2480 94 0 115 870679
1254 9 0 10961 867591
2481 93 0 127 870679
2482 93 0 128 870679
2483 94 0 118 870679
1220 6 0 15062 867590
1275 10 0 8901 867592
1221 6 0 15284 867590
1276 10 0 9234 867592
1258 8 0 11571 867591
1222 6 0 15377 867590
1259 8 0 11627 867591
1277 10 0 9445 867592
1278 10 0 9206 867592
1255 8 0 11916 867591
1256 8 0 12060 867591
1260 8 0 11961 867591
1257 8 0 12113 867591
1261 8 0 12102 867591
1265 8 0 11894 867591
1262 8 0 12143 867591
1280 10 0 9336 867592
1284 10 0 9068 867592
1263 8 0 12200 867591
1281 10 0 9375 867592
1283 10 0 9297 867592
1279 10 0 9625 867592
1264 8 0 12204 867591
1282 10 0 9515 867592
1266 8 0 12269 867591
1286 10 0 9149 867592
1285 10 0 9416 867592
2528 11 0 8570 870685
1289 10 0 9279 867592
1223 6 0 17267 867590
1224 6 0 17251 867590
1287 10 0 9820 867592
1226 6 0 17438 867590
1288 9 0 10199 867592
1290 10 0 9282 867592
591 1 0 103629 846739
1225 5 0 18752 867590
1227 5 0 18765 867590
1291 10 0 10292 867592
1228 5 0 18860 867590
2484 18 0 5033 870679
1292 10 0 9979 867592
1310 14 0 6996 867593
1308 13 0 7087 867593
1293 10 0 10035 867592
1309 13 0 7212 867593
1312 14 0 7011 867593
1311 13 0 7421 867593
1294 10 0 10082 867592
1296 10 0 9753 867592
1322 14 0 6960 867593
1295 10 0 10119 867592
1297 10 0 9811 867592
1319 13 0 7465 867593
1316 12 0 8342 867593
1324 13 0 7797 867593
1314 12 0 8495 867593
1317 12 0 8354 867593
1318 12 0 8450 867593
1323 12 0 8109 867593
1320 12 0 8461 867593
1325 13 0 7817 867593
1298 9 0 10713 867592
1327 13 0 7710 867593
1299 9 0 10751 867592
1328 13 0 7757 867593
1321 11 0 8915 867593
1315 12 0 9461 867593
1331 12 0 7955 867593
1300 9 0 10911 867592
1301 9 0 10993 867592
1326 11 0 8823 867593
1302 9 0 11132 867592
1330 12 0 8502 867593
1303 9 0 11389 867592
1329 11 0 9165 867593
1332 11 0 9060 867593
1333 11 0 9504 867593
1340 11 0 9213 867593
1334 10 0 9950 867593
1341 11 0 9379 867593
1356 13 0 7812 867594
1357 13 0 7937 867594
2479 8 0 13537 870678
1358 13 0 8003 867594
1337 10 0 10412 867593
1304 8 0 13350 867592
1338 10 0 10419 867593
1335 10 0 10675 867593
1339 10 0 10423 867593
1336 10 0 10724 867593
1305 8 0 13401 867592
1345 10 0 10530 867593
1360 13 0 8073 867594
1346 10 0 10683 867593
1347 10 0 10843 867593
1361 13 0 8086 867594
1342 9 0 11131 867593
1343 9 0 11239 867593
1306 8 0 14002 867592
1362 13 0 8092 867594
2529 10 0 10583 870685
1344 9 0 11372 867593
2485 13 0 8252 870679
1359 13 0 9349 867594
1364 12 0 8657 867594
1307 7 0 15764 867592
1365 12 0 8668 867594
1366 12 0 8719 867594
1367 12 0 8827 867594
1368 12 0 8835 867594
1369 12 0 8840 867594
1363 10 0 10733 867594
1348 8 0 14068 867593
1370 11 0 9527 867594
1349 8 0 14350 867593
1371 11 0 9852 867594
1374 10 0 10443 867594
1372 10 0 10635 867594
1373 10 0 10979 867594
1375 10 0 10980 867594
1376 9 0 12363 867594
2530 11 0 11565 870685
2531 10 0 11716 870685
2532 10 0 12172 870685
2533 10 0 12138 870685
2486 9 0 12985 870679
1350 6 0 18893 867593
2487 9 0 13029 870679
1351 6 0 18985 867593
1377 9 0 13860 867594
1352 6 0 18949 867593
2552 5 0 23209 870733
1353 6 0 20177 867593
1354 6 0 20419 867593
1355 6 0 20490 867593
1378 7 0 17048 867594
1379 7 0 17396 867594
1380 6 0 18366 867594
2562 6 0 19914 870734
2563 6 0 22591 870734
2564 6 0 23088 870734
2553 5 0 24806 870733
2565 6 0 23276 870734
2583 6 0 21107 870735
2584 6 0 21611 870735
2585 6 0 21725 870735
2554 5 0 26029 870733
2566 5 0 24051 870734
2567 5 0 24400 870734
2568 5 0 24494 870734
2569 5 0 24726 870734
2570 5 0 25390 870734
2571 5 0 25171 870734
2586 6 0 23734 870735
2555 5 0 28385 870733
2587 5 0 24192 870735
2588 5 0 24455 870735
2556 5 0 28583 870733
2572 5 0 26205 870734
2557 5 0 28698 870733
2558 5 0 28764 870733
2589 5 0 24680 870735
2603 6 0 21724 870736
2590 5 0 24898 870735
2559 5 0 29027 870733
2573 5 0 26742 870734
2591 5 0 25270 870735
2560 5 0 29138 870733
2575 5 0 26539 870734
2574 5 0 26754 870734
2604 6 0 22136 870736
2576 5 0 26871 870734
2577 5 0 26873 870734
2578 5 0 26892 870734
2579 5 0 27006 870734
2592 5 0 25477 870735
2580 5 0 27088 870734
2593 5 0 25578 870735
2581 5 0 27311 870734
2594 5 0 25395 870735
2605 6 0 23173 870736
2561 4 0 30677 870733
2595 5 0 25583 870735
2606 6 0 23319 870736
2596 5 0 26317 870735
2607 6 0 23702 870736
2608 6 0 23449 870736
2582 5 0 29234 870734
2597 5 0 26922 870735
2598 5 0 27002 870735
2609 6 0 24366 870736
2599 5 0 27297 870735
2600 5 0 27420 870735
2601 5 0 27672 870735
2610 6 0 24197 870736
2611 6 0 25033 870736
2602 5 0 29096 870735
2622 6 0 22594 870737
2612 5 0 26288 870736
2623 6 0 23506 870737
2613 5 0 26619 870736
2624 6 0 23789 870737
2614 5 0 27211 870736
2615 5 0 26809 870736
2616 5 0 27331 870736
2617 5 0 27431 870736
2625 6 0 23922 870737
2618 5 0 27826 870736
2626 6 0 24134 870737
2619 5 0 28454 870736
2627 6 0 24144 870737
2620 5 0 29168 870736
2628 6 0 22541 870737
2621 5 0 30606 870736
2629 6 0 24281 870737
2630 6 0 23242 870737
2631 6 0 23578 870737
2632 6 0 23722 870737
2633 6 0 23979 870737
2634 6 0 24430 870737
2635 6 0 24846 870737
2636 6 0 25992 870737
2637 6 0 26817 870737
2638 6 0 27202 870737
2639 5 0 28241 870737
2640 5 0 28929 870737
638 1 0 192801 857598
639 1 0 192801 857598
676 1 0 169203 864572
677 1 0 169203 864572
678 1 0 336647 864572
682 1 0 336647 864572
686 1 0 336647 864572
679 1 0 361832 864572
683 1 0 361832 864572
680 1 0 362893 864572
687 1 0 361832 864572
684 1 0 362893 864572
688 1 0 362893 864572
681 1 0 375001 864572
685 1 0 375001 864572
689 1 0 375001 864572
