Scheduler,Number of jobs,Maximum queue time,Mean queue time,Total queue time,Maximum flow,Mean flow,Total flow,Transfer time,Makespan,Core time used, Waiting for a load time, Total waiting for a load time and transfer time, Mean Stretch, Mean Stretch With a Minimum, Max Stretch, Max Stretch With a Minimum, Nb Upgraded Jobs, Nb jobs large queue time, Mean flow stretch 128 jobs, Mean flow stretch 256 jobs, Mean flow stretch 1024 jobs, Mean flow stretch with a minimum 128 jobs, Mean flow stretch with a minimum 256 jobs, Mean flow stretch with a minimum 1024 jobs, Number of data reuse

01-02
FCFS,36492,77056.000000,1911.378662,69750032.000000,422656.000000,10716.082031,391051264.000000,3198144.000000,3473594.000000,1137350400.000000,653894.000000,3852038.000000,1.157070,1.147394,65.967567,47.362152,0,868,1.157070,0.000000,0.000000,1.147394,0.000000,0.000000,21308
FCFS CONSERVATIVE BF MODE 2,36492,78904.000000,1733.131470,63245432.000000,424504.000000,10538.497070,384570848.000000,3166912.000000,3475442.000000,1137422208.000000,707954.000000,3874866.000000,1.129007,1.120135,62.962162,48.337967,0,874,1.129007,0.000000,0.000000,1.120135,0.000000,0.000000,21817
EFT,36492,77459.000000,1908.153076,69632320.000000,423059.000000,10712.674805,390926944.000000,3149824.000000,3473997.000000,1137326592.000000,696209.000000,3846033.000000,1.155383,1.145759,64.648651,47.471584,0,869,1.155383,0.000000,0.000000,1.145759,0.000000,0.000000,22040
EFT CONSERVATIVE BF MODE 2,36492,78740.000000,1736.515015,63368904.000000,424340.000000,10542.017578,384699296.000000,3132864.000000,3475278.000000,1137434368.000000,747726.000000,3880590.000000,1.129188,1.120293,63.448650,48.227329,0,872,1.129188,0.000000,0.000000,1.120293,0.000000,0.000000,22354
SCORE,36492,521037.000000,7373.529785,269074848.000000,866637.000000,16111.823242,587952640.000000,932224.000000,3917575.000000,1104823296.000000,460860.000000,1393084.000000,1.579455,1.563611,132.256485,132.256485,0,1142,1.579455,0.000000,0.000000,1.563611,0.000000,0.000000,32136

01-03
FCFS,19451,77341.000000,43770.996094,851389632.000000,645957.000000,52037.324219,1012177984.000000,1728704.000000,3771045.000000,321886560.000000,387069.000000,2115773.000000,29.011683,26.678392,406.524078,253.399994,0,16897,29.011683,0.000000,0.000000,26.678392,0.000000,0.000000,9712
FCFS CONSERVATIVE BF MODE 2,19451,79573.000000,38497.386719,748812672.000000,645777.000000,46765.898438,909643456.000000,1713984.000000,3770865.000000,321775392.000000,443629.000000,2157613.000000,21.876148,20.992834,396.578369,248.966660,0,15310,21.876148,0.000000,0.000000,20.992834,0.000000,0.000000,9851

06-11
FCFS,4166,558025.000000,501623.531250,2089763584.000000,784325.000000,504572.031250,2102047104.000000,348672.000000,7410957.000000,79373000.000000,27098.000000,375770.000000,745.630493,563.573120,2878.614990,1794.336670,0,4166,745.630493,0.000000,0.000000,563.573120,0.000000,0.000000,3125
FCFS CONSERVATIVE BF MODE 2,4166,548982.000000,72088.000000,300318592.000000,771399.000000,75028.445312,312568512.000000,340864.000000,7398031.000000,79476984.000000,3304.000000,344168.000000,45.655022,43.470657,619.212341,619.212341,0,3303,45.655022,0.000000,0.000000,43.470657,0.000000,0.000000,3264
EFT,4166,561617.000000,505759.156250,2106992640.000000,787296.000000,508711.281250,2119291136.000000,357184.000000,7413928.000000,79440280.000000,29988.000000,387172.000000,751.926758,568.298950,2906.101562,1811.469971,0,4166,751.926758,0.000000,0.000000,568.298950,0.000000,0.000000,3064
EFT CONSERVATIVE BF MODE 2,4166,552903.000000,70710.453125,294579744.000000,774511.000000,73653.625000,306840992.000000,349504.000000,7401143.000000,79762296.000000,5603.000000,355107.000000,45.783001,43.654144,618.913513,618.913513,0,3323,45.783001,0.000000,0.000000,43.654144,0.000000,0.000000,3260
SCORE,4166,761848.000000,456332.968750,1901083136.000000,801794.000000,459255.812500,1913259776.000000,234688.000000,7425558.000000,77293664.000000,28456.000000,263144.000000,673.907898,509.870270,2634.374268,1642.093384,0,4166,673.907898,0.000000,0.000000,509.870270,0.000000,0.000000,3201
SCORE CONSERVATIVE BF MODE 2,4166,752308.000000,56418.515625,235039536.000000,792370.000000,59338.265625,247203216.000000,249920.000000,7415381.000000,77350512.000000,9001.000000,258921.000000,33.452538,32.995686,538.048523,538.048523,0,3006,33.452538,0.000000,0.000000,32.995686,0.000000,0.000000,422
OPPORTUNISTIC-SCORE MIX,4166,551002.000000,480213.187500,2000568192.000000,779618.000000,483163.187500,2012857856.000000,358784.000000,7406250.000000,79384408.000000,16004.000000,374788.000000,711.763000,538.338928,2761.721924,1721.473389,0,4166,711.763000,0.000000,0.000000,538.338928,0.000000,0.000000,2980
OPPORTUNISTIC-SCORE MIX CONSERVATIVE BF MODE 2,4166,549042.000000,68863.453125,286885152.000000,766972.000000,71806.070312,299144096.000000,351232.000000,7393604.000000,79506184.000000,1958.000000,353190.000000,47.458546,44.881950,570.376160,570.376160,0,3305,47.458546,0.000000,0.000000,44.881950,0.000000,0.000000,2931
EFT-SCORE MIX,4166,570668.000000,455648.906250,1898233344.000000,726717.000000,458581.031250,1910448512.000000,273088.000000,7354483.000000,78061664.000000,28456.000000,301544.000000,673.891479,509.853882,2634.374268,1642.093384,0,4166,673.891479,0.000000,0.000000,509.853882,0.000000,0.000000,3171
EFT-SCORE MIX CONSERVATIVE BF MODE 2,4166,567886.000000,55783.910156,232395776.000000,733022.000000,58712.578125,244596608.000000,287040.000000,7359654.000000,78092912.000000,9001.000000,296041.000000,33.437485,32.980637,538.048523,538.048523,0,3006,33.437485,0.000000,0.000000,32.980637,0.000000,0.000000,393

09-14
FCFS,7560,167608.000000,94889.507812,717364672.000000,688555.000000,98876.226562,747504256.000000,973118.000000,9058910.000000,202586272.000000,60174.000000,1033292.000000,129.936783,113.834480,616.844116,409.559998,0,7560,129.936783,0.000000,0.000000,113.834480,0.000000,0.000000,4305
FCFS CONSERVATIVE BF MODE 2,7560,170620.000000,48758.523438,368614432.000000,693729.000000,52741.335938,398724512.000000,921662.000000,9064084.000000,202040480.000000,85468.000000,1007130.000000,38.541603,33.392452,544.526855,337.606659,0,4850,38.541603,0.000000,0.000000,33.392452,0.000000,0.000000,4492
EFT,7560,169543.000000,94890.710938,717373760.000000,690543.000000,98878.875000,747524288.000000,978430.000000,9060898.000000,202624256.000000,62642.000000,1041072.000000,130.203568,114.040344,609.854858,406.676666,0,7560,130.203568,0.000000,0.000000,114.040344,0.000000,0.000000,4280
EFT CONSERVATIVE BF MODE 2,7560,170102.000000,56869.308594,429931968.000000,692434.000000,60854.699219,460061536.000000,952318.000000,9062789.000000,202325824.000000,72686.000000,1025004.000000,50.406792,43.446217,545.231201,338.043335,0,5902,50.406792,0.000000,0.000000,43.446217,0.000000,0.000000,4272
SCORE,7560,413051.000000,72029.242188,544541056.000000,682941.000000,75969.757812,574331392.000000,628158.000000,9053296.000000,198357152.000000,47827.000000,675985.000000,97.165840,85.349739,527.129028,329.043335,0,7560,97.165840,0.000000,0.000000,85.349739,0.000000,0.000000,5332
SCORE CONSERVATIVE BF MODE 2,7560,413088.000000,66069.023438,499481824.000000,684221.000000,70023.937500,529380992.000000,739710.000000,9054576.000000,198834336.000000,50033.000000,789743.000000,88.465263,77.872765,517.682800,323.846680,0,7560,88.465263,0.000000,0.000000,77.872765,0.000000,0.000000,4536
OPPORTUNISTIC-SCORE MIX,7560,169805.000000,86942.976562,657288896.000000,690487.000000,90931.203125,687439872.000000,978430.000000,9060842.000000,202413088.000000,65084.000000,1043514.000000,119.090904,104.508545,574.763428,400.983337,0,7560,119.090904,0.000000,0.000000,104.508545,0.000000,0.000000,4091
OPPORTUNISTIC-SCORE MIX CONSERVATIVE BF MODE 2,7560,172687.000000,44955.746094,339865440.000000,697480.000000,48936.714844,369961568.000000,922878.000000,9067835.000000,202000544.000000,72029.000000,994907.000000,37.295086,31.867519,535.360229,331.923340,0,4253,37.295086,0.000000,0.000000,31.867519,0.000000,0.000000,28
EFT-SCORE MIX,7560,323098.000000,71962.476562,544036352.000000,682941.000000,75904.359375,573836928.000000,638398.000000,9053296.000000,198561952.000000,47827.000000,686225.000000,97.164398,85.348297,527.129028,329.043335,0,7560,97.164398,0.000000,0.000000,85.348297,0.000000,0.000000,210
EFT-SCORE MIX CONSERVATIVE BF MODE 2,7560,310131.000000,65985.210938,498848224.000000,684221.000000,69941.992188,528761440.000000,753790.000000,9054576.000000,199115936.000000,50033.000000,803823.000000,88.463486,77.870987,517.682800,323.846680,0,7560,88.463486,0.000000,0.000000,77.870987,0.000000,0.000000,153

09-12
FCFS,17969,145403.000000,128372.992188,2306734336.000000,690814.000000,131188.703125,2357329920.000000,1003904.000000,8909382.000000,237215072.000000,206802.000000,1210706.000000,318.001038,269.348022,765.114136,471.753326,0,17969,318.001038,0.000000,0.000000,269.348022,0.000000,0.000000,14021

09-11
FCFS,7202,104506.000000,73654.781250,530461728.000000,508896.000000,86677.953125,624254592.000000,298240.000000,8630761.000000,211673728.000000,74301.000000,372541.000000,81.304932,56.108555,519.470276,321.826660,0,6832,81.304932,0.000000,0.000000,56.108555,0.000000,0.000000,6042

09-10
FCFS,1511,83768.000000,4553.683105,6880615.000000,446097.000000,12041.257812,18194340.000000,336704.000000,6649275.000000,133422560.000000,25109.000000,361813.000000,2.293481,2.246649,68.769577,68.769577,0,133,2.293481,0.000000,0.000000,2.246649,0.000000,0.000000,788

09-09
FCFS,10201,6882.000000,525.954224,5365259.000000,604800.000000,2906.177490,29645916.000000,1149568.000000,6724774.000000,231543504.000000,419380.000000,1568948.000000,1.694328,1.617525,7.559829,7.559829,0,0,1.694328,0.000000,0.000000,1.617525,0.000000,0.000000,6654

09-08
FCFS,8692,1146.000000,47.045330,408918.000000,604800.000000,6545.212891,56890992.000000,935040.000000,6647891.000000,427585920.000000,625231.000000,1560271.000000,1.079986,1.069734,2.944079,2.944079,0,0,1.079986,0.000000,0.000000,1.069734,0.000000,0.000000,6324

03-23
FCFS,14731,45237.000000,10118.588867,149056928.000000,812040.000000,17338.349609,255411216.000000,3125888.000000,2709952.000000,579883136.000000,334293.000000,3460181.000000,17.859053,17.163408,101.770050,66.173332,0,975,17.859053,0.000000,0.000000,17.163408,0.000000,0.000000,7323
FCFS CONSERVATIVE BF MODE 2,14731,66865.000000,5622.022461,82818016.000000,812040.000000,12841.108398,189162368.000000,3125696.000000,2709952.000000,579699712.000000,323576.000000,3449272.000000,5.699204,5.547897,46.658344,46.658344,0,1213,5.699204,0.000000,0.000000,5.547897,0.000000,0.000000,7204
EFT,14731,44532.000000,9702.868164,142932944.000000,812040.000000,16922.455078,249284688.000000,3108672.000000,2709952.000000,579988736.000000,348649.000000,3457321.000000,16.925428,16.258553,94.326202,61.496666,0,964,16.925428,0.000000,0.000000,16.258553,0.000000,0.000000,7500
EFT CONSERVATIVE BF MODE 2,14731,63128.000000,5449.278320,80273320.000000,812040.000000,12669.311523,186631632.000000,3106624.000000,2709952.000000,579571840.000000,357354.000000,3463978.000000,5.864383,5.707677,44.012127,44.012127,0,1155,5.864383,0.000000,0.000000,5.707677,0.000000,0.000000,7224
SCORE,14731,205553.000000,3525.077881,51927924.000000,812040.000000,10658.334961,157007936.000000,1876672.000000,2709952.000000,561719744.000000,305874.000000,2182546.000000,2.658622,2.581878,27.656206,27.656206,0,939,2.658622,0.000000,0.000000,2.581878,0.000000,0.000000,10218

03-28
FCFS,29846,22471.000000,8684.552734,259199168.000000,624270.000000,11231.346680,335210784.000000,6021824.000000,2942079.000000,990587456.000000,930759.000000,6952583.000000,18.848019,17.161135,93.406090,62.166668,0,0,18.848019,0.000000,0.000000,17.161135,0.000000,0.000000,16821
FCFS CONSERVATIVE BF MODE 2,29846,22495.000000,4190.154297,125059344.000000,624280.000000,6736.399902,201054592.000000,6151104.000000,2942089.000000,991816128.000000,799414.000000,6950518.000000,8.197106,7.532269,30.648935,22.432570,0,0,8.197106,0.000000,0.000000,7.532269,0.000000,0.000000,16508
EFT,29846,22699.000000,6004.433105,179208304.000000,624785.000000,8506.778320,253893312.000000,4667072.000000,2942594.000000,969862976.000000,956276.000000,5623348.000000,12.474502,11.403298,66.939087,44.950001,0,0,12.474502,0.000000,0.000000,11.403298,0.000000,0.000000,4745
SCORE,29846,524735.000000,2020.574097,60306056.000000,1048864.000000,4464.234863,133239552.000000,3157248.000000,3362948.000000,953101952.000000,691332.000000,3848580.000000,2.166691,2.094087,30.772152,30.772152,0,100,2.166691,0.000000,0.000000,2.094087,0.000000,0.000000,5226

03-31
FCFS,12218,20413.000000,1975.689697,24138976.000000,519120.000000,7463.557617,91189744.000000,1848064.000000,2156934.000000,789209856.000000,532117.000000,2380181.000000,7.055220,5.457030,33.224598,22.803333,0,0,7.055220,0.000000,0.000000,5.457030,0.000000,0.000000,6428
FCFS CONSERVATIVE BF MODE 2,12218,20149.000000,844.500244,10318104.000000,519120.000000,6334.706055,77397440.000000,1871296.000000,2156934.000000,789290496.000000,537378.000000,2408674.000000,2.439537,2.065737,15.297432,15.297432,0,0,2.439537,0.000000,0.000000,2.065737,0.000000,0.000000,6209
EFT,12218,20040.000000,1742.061279,21284504.000000,519120.000000,7230.636719,88343920.000000,1838080.000000,2156934.000000,789252224.000000,550871.000000,2388951.000000,6.134444,4.768971,31.647058,20.590000,0,0,6.134444,0.000000,0.000000,4.768971,0.000000,0.000000,6518
EFT CONSERVATIVE BF MODE 2,12218,19831.000000,895.763123,10944434.000000,519120.000000,6384.903809,78010752.000000,1842112.000000,2156934.000000,789297920.000000,553670.000000,2395782.000000,2.648527,2.221175,15.031384,15.031384,0,0,2.648527,0.000000,0.000000,2.221175,0.000000,0.000000,6545
SCORE CONSERVATIVE BF MODE 2,12218,514800.000000,3709.806885,45326420.000000,772200.000000,9119.220703,111418640.000000,980800.000000,2439800.000000,779554816.000000,327573.000000,1308373.000000,2.068034,1.705960,127.289589,127.289589,0,191,2.068034,0.000000,0.000000,1.705960,0.000000,0.000000,9403
OPPORTUNISTIC-SCORE MIX,12218,18874.000000,1462.527710,17869164.000000,519120.000000,6951.531250,84933808.000000,1862272.000000,2156934.000000,789350784.000000,531899.000000,2394171.000000,5.039836,3.958256,24.689840,16.580000,0,0,5.039836,0.000000,0.000000,3.958256,0.000000,0.000000,6351
OPPORTUNISTIC-SCORE MIX CONSERVATIVE BF MODE 2,12218,19832.000000,934.662964,11419712.000000,519120.000000,6425.558594,78507472.000000,1870656.000000,2156934.000000,789374208.000000,546571.000000,2417227.000000,2.815968,2.328732,15.076320,15.076320,0,0,2.815968,0.000000,0.000000,2.328732,0.000000,0.000000,182

09-08
FCFS,8692,1146.000000,47.045330,408918.000000,604800.000000,6545.212891,56890992.000000,935040.000000,6647891.000000,427585920.000000,625231.000000,1560271.000000,1.079986,1.069734,2.944079,2.944079,0,0,1.079986,0.000000,0.000000,1.069734,0.000000,0.000000,6324

09-13
FCFS,15473,178002.000000,89978.078125,1392230784.000000,755719.000000,98937.343750,1530857472.000000,1230976.000000,9073183.000000,628241280.000000,208270.000000,1439246.000000,129.889572,121.476852,796.397827,501.746674,0,15473,129.889572,0.000000,0.000000,121.476852,0.000000,0.000000,12085
FCFS CONSERVATIVE BF MODE 2,15473,180002.000000,64903.406250,1004250432.000000,753364.000000,73856.242188,1142777600.000000,1177216.000000,9070828.000000,627500544.000000,165483.000000,1342699.000000,78.028236,73.863861,723.903198,450.739990,0,15251,78.028236,0.000000,0.000000,73.863861,0.000000,0.000000,12057
EFT,15473,182669.000000,88585.359375,1370681216.000000,756591.000000,97545.257812,1509317760.000000,1242112.000000,9074055.000000,628331136.000000,213825.000000,1455937.000000,126.095863,117.966415,800.322571,503.783325,0,15473,126.095863,0.000000,0.000000,117.966415,0.000000,0.000000,5248
EFT CONSERVATIVE BF MODE 2,15473,181767.000000,64506.015625,998101568.000000,753691.000000,73457.109375,1136601856.000000,1146752.000000,9071155.000000,627047936.000000,172827.000000,1319579.000000,77.656097,73.428741,737.048401,458.366669,0,15226,77.656097,0.000000,0.000000,73.428741,0.000000,0.000000,3335
SCORE,15473,386332.000000,72176.500000,1116786944.000000,730778.000000,81097.312500,1254818688.000000,682240.000000,9048242.000000,620590528.000000,149557.000000,831797.000000,100.150818,93.388565,679.715027,427.813324,0,15473,100.150818,0.000000,0.000000,93.388565,0.000000,0.000000,4653
SCORE CONSERVATIVE BF MODE 2,15473,380740.000000,51712.125000,800141696.000000,728087.000000,60638.656250,938261952.000000,779520.000000,9045551.000000,620964864.000000,158600.000000,938120.000000,57.581940,54.052132,669.784973,419.026672,0,10494,57.581940,0.000000,0.000000,54.052132,0.000000,0.000000,3499
