Power used per node, Job Id, Number of nodes used, Number of cores used, Requested Walltime, Runtime, Username
163.7, 1033693, 4, 80, 3540, 1563, e9f5a27c
82800, 180.1, 1033473, 20, 400, 86400, 43512, 337de3e0
14400, 14400, 205.2, 1033631, 4, 80, 86400, 30913, 3417f8e7
86400, 171.6, 1033692, 12, 240, 86400, 13677, 704344f1
86400, 178.3, 1033698, 4, 80, 14400, 5612, 9ef292ea
174.7, 1033699, 4, 80, 14400, 5613, 9ef292ea
181.7, 1033700, 4, 80, 14400, 5616, 9ef292ea
184.4, 1033697, 4, 80, 14400, 5783, 9ef292ea
172.3, 1033695, 4, 80, 14400, 5829, 9ef292ea
173.1, 1033701, 4, 80, 14400, 5779, 9ef292ea
171.5, 1033702, 4, 80, 14400, 5778, 9ef292ea
168.9, 1033696, 4, 80, 14400, 5941, 9ef292ea
182.3, 1033474, 20, 400, 86400, 43016, 337de3e0
14400, 86400, 175.4, 1033704, 4, 80, 14400, 5778, 9ef292ea
172.4, 1033703, 4, 80, 14400, 5915, 9ef292ea
14400, 14400, 14400, 14400, 167.2, 1033487, 29, 580, 86400, 53882, 337de3e0
14400, 82800, 163.5, 1033489, 7, 140, 86400, 82934, b280536c
14400, 82800, 172.8, 1033500, 16, 320, 86400, 86425, 441960ad
86400, 173.2, 1033709, 16, 320, 14400, 9567, 07fbc350
14400, 170.7, 1033711, 16, 320, 14400, 9580, 07fbc350
14400, 170.0, 1033712, 16, 320, 14400, 9625, 07fbc350
170.3, 1033710, 16, 320, 14400, 9678, 07fbc350
14400, 163.5, 1033486, 29, 580, 86400, 62402, 337de3e0
14400, 176.3, 1033713, 16, 320, 14400, 9570, 07fbc350
86400, 193.3, 1033563, 5, 100, 86400, 73916, 34419315
72000, 192.6, 1033564, 5, 100, 86400, 75317, 34419315
72000, 172.1, 1033714, 16, 320, 14400, 9609, 07fbc350
170.8, 1033597, 12, 240, 86400, 18014, 704344f1
86400, 185.1, 1033673, 1, 20, 86400, 33172, 5149c519
192.7, 1033566, 5, 100, 86400, 77225, 34419315
72000, 86400, 170.6, 1033533, 8, 160, 86400, 51513, 9ac650f2
173.4, 1033715, 16, 320, 14400, 9577, 07fbc350
171.2, 1033716, 16, 320, 14400, 9544, 07fbc350
170.5, 1033717, 16, 320, 14400, 9559, 07fbc350
189.1, 1033573, 5, 100, 86400, 78025, 34419315
72000, 172.9, 1033718, 16, 320, 14400, 9588, 07fbc350
86400, 192.0, 1033567, 5, 100, 86400, 79002, 34419315
72000, 177.9, 1033638, 8, 160, 86399, 53573, 3b551518
183.7, 1033685, 1, 20, 86400, 37883, 264ef58f
86100, 172.7, 1033639, 8, 160, 86399, 54512, 3b551518
86100, 170.4, 1033532, 8, 160, 86400, 55818, 9ac650f2
205.9, 1033626, 1, 20, 86100, 60755, c6da2b0a
86400, 178.1, 1033735, 1, 20, 86400, 638, 5149c519
233.2, 1033570, 1, 20, 86100, 85547, b1dd1b9c
221.8, 1033571, 1, 20, 86100, 85617, 5fd37ab0
175.6, 1033644, 12, 240, 86400, 13619, 704344f1
86400, 205.1, 1033705, 4, 80, 86400, 35652, 3417f8e7
86400, 209.3, 1033641, 4, 80, 86400, 63138, 3417f8e7
86400, 168.0, 1033535, 8, 160, 86400, 63907, 9ac650f2
223.3, 1033647, 1, 20, 86100, 57209, c6da2b0a
213.6, 1033578, 4, 80, 86400, 85342, 160ac4d1
86100, 86100, 86100, 86100, 205.2, 1033648, 2, 40, 86100, 61662, b1dd1b9c
197.6, 1033658, 2, 40, 86100, 58168, c6da2b0a
86100, 86100, 86400, 199.4, 1033477, 20, 400, 86400, 83580, 65f82fb0
219.0, 1033743, 1, 20, 86100, 4529, 5fd37ab0
43200, 160.5, 1033629, 7, 140, 86400, 77653, 5c8e3240
222.6, 1033731, 1, 20, 86100, 19811, c6da2b0a
227.0, 1033582, 4, 80, 86400, 86407, 610df447
215.3, 1033583, 4, 80, 86400, 86401, 160ac4d1
176.2, 1033706, 12, 240, 86400, 12309, 704344f1
230.0, 1033581, 4, 80, 86400, 86434, 160ac4d1
86400, 86400, 217.9, 1033584, 4, 80, 86400, 86434, 610df447
221.7, 1033585, 4, 80, 86400, 86434, 8f03956b
222.2, 1033586, 4, 80, 86400, 86407, 160ac4d1
77.5, 1033725, 2, 40, 72000, 29947, 4346a383
86400, 86400, 86400, 70.0, 1033726, 2, 40, 72000, 29835, 4346a383
86400, 165.9, 1033627, 7, 140, 86400, 82932, 2b8902d6
86400, 86400, 231.1, 1033748, 2, 40, 43200, 5437, 49b8bc5d
86400, 193.5, 1033593, 4, 80, 86400, 86412, 160ac4d1
86400, 86400, 86400, 86400, 164.4, 1033632, 7, 140, 86400, 82930, 5c8e3240
86400, 164.0, 1033633, 7, 140, 86400, 82927, b280536c
193.6, 1033606, 2, 40, 86400, 86414, 696d3abf
175.1, 1033607, 2, 40, 86400, 86418, 696d3abf
178.6, 1033608, 2, 40, 86400, 86431, 696d3abf
179.8, 1033671, 1, 20, 86400, 64920, 5149c519
172.3, 1033672, 1, 20, 86400, 64904, 5149c519
179.2, 1033674, 1, 20, 86400, 64874, 5149c519
176.7, 1033675, 1, 20, 86400, 64860, 5149c519
180.1, 1033676, 1, 20, 86400, 64843, 5149c519
175.4, 1033677, 1, 20, 86400, 64828, 5149c519
171.4, 1033678, 1, 20, 86400, 64813, 5149c519
174.3, 1033679, 1, 20, 86400, 64797, 5149c519
180.6, 1033680, 1, 20, 86400, 64742, 264ef58f
178.9, 1033681, 1, 20, 86400, 64717, 264ef58f
182.8, 1033682, 1, 20, 86400, 64713, 264ef58f
177.8, 1033683, 1, 20, 86400, 64697, 264ef58f
168.5, 1033684, 1, 20, 86400, 64662, 264ef58f
178.4, 1033686, 1, 20, 86400, 64632, 264ef58f
180.8, 1033687, 1, 20, 86400, 64616, 264ef58f
182.3, 1033688, 1, 20, 86400, 64591, 264ef58f
172.4, 1033689, 1, 20, 86400, 64586, 264ef58f
172.4, 1033690, 1, 20, 86400, 64570, 264ef58f
184.8, 1033691, 1, 20, 86400, 64555, 264ef58f
175.4, 1033736, 1, 20, 86400, 22040, 264ef58f
170.9, 1033774, 1, 20, 86400, 668, 5149c519
86400, 86400, 86400, 86400, 86400, 86400, 86400, 86400, 86400, 86400, 181.6, 1033609, 2, 40, 86400, 86408, 696d3abf
86400, 173.2, 1033610, 2, 40, 86400, 86409, 696d3abf
174.6, 1033611, 2, 40, 86400, 86401, 696d3abf
86400, 177.7, 1033612, 2, 40, 86400, 86412, 696d3abf
86400, 86400, 86400, 181.4, 1033594, 4, 80, 86400, 86432, 8f03956b
86400, 86400, 178.2, 1033614, 2, 40, 86400, 86405, 696d3abf
86400, 174.0, 1033613, 2, 40, 86400, 86431, 696d3abf
86400, 175.6, 1033615, 2, 40, 86400, 86422, 696d3abf
174.3, 1033616, 2, 40, 86400, 86416, 696d3abf
86400, 86400, 182.1, 1033617, 2, 40, 86400, 86404, 696d3abf
181.1, 1033620, 2, 40, 86400, 86411, 87635b93
175.2, 1033618, 2, 40, 86400, 86442, 696d3abf
178.6, 1033619, 2, 40, 86400, 86433, 696d3abf
180.0, 1033621, 2, 40, 86400, 86407, f0646b05
178.8, 1033622, 2, 40, 86400, 86412, f0646b05
189.2, 1033623, 2, 40, 86400, 86420, f0646b05
174.2, 1033624, 2, 40, 86400, 86418, f0646b05
188.4, 1033625, 2, 40, 86400, 86414, f0646b05
194.9, 1033630, 2, 40, 86100, 86076, b1dd1b9c
43200, 175.7, 1033596, 64, 1280, 86400, 86216, 4665cdf3
74.4, 1033729, 2, 40, 72000, 31266, 4346a383
71.5, 1033730, 2, 40, 72000, 31103, 4346a383
43200, 179.4, 1033600, 64, 1280, 86400, 86201, a86bacdf
179.7, 1033637, 8, 160, 86399, 86411, 3b551518
173.6, 1033640, 8, 160, 86399, 86427, 3b551518
67.5, 1033728, 2, 40, 72000, 35841, 4346a383
86400, 86400, 86400, 86400, 86400, 86400, 86400, 86400, 86400, 86400, 86400, 86400, 86400, 86400, 86400, 86400, 86400, 86400, 86400, 86400, 86400, 86400, 86400, 86400, 86400, 86400, 86400, 86400, 86400, 86400, 86400, 86400, 86400, 86400, 86400, 86400, 187.8, 1033811, 4, 80, 86400, 1771, 160ac4d1
175.6, 1033727, 12, 240, 86400, 16349, 704344f1
86400, 211.9, 1033738, 4, 80, 86400, 28602, 3417f8e7
82800, 207.4, 1033724, 4, 80, 86400, 48989, 3417f8e7
86400, 167.0, 1033721, 1, 20, 82800, 55102, f8c12f18
82800, 184.1, 1033775, 1, 20, 86400, 16748, 5149c519
178.7, 1033776, 1, 20, 86400, 16734, 5149c519
178.9, 1033777, 1, 20, 86400, 16707, 5149c519
178.9, 1033778, 1, 20, 86400, 16702, 5149c519
191.5, 1033779, 1, 20, 86400, 16687, 5149c519
194.7, 1033780, 1, 20, 86400, 16672, 5149c519
177.0, 1033781, 1, 20, 86400, 16656, 5149c519
183.8, 1033782, 1, 20, 86400, 16600, 5149c519
179.8, 1033783, 1, 20, 86400, 16586, 5149c519
183.0, 1033784, 1, 20, 86400, 16570, 264ef58f
171.2, 1033785, 1, 20, 86400, 16555, 264ef58f
184.9, 1033786, 1, 20, 86400, 16539, 264ef58f
188.7, 1033787, 1, 20, 86400, 16524, 264ef58f
177.8, 1033788, 1, 20, 86400, 16509, 264ef58f
188.2, 1033789, 1, 20, 86400, 16494, 264ef58f
176.2, 1033790, 1, 20, 86400, 16478, 264ef58f
180.2, 1033791, 1, 20, 86400, 16463, 264ef58f
176.0, 1033792, 1, 20, 86400, 16448, 264ef58f
176.9, 1033793, 1, 20, 86400, 16432, 264ef58f
184.2, 1033794, 1, 20, 86400, 16416, 264ef58f
181.6, 1033795, 1, 20, 86400, 16401, 264ef58f
214.9, 1033661, 1, 20, 86100, 86134, 5fd37ab0
86400, 171.1, 1033536, 8, 160, 86400, 66693, 9ac650f2
86400, 86400, 86400, 86400, 86400, 86400, 86400, 86400, 86400, 86400, 86400, 86400, 86400, 86400, 86400, 86400, 86400, 86400, 86400, 86400, 86400, 218.5, 1033796, 2, 40, 43200, 19930, 49b8bc5d
43200, 189.6, 1033839, 4, 80, 86400, 5181, 160ac4d1
215.1, 1033739, 4, 80, 86400, 39601, 3417f8e7
86400, 193.7, 1033751, 4, 80, 86400, 27080, 160ac4d1
176.8, 1033737, 12, 240, 86400, 13696, 704344f1
86400, 82800, 173.2, 1033854, 1, 20, 86400, 13946, 264ef58f
180.7, 1033843, 1, 20, 86400, 15491, 5149c519
120, 120, 178.2, 1033749, 12, 240, 86400, 12017, 704344f1
86400, 218.0, 1033861, 2, 40, 43200, 16120, 49b8bc5d
218.2, 1033742, 1, 20, 86100, 52655, b1dd1b9c
82800, 221.5, 1033797, 1, 20, 43200, 37583, 49b8bc5d
86340, 86340, 86340, 86340, 86340, 86340, 132.0, 1033882, 6, 120, 86340, 725, 88b0591a
86340, 86340, 140.4, 1033879, 6, 120, 86340, 3036, 88b0591a
86340, 86400, 173.1, 1033723, 16, 320, 86400, 86405, 441960ad
96.4, 1033881, 5, 100, 86340, 6855, 88b0591a
210.7, 1033862, 4, 80, 86400, 26856, 3417f8e7
86400, 86100, 86100, 86100, 72000, 54000, 54000, 86400, 216.8, 1033732, 1, 20, 86100, 77301, 5fd37ab0
86400, 3540, 175.4, 1033834, 12, 240, 86400, 16497, 704344f1
86400, 3540, 156.4, 1033898, 3, 60, 3540, 421, 025af335
3540, 159.4, 1033900, 3, 60, 3540, 424, 025af335
3540, 86400, 86400, 149.7, 1033741, 3, 60, 86100, 67635, c6da2b0a
86400, 167.1, 1033901, 3, 60, 3540, 2630, 755dc3a3
196.1, 1033740, 2, 40, 86100, 68772, c6da2b0a
86400, 165.7, 1033902, 3, 60, 3540, 2647, 755dc3a3
175.7, 1033602, 64, 1280, 86400, 86230, a86bacdf
86399, 86399, 7140, 86399, 86399, 7140, 169.2, 1033805, 8, 160, 86400, 51017, 9ac650f2
197.7, 1033907, 4, 80, 86400, 2694, 160ac4d1
179.0, 1033905, 1, 20, 86400, 3601, 264ef58f
169.4, 1033798, 8, 160, 86400, 51507, 9ac650f2
175.0, 1033605, 64, 1280, 86400, 86194, a86bacdf
86400, 3540, 43200, 3540, 153.0, 1033917, 3, 60, 3540, 422, 025af335
3540, 220.5, 1033916, 5, 100, 86400, 1059, 49b8bc5d
155.5, 1033919, 3, 60, 3540, 422, 025af335
3540, 86400, 226.0, 1033922, 5, 100, 86400, 1588, 49b8bc5d
86400, 181.4, 1033912, 3, 60, 7140, 4550, ec549219
7140, 49.2, 1033906, 6, 120, 7200, 7345, 1817e283
7200, 165.9, 1033920, 3, 60, 3540, 2595, 755dc3a3
177.8, 1033915, 3, 60, 7140, 4624, ec549219
7140, 165.8, 1033921, 3, 60, 3540, 2604, 755dc3a3
86400, 208.4, 1033837, 4, 80, 86400, 49757, 3417f8e7
86400, 86399, 189.7, 1033812, 4, 80, 86400, 56829, 8f03956b
86400, 3600, 221.1, 1033918, 1, 20, 43200, 6667, 49b8bc5d
171.8, 1033925, 3, 60, 7140, 4349, ec549219
7140, 172.7, 1033928, 3, 60, 7140, 4389, ec549219
7140, 86100, 176.4, 1033863, 12, 240, 86400, 13674, 704344f1
86400, 3600, 86400, 166.1, 1033948, 3, 60, 3600, 641, d5e0c06b
3600, 10800, 7140, 7140, 51.3, 1033927, 6, 120, 7200, 7328, 1817e283
174.1, 1033950, 3, 60, 3600, 1323, d5e0c06b
172.0, 1033810, 8, 160, 86400, 63813, 9ac650f2
175.1, 1033938, 3, 60, 7140, 4542, ec549219
165.8, 1033897, 7, 140, 86400, 19095, b280536c
171.3, 1033940, 3, 60, 7140, 4630, ec549219
86400, 210.0, 1033889, 4, 80, 86400, 22181, 3417f8e7
86400, 86400, 86400, 86400, 169.8, 1033953, 3, 60, 7140, 4556, ec549219
7140, 174.2, 1033954, 3, 60, 7140, 4800, ec549219
7140, 86399, 7200, 36000, 191.4, 1033908, 4, 80, 86400, 19678, 160ac4d1
201.5, 1033745, 2, 40, 86100, 85750, c6da2b0a
36000, 201.6, 1033744, 2, 40, 86100, 85787, b1dd1b9c
86400, 86400, 202.2, 1033747, 20, 400, 86400, 86445, 65f82fb0
86400, 86400, 86400, 86400, 86400, 86400, 86400, 86400, 86400, 86400, 173.0, 1033960, 3, 60, 7140, 4669, ec549219
7140, 86400, 86400, 86400, 86400, 86400, 86400, 174.3, 1033961, 3, 60, 7140, 4347, ec549219
86400, 86400, 7140, 86400, 86400, 86400, 86400, 86400, 52.6, 1033967, 12, 240, 36000, 3143, 1817e283
36000, 176.2, 1033873, 12, 240, 86400, 12124, 704344f1
86100, 86100, 86400, 86400, 86400, 86400, 160.7, 1030976, 64, 1280, 86400, 85103, ea91060e
86400, 86400, 86400, 77.5, 1033951, 1, 20, 10800, 10929, 1d1adc3c
86400, 86400, 86400, 86400, 86400, 86400, 86400, 86400, 86400, 86400, 86400, 51.9, 1034036, 12, 240, 3600, 343, 1817e283
3600, 86400, 210.1, 1033963, 1, 20, 7200, 6029, 160ac4d1
86400, 183.4, 1033957, 3, 60, 86400, 8770, d5e0c06b
187.6, 1033958, 3, 60, 86400, 8793, d5e0c06b
183.0, 1033959, 3, 60, 86400, 8972, 4ce991d1
171.2, 1033984, 3, 60, 7140, 4617, ec549219
224.4, 1033754, 4, 80, 86400, 86401, 160ac4d1
224.6, 1033753, 4, 80, 86400, 86429, 8f03956b
175.1, 1033995, 3, 60, 7140, 4771, ec549219
3600, 220.7, 1033755, 4, 80, 86400, 86434, 160ac4d1
204.1, 1033941, 1, 20, 86100, 17211, 5fd37ab0
53.9, 1034043, 1, 20, 3600, 1033, 96a10e47
226.1, 1033756, 4, 80, 86400, 86413, 610df447
222.1, 1033757, 4, 80, 86400, 86410, 160ac4d1
86400, 86400, 86400, 223.7, 1033758, 4, 80, 86400, 86429, 610df447
246.2, 1033771, 1, 20, 86400, 86429, 680d8a82
180.4, 1033853, 1, 20, 86400, 68705, 264ef58f
86400, 86100, 86400, 192.1, 1033968, 4, 80, 86400, 15097, 160ac4d1
165.8, 1033893, 7, 140, 72000, 40782, 5c8e3240
169.5, 1033802, 2, 40, 86400, 86405, 696d3abf
177.2, 1033801, 2, 40, 86400, 86414, 696d3abf
172.3, 1033799, 2, 40, 86400, 86436, 696d3abf
168.6, 1033800, 2, 40, 86400, 86437, 696d3abf
176.9, 1033804, 2, 40, 86400, 86411, 696d3abf
169.7, 1033803, 2, 40, 86400, 86424, 696d3abf
188.3, 1033806, 2, 40, 86400, 86401, 696d3abf
187.1, 1033807, 2, 40, 86400, 86402, 696d3abf
174.8, 1033809, 2, 40, 86400, 86403, 696d3abf
175.7, 1033808, 2, 40, 86400, 86415, 696d3abf
3540, 183.6, 1033813, 4, 80, 86400, 86428, 8f03956b
3540, 169.6, 1033894, 7, 140, 54000, 42007, 2b8902d6
3540, 86400, 3540, 176.9, 1033815, 2, 40, 86400, 86407, 696d3abf
177.7, 1033814, 2, 40, 86400, 86421, 696d3abf
172.1, 1033816, 2, 40, 86400, 86405, 696d3abf
175.0, 1033817, 2, 40, 86400, 86403, 696d3abf
3540, 176.3, 1033818, 2, 40, 86400, 86410, 696d3abf
171.3, 1033820, 2, 40, 86400, 86401, 696d3abf
3540, 171.3, 1033819, 2, 40, 86400, 86423, 696d3abf
176.2, 1033822, 2, 40, 86400, 86403, 696d3abf
184.7, 1033821, 2, 40, 86400, 86418, 696d3abf
174.5, 1033823, 2, 40, 86400, 86435, 696d3abf
175.0, 1033826, 2, 40, 86400, 86406, 696d3abf
168.8, 1033824, 2, 40, 86400, 86431, 696d3abf
176.0, 1033825, 2, 40, 86400, 86437, 696d3abf
175.3, 1033829, 2, 40, 86400, 86403, 696d3abf
173.1, 1033827, 2, 40, 86400, 86440, 696d3abf
183.0, 1033828, 2, 40, 86400, 86437, 696d3abf
186.1, 1033831, 2, 40, 86400, 86403, 696d3abf
177.2, 1033833, 2, 40, 86400, 86403, 696d3abf
177.7, 1033832, 2, 40, 86400, 86412, 696d3abf
170.5, 1033830, 2, 40, 86400, 86440, 696d3abf
164.9, 1033895, 7, 140, 54000, 42519, b280536c
86100, 3540, 3540, 3540, 3540, 3540, 163.0, 1033896, 7, 140, 86400, 42781, b280536c
3540, 3540, 3540, 3540, 3540, 3540, 3540, 85.2, 1034068, 1, 20, 3540, 309, 2adc0c9d
3540, 3540, 205.4, 1033956, 4, 80, 86400, 23171, 3417f8e7
3540, 3540, 3540, 88.1, 1034071, 1, 20, 3540, 389, 2adc0c9d
86400, 94.6, 1034073, 1, 20, 3540, 368, 2adc0c9d
100.8, 1034085, 1, 20, 3540, 340, 2adc0c9d
3540, 101.4, 1034086, 1, 20, 3540, 346, 2adc0c9d
3540, 99.5, 1034087, 1, 20, 3540, 349, 2adc0c9d
3540, 86400, 86400, 86400, 86400, 150.0, 1034075, 1, 20, 3540, 913, 2adc0c9d
147.2, 1034077, 1, 20, 3540, 888, 2adc0c9d
3540, 3540, 144.3, 1034079, 1, 20, 3540, 892, 2adc0c9d
3540, 138.7, 1034093, 1, 20, 3540, 827, 2adc0c9d
143.5, 1034094, 1, 20, 3540, 825, 2adc0c9d
3540, 134.7, 1034076, 1, 20, 3540, 1108, 2adc0c9d
138.2, 1034078, 1, 20, 3540, 1101, 2adc0c9d
3540, 3540, 3540, 141.4, 1034091, 1, 20, 3540, 924, 2adc0c9d
132.7, 1034115, 1, 20, 3540, 351, 2adc0c9d
3540, 135.5, 1034090, 1, 20, 3540, 961, 2adc0c9d
130.0, 1034116, 1, 20, 3540, 322, 2adc0c9d
3540, 3540, 131.3, 1034117, 1, 20, 3540, 332, 2adc0c9d
139.5, 1034092, 1, 20, 3540, 959, 2adc0c9d
3540, 135.0, 1034118, 1, 20, 3540, 336, 2adc0c9d
3540, 3540, 135.4, 1034119, 1, 20, 3540, 353, 2adc0c9d
3540, 3540, 147.9, 1034105, 1, 20, 3540, 721, 2adc0c9d
141.2, 1034106, 1, 20, 3540, 719, 2adc0c9d
3540, 3540, 143.7, 1034108, 1, 20, 3540, 714, 2adc0c9d
141.0, 1034107, 1, 20, 3540, 738, 2adc0c9d
3540, 3540, 144.2, 1034109, 1, 20, 3540, 713, 2adc0c9d
3540, 138.1, 1034126, 1, 20, 3540, 342, 2adc0c9d
124.0, 1034127, 1, 20, 3540, 318, 2adc0c9d
126.3, 1034125, 1, 20, 3540, 384, 2adc0c9d
3540, 137.0, 1034120, 1, 20, 3540, 534, 2adc0c9d
3540, 133.6, 1034121, 1, 20, 3540, 516, 2adc0c9d
133.9, 1034129, 1, 20, 3540, 323, 2adc0c9d
132.0, 1034128, 1, 20, 3540, 343, 2adc0c9d
3540, 3540, 139.9, 1034130, 1, 20, 3540, 354, 2adc0c9d
3540, 147.6, 1034122, 1, 20, 3540, 521, 2adc0c9d
131.0, 1034123, 1, 20, 3540, 514, 2adc0c9d
137.4, 1034131, 1, 20, 3540, 348, 2adc0c9d
3540, 146.1, 1034132, 1, 20, 3540, 329, 2adc0c9d
3540, 126.0, 1034134, 1, 20, 