Power used per node, Job Id, Number of nodes used, Number of cores used, Requested Walltime, Runtime, Username
30.2, 328871, 25, 500, 1320, 1320, 262fef4d
131.6, 328874, 4, 80, 86400, 972, a5952fbf
122.3, 328875, 8, 160, 86400, 1110, a5952fbf
30.3, 328876, 25, 500, 1020, 1020, c8218e61
112.9, 328877, 25, 500, 1020, 1020, c8218e61
125.3, 328880, 4, 80, 86400, 1325, a5952fbf
137.3, 328881, 4, 80, 86400, 1423, a5952fbf
112.3, 328882, 50, 1000, 86400, 86400, 725a3d83
121.9, 328895, 14, 280, 86400, 86400, a5952fbf
111.6, 328911, 25, 500, 1080, 985, 0e2b70d3
116.4, 328912, 20, 400, 86400, 1425, cb3b64ef
124.1, 328915, 4, 80, 86400, 830, d2921f29
131.6, 328940, 4, 80, 86400, 1223, a5952fbf
111.3, 328944, 25, 500, 1080, 997, c8218e61
116.2, 328946, 4, 80, 86400, 1425, 99041e14
120.2, 328947, 4, 80, 86400, 1425, 99041e14
119.3, 328948, 4, 80, 86400, 1425, 99041e14
116.8, 328949, 52, 1040, 86400, 1241, d4061ae9
113.0, 328951, 25, 500, 1020, 889, 5128dfdb
115.2, 328952, 4, 80, 86400, 1425, 99041e14
123.2, 328953, 4, 80, 86400, 1425, 99041e14
120.4, 328954, 20, 400, 86400, 1425, cb3b64ef
129.7, 328956, 4, 80, 86400, 1199, a5952fbf
113.5, 328961, 25, 500, 1080, 984, 0e2b70d3
114.9, 328963, 25, 500, 1080, 1020, 0e2b70d3
117.3, 328970, 4, 80, 86400, 1425, 99041e14
122.5, 328971, 12, 240, 86400, 1423, f4bfec27
133.0, 328974, 4, 80, 86400, 1049, a5952fbf
130.7, 328976, 4, 80, 86400, 1116, a5952fbf
131.2, 328977, 4, 80, 86400, 1425, 99041e14
121.6, 328978, 4, 80, 86400, 86400, 99041e14
124.9, 328979, 4, 80, 86400, 1425, 99041e14
118.0, 328980, 4, 80, 86400, 1425, 99041e14
130.2, 328981, 4, 80, 86400, 1425, 99041e14
130.6, 328982, 4, 80, 86400, 1425, 99041e14
113.3, 328985, 25, 500, 1080, 950, 0e2b70d3
123.1, 328988, 4, 80, 86400, 969, d350751e
128.1, 328989, 4, 80, 86400, 956, d350751e
123.5, 328990, 4, 80, 86400, 1060, d350751e
135.2, 328992, 4, 80, 86400, 1158, d350751e
134.9, 328993, 4, 80, 86400, 366, d350751e
122.9, 329004, 4, 80, 86400, 574, 99041e14
130.8, 329010, 4, 80, 86400, 981, a5952fbf
116.0, 329014, 20, 400, 86400, 1425, cb3b64ef
122.0, 329015, 20, 400, 86400, 1425, cb3b64ef
114.5, 329017, 25, 500, 1020, 1002, c8218e61
130.1, 329018, 5, 100, 86400, 1425, 99041e14
109.4, 329019, 5, 100, 86400, 326, 99041e14
125.7, 329021, 4, 80, 86400, 1425, 99041e14
122.1, 329022, 4, 80, 86400, 1425, 99041e14
115.1, 329023, 25, 500, 1080, 960, 0e2b70d3
124.0, 329024, 4, 80, 86400, 1425, 99041e14
116.8, 329025, 7, 140, 86400, 1425, 99041e14
120.0, 329026, 7, 140, 86400, 1425, 99041e14
116.4, 329027, 7, 140, 86400, 1425, 99041e14
123.8, 329028, 4, 80, 86400, 674, d2921f29
109.6, 329029, 5, 100, 86400, 123, 99041e14
137.9, 329030, 4, 80, 86400, 954, a5952fbf
123.3, 329031, 4, 80, 86400, 160, 99041e14
103.8, 329032, 5, 100, 86400, 72, 99041e14
113.8, 329033, 25, 500, 1080, 961, 0e2b70d3
107.1, 329034, 5, 100, 86400, 8, 99041e14
99.9, 329035, 5, 100, 86400, 12, 99041e14
107.8, 329036, 5, 100, 86400, 11, 99041e14
83.2, 329037, 5, 100, 86400, 6, 99041e14
109.3, 329038, 5, 100, 86400, 27, 99041e14
105.8, 329039, 4, 80, 86400, 6, 99041e14
105.9, 329040, 4, 80, 86400, 7, 99041e14
114.4, 329041, 25, 500, 1020, 903, 5128dfdb
113.3, 329043, 4, 80, 86400, 10, 99041e14
99.9, 329045, 5, 100, 86400, 9, 99041e14
120.2, 329046, 4, 80, 86400, 126, 99041e14
108.0, 329050, 5, 100, 86400, 54, 99041e14
113.4, 329051, 25, 500, 1080, 886, c8218e61
103.5, 329052, 5, 100, 86400, 13, 99041e14
102.3, 329053, 5, 100, 86400, 13, 99041e14
106.8, 329055, 5, 100, 86400, 33, 99041e14
114.5, 329056, 25, 500, 1080, 973, 0e2b70d3
126.9, 329057, 4, 80, 86400, 810, a5952fbf
122.5, 329058, 4, 80, 86400, 81, 99041e14
107.9, 329059, 5, 100, 86400, 61, 99041e14
106.3, 329061, 5, 100, 86400, 31, 99041e14
127.6, 329062, 4, 80, 86400, 1297, a5952fbf
116.1, 329063, 4, 80, 86400, 24, 99041e14
130.7, 329064, 4, 80, 86400, 939, a5952fbf
137.4, 329065, 4, 80, 86400, 953, a5952fbf
110.4, 329066, 5, 100, 86400, 35, 99041e14
120.2, 329067, 4, 80, 86400, 122, 99041e14
115.6, 329068, 52, 1040, 86400, 670, d4061ae9
124.2, 329069, 4, 80, 86400, 992, a5952fbf
104.2, 329070, 5, 100, 86400, 1425, 99041e14
120.3, 329072, 20, 400, 86400, 1425, cb3b64ef
114.9, 329073, 4, 80, 86400, 80, 99041e14
129.2, 329074, 4, 80, 86400, 909, a5952fbf
123.9, 329075, 4, 80, 86400, 640, d2921f29
120.7, 329076, 8, 160, 86400, 773, a5952fbf
121.6, 329077, 14, 280, 86400, 86400, a5952fbf
121.4, 329078, 4, 80, 86400, 1425, 99041e14
114.3, 329079, 4, 80, 86400, 1425, 99041e14
119.1, 329080, 4, 80, 86400, 1425, 99041e14
112.3, 329081, 50, 1000, 86400, 86400, 725a3d83
119.2, 329082, 4, 80, 86400, 1425, 99041e14
109.7, 329083, 50, 1000, 86400, 86400, eb536c39
121.2, 329084, 4, 80, 86400, 1425, 99041e14
114.3, 329085, 4, 80, 86400, 92, 99041e14
120.9, 329086, 20, 400, 86400, 1425, cb3b64ef
113.0, 329087, 25, 500, 1080, 977, 0e2b70d3
133.8, 329088, 4, 80, 86400, 1084, a5952fbf
115.5, 329089, 25, 500, 1080, 977, 0e2b70d3
115.7, 329090, 25, 500, 1080, 977, 0e2b70d3
115.8, 329091, 4, 80, 86400, 1425, 99041e14
112.1, 329092, 25, 500, 1020, 972, c8218e61
126.5, 329093, 4, 80, 86400, 1425, 99041e14
121.7, 329094, 4, 80, 86400, 1425, 99041e14
122.4, 329095, 4, 80, 86400, 1425, 99041e14
128.0, 329096, 4, 80, 86400, 1425, 99041e14
129.7, 329097, 4, 80, 86400, 1425, 99041e14
124.5, 329098, 4, 80, 86400, 1425, 99041e14
128.1, 329099, 4, 80, 86400, 1028, a5952fbf
116.8, 329100, 20, 400, 86400, 1425, cb3b64ef
115.9, 329101, 20, 400, 86400, 1425, cb3b64ef
121.0, 329102, 5, 100, 86400, 28, 99041e14
118.9, 329103, 5, 100, 86400, 350, 99041e14
113.6, 329104, 25, 500, 1080, 957, 0e2b70d3
116.8, 329105, 25, 500, 1020, 903, 5128dfdb
117.1, 329106, 25, 500, 1080, 883, c8218e61
102.4, 329107, 30, 600, 86400, 22, 2289bbc8
121.4, 329108, 4, 80, 86400, 53, 99041e14
127.9, 329109, 4, 80, 86400, 754, a5952fbf
117.2, 329110, 52, 1040, 86400, 1228, d4061ae9
115.2, 329111, 4, 80, 86400, 45, 99041e14
114.1, 329112, 4, 80, 86400, 465, 99041e14
116.9, 329113, 4, 80, 86400, 14, 99041e14
122.0, 329114, 4, 80, 86400, 139, 99041e14
119.9, 329115, 7, 140, 86400, 1425, 99041e14
118.3, 329116, 4, 80, 86400, 1425, 99041e14
120.0, 329118, 7, 140, 86400, 1425, 99041e14
116.9, 329119, 7, 140, 86400, 1425, 99041e14
100.9, 329120, 30, 600, 86400, 22, 2289bbc8
123.7, 329121, 4, 80, 86400, 569, d2921f29
100.9, 329122, 30, 600, 86400, 27, 2289bbc8
109.6, 329124, 20, 400, 86400, 746, 558e8b5e
114.4, 329125, 25, 500, 1080, 999, 0e2b70d3
114.6, 329126, 4, 80, 86400, 1205, 99041e14
110.0, 329127, 20, 400, 86400, 808, 558e8b5e
102.5, 329128, 30, 600, 86400, 27, 2289bbc8
131.9, 329129, 4, 80, 86400, 1130, a5952fbf
130.6, 329130, 4, 80, 86400, 893, a5952fbf
120.1, 329131, 5, 100, 86400, 396, 99041e14
127.7, 329132, 4, 80, 86400, 1159, a5952fbf
123.9, 329133, 4, 80, 86400, 527, a5952fbf
118.7, 329134, 4, 80, 86400, 168, 99041e14
113.0, 329135, 25, 500, 1080, 978, 0e2b70d3
115.9, 329136, 25, 500, 1080, 967, 0e2b70d3
126.4, 329137, 4, 80, 86400, 925, a5952fbf
115.0, 329138, 25, 500, 1080, 988, 0e2b70d3
113.6, 329139, 25, 500, 1020, 886, c8218e61
128.1, 329140, 4, 80, 86400, 926, a5952fbf
126.0, 329141, 5, 100, 86400, 1425, 99041e14
128.7, 329142, 4, 80, 86400, 570, d2921f29
120.7, 329143, 4, 80, 86400, 268, 99041e14
111.4, 329144, 25, 500, 1020, 988, c8218e61
113.5, 329145, 25, 500, 1020, 889, 5128dfdb
113.0, 329146, 25, 500, 1320, 1145, 262fef4d
110.7, 329147, 25, 500, 240, 10, 97222169
124.4, 329148, 4, 80, 86400, 658, a5952fbf
106.6, 329149, 5, 100, 86400, 87, 99041e14
121.0, 329150, 20, 400, 86400, 1425, cb3b64ef
127.5, 329151, 4, 80, 86400, 982, a5952fbf
121.7, 329152, 4, 80, 86400, 130, d2921f29
125.8, 329153, 2, 40, 300, 248, a5952fbf
123.0, 329154, 2, 40, 300, 70, a5952fbf
93.0, 329156, 2, 40, 86400, 23, 9304894c
126.8, 329157, 10, 200, 86400, 86400, a5952fbf
110.9, 329165, 25, 500, 1020, 990, 5128dfdb
94.0, 329166, 18, 360, 86400, 524, 9304894c
134.0, 329167, 4, 80, 86400, 86400, a5952fbf
127.2, 329168, 4, 80, 86400, 86400, a5952fbf
90.6, 329169, 2, 40, 86400, 59, 9304894c
110.8, 329170, 25, 500, 1080, 886, c8218e61
115.6, 329171, 25, 500, 1080, 982, 0e2b70d3
119.0, 329172, 14, 280, 86400, 86400, a5952fbf
129.0, 329174, 4, 80, 86400, 801, a5952fbf
116.6, 329180, 5, 100, 86400, 107, 99041e14
119.0, 329182, 4, 80, 86400, 1425, 99041e14
116.0, 329185, 2, 40, 60, 5, 4b9b4e93
118.2, 329189, 2, 40, 10, 8, a5952fbf
124.2, 329191, 4, 80, 86400, 17, 99041e14
119.4, 329192, 4, 80, 86400, 1425, 99041e14
114.4, 329195, 4, 80, 86400, 1425, 99041e14
117.3, 329196, 4, 80, 86400, 1425, 99041e14
90.9, 329197, 18, 360, 86400, 86400, 7d0ae860
120.4, 329199, 4, 80, 86400, 139, 99041e14
127.0, 329202, 4, 80, 86400, 400, 99041e14
121.8, 329210, 4, 80, 86400, 1425, 99041e14
115.9, 329214, 20, 400, 86400, 1425, cb3b64ef
115.5, 329226, 5, 100, 86400, 1425, 99041e14
112.3, 329227, 50, 1000, 86400, 86400, eb536c39
95.0, 329240, 1, 20, 10, 5, 049f6722
102.7, 329248, 2, 40, 10, 10, 049f6722
116.2, 329249, 25, 500, 1080, 978, 0e2b70d3
115.6, 329250, 4, 80, 86400, 848, 99041e14
125.0, 329251, 4, 80, 86400, 801, a5952fbf
125.8, 329253, 14, 280, 86400, 86400, a5952fbf
127.9, 329254, 4, 80, 86400, 1425, 99041e14
119.8, 329255, 4, 80, 86400, 24, 99041e14
121.7, 329256, 4, 80, 86400, 1425, 99041e14
122.7, 329257, 4, 80, 86400, 1425, 99041e14
127.6, 329258, 4, 80, 86400, 1425, 99041e14
129.8, 329259, 4, 80, 86400, 1425, 99041e14
124.6, 329260, 4, 80, 86400, 1425, 99041e14
120.9, 329261, 4, 80, 86400, 145, 99041e14
29.7, 329262, 2, 40, 10, 5, 145fb1ab
29.9, 329264, 2, 40, 10, 10, 145fb1ab
130.7, 329265, 4, 80, 86400, 995, a5952fbf
113.1, 329266, 25, 500, 1080, 991, 0e2b70d3
128.3, 329267, 4, 80, 86400, 17, d350751e
97.0, 329272, 2, 40, 86400, 8, d350751e
63.4, 329274, 6, 120, 119, 5, f76931a3
76.3, 329275, 6, 120, 119, 40, f76931a3
116.7, 329276, 20, 400, 86400, 1425, cb3b64ef
121.6, 329277, 2, 40, 86400, 86400, d350751e
119.2, 329278, 2, 40, 86400, 86400, d350751e
115.8, 329279, 20, 400, 86400, 1425, cb3b64ef
117.4, 329280, 52, 1040, 86400, 1231, d4061ae9
128.1, 329281, 4, 80, 86400, 181, d2921f29
120.7, 329282, 4, 80, 86400, 47, 99041e14
94.3, 329285, 1, 20, 10, 5, 049f6722
124.6, 329286, 4, 80, 86400, 64, 99041e14
122.1, 329287, 4, 80, 86400, 147, 99041e14
134.7, 329288, 4, 80, 86400, 986, a5952fbf
123.1, 329289, 4, 80, 86400, 177, 99041e14
114.2, 329290, 4, 80, 86400, 18, 99041e14
124.2, 329291, 4, 80, 86400, 1028, a5952fbf
114.3, 329292, 4, 80, 86400, 139, 99041e14
135.4, 329293, 4, 80, 86400, 86400, a5952fbf
120.0, 329294, 7, 140, 86400, 1425, 99041e14
119.4, 329295, 4, 80, 86400, 1425, 99041e14
113.0, 329296, 25, 500, 1080, 984, 0e2b70d3
117.0, 329297, 4, 80, 86400, 86, 99041e14
129.4, 329298, 4, 80, 86400, 862, a5952fbf
113.0, 329299, 25, 500, 1020, 884, c8218e61
115.8, 329300, 25, 500, 1080, 986, 0e2b70d3
119.9, 329301, 7, 140, 86400, 1425, 99041e14
115.8, 329302, 7, 140, 86400, 1425, 99041e14
116.4, 329303, 4, 80, 86400, 303, 99041e14
124.3, 329304, 4, 80, 86400, 120, 99041e14
121.7, 329305, 4, 80, 86400, 953, a5952fbf
115.1, 329306, 25, 500, 1080, 986, 0e2b70d3
113.0, 329307, 4, 80, 86400, 13, 99041e14
114.8, 329308, 25, 500, 1020, 890, 5128dfdb
112.5, 329309, 4, 80, 86400, 7, 99041e14
112.8, 329310, 50, 1000, 86400, 86400, eb536c39
115.2, 329311, 50, 1000, 86400, 86400, 725a3d83
118.4, 329312, 4, 80, 86400, 48, 99041e14
121.7, 329313, 4, 80, 86400, 36, 99041e14
113.9, 329314, 4, 80, 86400, 15, 99041e14
110.9, 329315, 25, 500, 1020, 887, c8218e61
110.1, 329316, 4, 80, 86400, 28, 99041e14
124.0, 329317, 4, 80, 86400, 1425, 99041e14
129.5, 329318, 4, 80, 86400, 86400, a5952fbf
116.0, 329319, 4, 80, 86400, 23, 99041e14
114.8, 329320, 4, 80, 86400, 155, 99041e14
127.9, 329321, 4, 80, 86400, 911, a5952fbf
112.1, 329322, 25, 500, 1080, 888, c8218e61
115.8, 329323, 25, 500, 1080, 1005, 0e2b70d3
110.8, 329324, 4, 80, 86400, 14, 99041e14
113.7, 329325, 4, 80, 86400, 1425, 99041e14
105.3, 329326, 4, 80, 86400, 9, 99041e14
114.2, 329327, 4, 80, 86400, 62, 99041e14
112.9, 329328, 25, 500, 1020, 969, 5128dfdb
116.6, 329329, 4, 80, 86400, 256, 99041e14
114.4, 329330, 25, 500, 1320, 1023, 262fef4d
112.9, 329331, 5, 100, 86400, 251, 99041e14
122.4, 329332, 4, 80, 86400, 968, a5952fbf
121.6, 329333, 20, 400, 86400, 1425, cb3b64ef
111.0, 329334, 5, 100, 86400, 19, 99041e14
129.7, 329335, 4, 80, 86400, 1425, 99041e14
127.3, 329336, 4, 80, 86400, 1058, a5952fbf
123.2, 329338, 5, 100, 86400, 1425, 99041e14
117.2, 329339, 4, 80, 86400, 1425, 99041e14
119.3, 329340, 4, 80, 86400, 1425, 99041e14
116.1, 329341, 4, 80, 86400, 1425, 99041e14
126.2, 329342, 4, 80, 86400, 1001, a5952fbf
115.0, 329343, 25, 500, 1080, 952, 0e2b70d3
130.9, 329344, 4, 80, 86400, 1425, 99041e14
115.8, 329345, 20, 400, 86400, 1425, cb3b64ef
122.3, 329346, 5, 100, 86400, 349, 99041e14
126.6, 329347, 4, 80, 86400, 1096, a5952fbf
117.3, 329351, 52, 1040, 86400, 1240, d4061ae9
114.1, 329352, 25, 500, 1020, 895, c8218e61
114.0, 329356, 25, 500, 1080, 997, 0e2b70d3
109.7, 329365, 25, 500, 1080, 995, 0e2b70d3
120.0, 329366, 4, 80, 86400, 1425, 99041e14
118.7, 329367, 4, 80, 86400, 1425, 99041e14
129.8, 329368, 4, 80, 86400, 1425, 99041e14
120.5, 329369, 4, 80, 86400, 1425, 99041e14
123.5, 329370, 4, 80, 86400, 1425, 99041e14
122.9, 329371, 4, 80, 86400, 1425, 99041e14
133.3, 329372, 4, 80, 86400, 1137, a5952fbf
90.3, 329373, 2, 40, 60, 28, a0776c32
111.9, 329374, 25, 500, 1080, 979, 0e2b70d3
80.6, 329376, 4, 80, 60, 6, a0776c32
110.6, 329377, 25, 500, 1020, 994, 5128dfdb
86.3, 329378, 4, 80, 60, 9, a0776c32
113.6, 329379, 50, 1000, 86400, 86400, eb536c39
115.8, 329380, 50, 1000, 86400, 86400, 725a3d83
95.6, 329382, 1, 20, 60, 7, a0776c32
99.5, 329385, 1, 20, 60, 39, a0776c32
116.8, 329387, 20, 400, 86400, 1425, cb3b64ef
115.9, 329388, 20, 400, 86400, 1425, cb3b64ef
58.7, 329389, 2, 40, 10, 10, a0776c32
69.3, 329390, 1, 20, 120, 77, a0776c32
133.8, 329391, 4, 80, 86400, 1000, a5952fbf
114.4, 329392, 25, 500, 1020, 1000, c8218e61
122.2, 329393, 5, 100, 86400, 99, 99041e14
112.2, 329394, 25, 500, 1080, 887, c8218e61
113.5, 329395, 25, 500, 1080, 960, 0e2b70d3
126.3, 329396, 5, 100, 86400, 1425, 99041e14
120.8, 329397, 7, 140, 86400, 1425, 99041e14
102.7, 329398, 4, 80, 86400, 5, 99041e14
119.3, 329399, 4, 80, 86400, 507, 99041e14
119.8, 329400, 7, 140, 86400, 1425, 99041e14
120.0, 329401, 7, 140, 86400, 1425, 99041e14
114.8, 329402, 25, 500, 1020, 926, 5128dfdb
122.3, 329406, 4, 80, 86400, 925, a5952fbf
125.1, 329415, 4, 80, 86400, 189, 99041e14
112.2, 329416, 25, 500, 1320, 1025, 262fef4d
126.1, 329418, 4, 80, 86400, 843, 99041e14
122.3, 329419, 4, 80, 86400, 942, a5952fbf
112.5, 329420, 25, 500, 1020, 1006, c8218e61
127.9, 329421, 4, 80, 86400, 925, a5952fbf
112.5, 329422, 4, 80, 86400, 16, 99041e14
115.9, 329423, 4, 80, 86400, 14, 99041e14
118.9, 329424, 4, 80, 86400, 71, 99041e14
115.1, 329425, 4, 80, 86400, 32, 99041e14
122.9, 329426, 4, 80, 86400, 36, 99041e14
121.9, 329427, 4, 80, 86400, 955, a5952fbf
109.3, 329428, 4, 80, 86400, 8, 99041e14
96.6, 329429, 4, 80, 86400, 6, 99041e14
99.1, 329431, 4, 80, 86400, 7, 99041e14
123.0, 329432, 4, 80, 86400, 130, 99041e14
124.9, 329433, 4, 80, 86400, 147, 99041e14
115.1, 329434, 25, 500, 1080, 984, 0e2b70d3
112.3, 329435, 25, 500, 1080, 969, 0e2b70d3
123.2, 329436, 20, 400, 86400, 1425, cb3b64ef
132.5, 329437, 4, 80, 86400, 931, a5952fbf
133.2, 329438, 4, 80, 86400, 969, a5952fbf
108.1, 329439, 4, 80, 86400, 5, 99041e14
123.6, 329440, 12, 240, 86400, 1423, f4bfec27
116.0, 329441, 4, 80, 86400, 21, 99041e14
114.0, 329442, 25, 500, 1080, 981, 0e2b70d3
117.5, 329443, 52, 1040, 86400, 1245, d4061ae9
116.4, 329444, 4, 80, 86400, 29, 99041e14
112.2, 329445, 25, 500, 1080, 981, 0e2b70d3
110.0, 329446, 4, 80, 86400, 14, 99041e14
117.3, 329449, 4, 80, 86400, 20, 99041e14
118.8, 329450, 4, 80, 86400, 28, 99041e14
129.7, 329451, 4, 80, 86400, 1425, 99041e14
121.9, 329452, 8, 160, 86400, 847, d350751e
126.4, 329453, 8, 160, 86400, 857, d350751e
116.1, 329454, 4, 80, 86400, 8, 99041e14
118.0, 329455, 4, 80, 86400, 60, 99041e14
122.1, 329456, 5, 100, 86400, 19, 99041e14
120.0, 329457, 4, 80, 86400, 961, 99041e14
120.6, 329458, 4, 80, 86400, 262, 99041e14
116.8, 329459, 4, 80, 86400, 265, 99041e14
118.3, 329460, 4, 80, 86400, 114, 99041e14
122.0, 329461, 5, 100, 86400, 229, 99041e14
113.8, 329462, 4, 80, 86400, 147, 99041e14
115.8, 329463, 20, 400, 86400, 1425, cb3b64ef
114.3, 329464, 25, 500, 1020, 886, 5128dfdb
117.7, 329465, 4, 80, 86400, 1122, 99041e14
118.6, 329470, 4, 80, 86400, 183, 99041e14
121.3, 329471, 4, 80, 86400, 1425, 99041e14
118.5, 329472, 4, 80, 86400, 1425, 99041e14
126.5, 329473, 4, 80, 86400, 1425, 99041e14
127.1, 329474, 4, 80, 86400, 1425, 99041e14
129.7, 329475, 4, 80, 86400, 1425, 99041e14
113.3, 329476, 25, 500, 1080, 995, 0e2b70d3
118.0, 329477, 4, 80, 86400, 87, 99041e14
115.3, 329480, 5, 100, 86400, 297, 99041e14
129.9, 329481, 4, 80, 86400, 982, a5952fbf
116.8, 329482, 20, 400, 86400, 1425, cb3b64ef
115.9, 329483, 20, 400, 86400, 1425, cb3b64ef
111.5, 329494, 25, 500, 1080, 950, c8218e61
128.0, 329497, 4, 80, 86400, 994, a5952fbf
125.2, 329498, 5, 100, 86400, 244, 99041e14
115.0, 329499, 5, 100, 86400, 23, 99041e14
127.0, 329500, 4, 80, 86400, 1129, a5952fbf
120.8, 329501, 7, 140, 86400, 1142, 99041e14
114.0, 329502, 5, 100, 86400, 42, 99041e14
115.3, 329504, 50, 1000, 86400, 86400, 725a3d83
122.2, 329505, 7, 140, 86400, 1219, 99041e14
119.7, 329506, 7, 140, 86400, 1132, 99041e14
114.9, 329507, 5, 100, 86400, 146, 99041e14
125.2, 329512, 4, 80, 86400, 990, a5952fbf
113.3, 329513, 25, 500, 1020, 952, 5128dfdb
126.0, 329514, 5, 100, 86400, 112, 99041e14
116.5, 329515, 5, 100, 86400, 901, 99041e14
113.0, 329516, 25, 500, 1080, 205, 0e2b70d3
141.3, 329517, 4, 80, 86400, 962, a5952fbf
118.1, 329518, 5, 100, 86400, 72, 99041e14
132.5, 329519, 4, 80, 86400, 1195, a5952fbf
122.5, 329520, 5, 100, 86400, 52, 99041e14
106.1, 329521, 4, 80, 86400, 5, 99041e14
119.6, 329522, 4, 80, 86400, 315, 99041e14
113.9, 329523, 25, 500, 1320, 1164, 262fef4d
118.5, 329524, 5, 100, 86400, 106, 99041e14
115.3, 329525, 25, 500, 1020, 996, c8218e61
111.5, 329526, 25, 500, 1020, 997, 5128dfdb
112.9, 329527, 25, 500, 1080, 162, 0e2b70d3
114.8, 329528, 25, 500, 1080, 118, 0e2b70d3
120.2, 329529, 5, 100, 86400, 14, 99041e14
123.1, 329530, 5, 100, 86400, 110, 99041e14
112.6, 329531, 25, 500, 1080, 119, 0e2b70d3
111.4, 329532, 25, 500, 1080, 68, 0e2b70d3
62.7, 329533, 16, 320, 120, 22, cf4eb2a4
117.3, 329534, 52, 1040, 86400, 1246, d4061ae9
39.0, 329536, 16, 320, 120, 102, cf4eb2a4
112.6, 329545, 5, 100, 60, 54, 049f6722
122.4, 329546, 5, 100, 86400, 55, 99041e14
31.0, 329547, 1, 20, 10, 10, 2b177bb2
131.2, 329549, 4, 80, 86400, 1165, a5952fbf
60.6, 329550, 10, 200, 60, 60, d70320eb
29.9, 329551, 2, 40, 10, 10, 2b177bb2
116.2, 329552, 4, 80, 86400, 19, 99041e14
129.6, 329555, 4, 80, 86400, 407, 99041e14
28.8, 329556, 2, 40, 10, 10, 2b177bb2
115.7, 329560, 5, 100, 86400, 60, 99041e14
110.7, 329561, 8, 160, 60, 13, 262fef4d
118.6, 329562, 4, 80, 86400, 125, 99041e14
106.0, 329563, 8, 160, 60, 13, 262fef4d
104.3, 329564, 8, 160, 60, 11, c8218e61
47.8, 329565, 16, 320, 120, 99, cf4eb2a4
121.9, 329566, 20, 400, 86400, 1425, cb3b64ef
110.5, 329567, 8, 160, 60, 13, 262fef4d
121.8, 329571, 2, 40, 300, 246, a5952fbf
124.2, 329572, 2, 40, 300, 70, a5952fbf
95.5, 329573, 5, 100, 60, 21, 049f6722
59.1, 329574, 10, 200, 90, 90, d70320eb
122.4, 329575, 10, 200, 86400, 1270, a5952fbf
107.2, 329576, 8, 160, 60, 13, 262fef4d
114.0, 329577, 8, 160, 60, 11, c8218e61
122.9, 329578, 4, 80, 86400, 1088, d2921f29
124.0, 329579, 4, 80, 86400, 1322, a5952fbf
56.5, 329580, 25, 500, 60, 60, 262fef4d
67.2, 329581, 5, 100, 60, 10, 049f6722
122.3, 329582, 5, 100, 86400, 231, 99041e14
105.9, 329583, 5, 100, 60, 54, 049f6722
126.4, 329584, 14, 280, 86400, 78, a5952fbf
119.4, 329585, 4, 80, 86400, 876, a5952fbf
122.3, 329586, 4, 80, 86400, 86400, a5952fbf
34.8, 329587, 16, 320, 120, 48, cf4eb2a4
106.0, 329588, 15, 300, 1200, 82, 049f6722
120.6, 329589, 4, 80, 86400, 140, d350751e
119.2, 329590, 4, 80, 86400, 1425, 99041e14
125.6, 329591, 14, 280, 86400, 1182, a5952fbf
121.7, 329592, 8, 160, 86400, 86400, d350751e
126.1, 329593, 8, 160, 86400, 940, d350751e
129.0, 329594, 4, 80, 86400, 1113, d350751e
119.5, 329595, 4, 80, 86400, 57, 99041e14
123.9, 329596, 4, 80, 86400, 994, a5952fbf
131.2, 329597, 4, 80, 86400, 86400, a5952fbf
132.1, 329598, 4, 80, 86400, 1062, d350751e
132.0, 329599, 4, 80, 86400, 148, d350751e
133.7, 329600, 4, 80, 86400, 869, a5952fbf
46.0, 329601, 20, 400, 86400, 97, 7d0ae860
128.9, 329602, 4, 80, 86400, 69, d350751e
127.9, 329603, 4, 80, 86400, 739, d350751e
89.4, 329604, 2, 40, 86400, 23, 9304894c
119.1, 329605, 4, 80, 86400, 12, d350751e
122.6, 329606, 4, 80, 86400, 27, d350751e
126.4, 329607, 4, 80, 86400, 86400, d350751e
37.0, 329608, 16, 320, 120, 113, cf4eb2a4
115.7, 329610, 20, 400, 86400, 1425, cb3b64ef
133.6, 329615, 4, 80, 86400, 481, d350751e
109.5, 329617, 15, 300, 900, 202, 049f6722
113.9, 329618, 25, 500, 60, 35, 262fef4d
114.4, 329619, 25, 500, 60, 31, 262fef4d
112.4, 329620, 25, 500, 60, 27, c8218e61
87.9, 329621, 2, 40, 86400, 23, 9304894c
85.7, 329622, 18, 360, 86400, 10, e403b9da
111.1, 329623, 15, 300, 900, 877, 049f6722
131.8, 329624, 4, 80, 86400, 1080, a5952fbf
57.3, 329626, 12, 240, 90, 44, d70320eb
92.2, 329627, 2, 40, 86400, 23, 9304894c
65.1, 329628, 16, 320, 30, 5, b8498232
54.8, 329629, 16, 320, 120, 27, cf4eb2a4
127.9, 329630, 4, 80, 86400, 86400, d350751e
127.6, 329631, 14, 280, 120, 47, a5952fbf
121.6, 329633, 5, 100, 86400, 18, 99041e14
116.8, 329637, 4, 80, 86400, 1425, 99041e14
52.4, 329638, 1, 20, 120, 6, 397e3d88
48.8, 329639, 1, 20, 120, 6, 397e3d88
55.5, 329640, 1, 20, 120, 6, 397e3d88
51.0, 329641, 1, 20, 120, 6, 397e3d88
125.5, 329643, 4, 80, 86400, 1425, 99041e14
124.0, 329644, 4, 80, 86400, 1425, 99041e14
118.3, 329645, 4, 80, 86400, 1425, 99041e14
126.8, 329646, 4, 80, 86400, 1425, 99041e14
41.3, 329649, 16, 320, 120, 86, cf4eb2a4
56.1, 329652, 15, 300, 90, 12, d70320eb
119.1, 329654, 2, 40, 60, 60, a4574588
59.5, 329656, 13, 260, 90, 90, d70320eb
128.0, 329658, 14, 280, 120, 120, a5952fbf
117.0, 329663, 2, 40, 60, 7, a4574588
118.8, 329664, 2, 40, 60, 7, a4574588
119.9, 329666, 4, 80, 86400, 569, 99041e14
138.1, 329668, 2, 40, 60, 22, a4574588
124.6, 329669, 5, 100, 86400, 18, 99041e14
121.9, 329672, 4, 80, 86400, 259, 99041e14
45.4, 329675, 16, 320, 120, 65, cf4eb2a4
126.7, 329676, 2, 40, 86400, 521, a5952fbf
117.3, 329677, 16, 320, 86400, 606, e403b9da
121.3, 329678, 8, 160, 480, 480, a4574588
123.8, 329679, 4, 80, 86400, 1153, a5952fbf
120.8, 329680, 20, 400, 86400, 1425, cb3b64ef
112.5, 329681, 25, 500, 60, 31, 262fef4d
109.8, 329683, 25, 500, 60, 34, 262fef4d
110.8, 329684, 25, 500, 60, 27, c8218e61
116.8, 329685, 20, 400, 86400, 1425, cb3b64ef
123.9, 329697, 8, 160, 86400, 477, a4574588
59.2, 329700, 16, 320, 120, 11, cf4eb2a4
115.6, 329701, 8, 160, 86400, 1215, a4574588
112.6, 329702, 15, 300, 720, 222, 049f6722
52.6, 329703, 16, 320, 120, 10, cf4eb2a4
32.0, 329705, 16, 320, 120, 120, cf4eb2a4
114.4, 329706, 25, 500, 60, 31, 262fef4d
127.6, 329708, 16, 320, 86400, 86400, a4574588
72.6, 329710, 1, 20, 120, 72, 397e3d88
133.1, 329711, 4, 80, 86400, 867, a5952fbf
83.6, 329712, 1, 20, 120, 71, 397e3d88
72.5, 329716, 1, 20, 120, 74, 397e3d88
64.8, 329717, 10, 200, 30, 5, d70320eb
77.3, 329718, 1, 20, 120, 69, 397e3d88
77.9, 329719, 1, 20, 120, 73, 397e3d88
110.9, 329720, 25, 500, 60, 34, 262fef4d
114.4, 329722, 25, 500, 60, 27, c8218e61
74.5, 329723, 1, 20, 180, 74, 397e3d88
28.6, 329728, 2, 40, 10, 5, 145fb1ab
68.7, 329729, 15, 300, 30, 7, d70320eb
122.3, 329730, 4, 80, 86400, 1123, a5952fbf
58.2, 329731, 25, 500, 30, 30, d70320eb
112.3, 329732, 25, 500, 1080, 962, 0e2b70d3
58.9, 329733, 25, 500, 90, 47, d70320eb
75.8, 329735, 1, 20, 120, 81, 397e3d88
79.9, 329736, 1, 20, 120, 71, 397e3d88
79.2, 329737, 1, 20, 120, 70, 397e3d88
85.8, 329738, 1, 20, 120, 72, 397e3d88
79.8, 329739, 1, 20, 120, 74, 397e3d88
77.0, 329741, 1, 20, 180, 75, 397e3d88
110.1, 329742, 25, 500, 1080, 1053, c8218e61
118.4, 329743, 4, 80, 86400, 9, 99041e14
120.0, 329744, 4, 80, 86400, 62, 99041e14
79.2, 329745, 1, 20, 120, 77, 397e3d88
117.1, 329747, 13, 260, 86400, 808, d5bf0fca
103.6, 329748, 5, 100, 60, 53, 049f6722
47.4, 329749, 4, 80, 86400, 1002, 99041e14
113.1, 329750, 25, 500, 1020, 963, 5128dfdb
37.5, 329771, 16, 320, 120, 120, cf4eb2a4
127.4, 329782, 4, 80, 86400, 1128, a5952fbf
35.7, 329783, 16, 320, 120, 85, cf4eb2a4
114.5, 329786, 25, 500, 1020, 1000, c8218e61
112.1, 329787, 25, 500, 1020, 996, 5128dfdb
45.1, 329788, 16, 320, 120, 120, cf4eb2a4
130.3, 329789, 4, 80, 86400, 683, a5952fbf
134.0, 329790, 4, 80, 86400, 1186, a5952fbf
126.2, 329791, 4, 80, 86400, 734, 4b9b4e93
115.4, 329792, 52, 1040, 86400, 1248, d4061ae9
117.1, 329793, 15, 300, 480, 471, 049f6722
138.6, 329794, 4, 80, 86400, 916, a5952fbf
132.1, 329795, 4, 80, 86400, 1181, a5952fbf
126.5, 329796, 4, 80, 86400, 1313, a5952fbf
112.9, 329797, 15, 300, 900, 877, 049f6722
108.5, 329798, 25, 500, 60, 29, c8218e61
120.2, 329818, 20, 400, 86400, 1425, cb3b64ef
118.2, 329821, 13, 260, 86400, 86400, d5bf0fca
131.1, 329822, 4, 80, 86400, 86400, d350751e
131.4, 329823, 4, 80, 86400, 1164, d350751e
129.6, 329824, 4, 80, 86400, 951, d350751e
120.4, 329825, 4, 80, 86400, 1425, 99041e14
113.7, 329828, 25, 500, 1020, 989, c8218e61
43.4, 329829, 16, 320, 120, 27, cf4eb2a4
104.7, 329837, 4, 80, 86400, 8, 99041e14
113.5, 329838, 4, 80, 86400, 43, a5952fbf
40.6, 329839, 16, 320, 120, 57, cf4eb2a4
120.3, 329840, 10, 200, 86400, 807, a5952fbf
119.2, 329841, 13, 260, 86400, 51, d5bf0fca
35.3, 329843, 2, 40, 10, 10, 145fb1ab
121.4, 329844, 14, 280, 86400, 86400, a5952fbf
28.9, 329845, 2, 40, 100, 11, 145fb1ab
49.9, 329847, 16, 320, 120, 30, cf4eb2a4
135.9, 329848, 4, 80, 86400, 943, a5952fbf
29.4, 329849, 2, 40, 100, 100, 145fb1ab
116.3, 329850, 25, 500, 1080, 915, c8218e61
120.1, 329853, 20, 400, 86400, 1425, cb3b64ef
114.4, 329854, 50, 1000, 86400, 86400, 725a3d83
122.2, 329861, 4, 80, 86400, 328, 99041e14
119.6, 329862, 4, 80, 86400, 232, 99041e14
124.0, 329863, 4, 80, 86400, 1425, 99041e14
127.7, 329864, 4, 80, 86400, 1425, 99041e14
121.3, 329865, 4, 80, 86400, 1425, 99041e14
115.0, 329866, 13, 260, 86400, 86400, d5bf0fca
136.1, 329868, 4, 80, 86400, 530, a5952fbf
119.0, 329869, 8, 160, 480, 180, a4574588
120.3, 329870, 8, 160, 86400, 61, d350751e
128.2, 329871, 4, 80, 86400, 896, d350751e
123.7, 329873, 4, 80, 86400, 86400, d350751e
122.9, 329875, 2, 40, 86400, 136, a5952fbf
130.2, 329876, 4, 80, 86400, 86400, a5952fbf
111.6, 329883, 15, 300, 480, 472, 049f6722
111.6, 329884, 25, 500, 1200, 1139, c8218e61
114.1, 329885, 25, 500, 1200, 1018, c8218e61
116.4, 329886, 25, 500, 1200, 1017, c8218e61
114.6, 329887, 25, 500, 1200, 1017, c8218e61
125.4, 329888, 14, 280, 86400, 86400, a5952fbf
114.2, 329889, 25, 500, 1200, 1018, c8218e61
33.2, 329891, 2, 40, 10, 10, 2b177bb2
116.4, 329894, 25, 500, 1200, 998, 5128dfdb
114.3, 329895, 25, 500, 1200, 926, 5128dfdb
114.6, 329896, 25, 500, 1200, 889, 5128dfdb
29.3, 329898, 2, 40, 10, 10, 2b177bb2
127.4, 329901, 4, 80, 86400, 1113, a5952fbf
131.1, 329903, 4, 80, 86400, 1079, a5952fbf
86.9, 329905, 2, 40, 86400, 22, 7d0ae860
123.2, 329907, 20, 400, 86400, 1425, cb3b64ef
124.1, 329908, 4, 80, 86400, 822, 4b9b4e93
116.8, 329909, 20, 400, 86400, 1425, cb3b64ef
108.4, 329910, 4, 80, 86400, 9, 99041e14
104.1, 329911, 2, 40, 60, 7, 4b9b4e93
111.2, 329913, 16, 320, 86400, 433, 9304894c
107.4, 329921, 2, 40, 59, 9, a5952fbf
109.5, 329922, 2, 40, 59, 11, a5952fbf
94.2, 329923, 2, 40, 59, 5, a5952fbf
120.0, 329924, 2, 40, 59, 6, a5952fbf
105.1, 329925, 2, 40, 59, 6, a5952fbf
109.5, 329926, 2, 40, 59, 7, a5952fbf
116.6, 329927, 4, 80, 86400, 86400, a5952fbf
109.4, 329928, 20, 400, 86400, 1133, bb80ea72
115.9, 329930, 25, 500, 1020, 890, 5128dfdb
111.7, 329931, 25, 500, 1020, 893, c8218e61
127.8, 329932, 4, 80, 86400, 959, a5952fbf
30.9, 329936, 2, 40, 10, 10, 841f0cc4
113.0, 329937, 50, 1000, 86400, 86400, eb536c39
128.1, 329938, 4, 80, 86400, 970, a5952fbf
138.6, 329939, 4, 80, 86400, 903, a5952fbf
129.3, 329940, 4, 80, 86400, 775, a5952fbf
127.4, 329941, 4, 80, 86400, 1315, a5952fbf
126.5, 329943, 4, 80, 86400, 944, a5952fbf
123.8, 329944, 4, 80, 86400, 747, 4b9b4e93
113.1, 329945, 25, 500, 1020, 998, 5128dfdb
113.7, 329946, 25, 500, 1080, 998, c8218e61
124.7, 329947, 4, 80, 86400, 938, a5952fbf
30.3, 329951, 5, 100, 60, 6, 049f6722
119.7, 329957, 20, 400, 86400, 1425, cb3b64ef
101.7, 329959, 5, 100, 60, 55, 049f6722
102.4, 329964, 25, 500, 86400, 83, 049f6722
136.5, 329965, 4, 80, 86400, 551, a5952fbf
84.7, 329967, 2, 40, 86400, 24, 9304894c
127.6, 329968, 4, 80, 86400, 226, 99041e14
110.1, 329969, 8, 160, 60, 11, c8218e61
54.6, 329972, 20, 400, 30, 30, d70320eb
127.9, 329973, 4, 80, 86400, 1292, 4b9b4e93
126.7, 329974, 4, 80, 86400, 935, a5952fbf
126.1, 329975, 4, 80, 86400, 1266, 4b9b4e93
112.0, 329976, 8, 160, 60, 11, c8218e61
123.1, 329977, 10, 200, 86400, 1424, a5952fbf
131.7, 329978, 24, 480, 86400, 540, a4574588
113.7, 329981, 25, 500, 60, 27, c8218e61
86.9, 329986, 2, 40, 86400, 24, 9304894c
135.7, 329987, 4, 80, 86400, 933, d350751e
89.7, 329988, 2, 40, 86400, 22, 9304894c
110.2, 329991, 25, 500, 86400, 1343, 049f6722
135.5, 329992, 4, 80, 86400, 856, d350751e
116.1, 329993, 13, 260, 86400, 1391, d5bf0fca
127.9, 329994, 4, 80, 86400, 1165, d350751e
133.6, 329995, 4, 80, 86400, 953, d350751e
112.5, 329996, 25, 500, 60, 27, c8218e61
123.2, 329997, 14, 280, 86400, 1293, a5952fbf
127.6, 329998, 4, 80, 86400, 1070, a5952fbf
117.9, 330000, 2, 40, 60, 15, 4b9b4e93
107.0, 330004, 45, 900, 86400, 1307, 558e8b5e
115.9, 330006, 16, 320, 86400, 435, e403b9da
112.5, 330008, 15, 300, 960, 955, 049f6722
109.8, 330009, 25, 500, 60, 27, c8218e61
132.7, 330012, 4, 80, 86400, 349, a5952fbf
108.5, 330013, 25, 500, 60, 22, c8218e61
135.6, 330015, 4, 80, 180, 52, d2921f29
125.7, 330016, 4, 80, 86400, 210, 99041e14
121.4, 330017, 4, 80, 86400, 236, 99041e14
121.2, 330018, 4, 80, 86400, 404, 99041e14
123.5, 330019, 4, 80, 86400, 86400, d350751e
113.6, 330020, 25, 500, 1200, 1004, 5128dfdb
110.8, 330021, 25, 500, 1200, 890, 5128dfdb
116.2, 330022, 25, 500, 1200, 886, 5128dfdb
121.4, 330023, 20, 400, 86400, 1425, cb3b64ef
106.4, 330024, 8, 160, 60, 11, c8218e61
102.1, 330026, 1, 20, 20, 9, a5952fbf
107.2, 330027, 8, 160, 60, 11, c8218e61
103.5, 330028, 2, 40, 59, 5, a5952fbf
111.0, 330031, 25, 500, 60, 27, c8218e61
112.8, 330033, 1, 20, 20, 9, a5952fbf
136.4, 330034, 4, 80, 86400, 963, a5952fbf
121.4, 330035, 2, 40, 86400, 1203, 4b9b4e93
130.8, 330036, 4, 80, 86400, 924, a5952fbf
114.0, 330038, 50, 1000, 86400, 86400, eb536c39
115.6, 330039, 50, 1000, 86400, 86400, 725a3d83
110.9, 330043, 25, 500, 60, 27, c8218e61
121.1, 330044, 14, 280, 86400, 1138, a5952fbf
57.7, 330045, 16, 320, 90, 23, d70320eb
137.5, 330046, 4, 80, 600, 196, d2921f29
122.2, 330047, 20, 400, 86400, 1425, cb3b64ef
132.7, 330048, 4, 80, 86400, 1091, d350751e
140.3, 330049, 4, 80, 600, 203, d2921f29
116.5, 330050, 20, 400, 86400, 1425, cb3b64ef
58.8, 330053, 25, 500, 90, 9, d70320eb
113.7, 330054, 25, 500, 60, 27, c8218e61
85.0, 330055, 16, 320, 90, 55, d70320eb
110.6, 330060, 20, 400, 86400, 1140, bb80ea72
110.2, 330061, 20, 400, 86400, 936, 558e8b5e
110.4, 330062, 20, 400, 86400, 1008, 558e8b5e
36.2, 330065, 1, 20, 10, 7, 0dc14319
72.2, 330076, 6, 120, 1019, 40, f76931a3
125.8, 330094, 12, 240, 86400, 1422, f4bfec27
123.6, 330101, 4, 80, 86400, 745, 4b9b4e93
113.2, 330102, 25, 500, 1020, 889, 5128dfdb
29.7, 330119, 1, 20, 10, 10, 2b177bb2
88.1, 330122, 16, 320, 90, 17, d70320eb
129.0, 330123, 4, 80, 86400, 830, a5952fbf
28.7, 330126, 2, 40, 10, 10, 2b177bb2
114.0, 330127, 25, 500, 1020, 890, c8218e61
89.4, 330128, 16, 320, 90, 16, d70320eb
87.9, 330129, 16, 320, 90, 17, d70320eb
88.1, 330130, 16, 320, 90, 16, d70320eb
114.5, 330131, 25, 500, 1020, 892, c8218e61
87.4, 330132, 16, 320, 90, 16, d70320eb
124.0, 330133, 4, 80, 86400, 779, a5952fbf
88.3, 330134, 16, 320, 90, 17, d70320eb
122.0, 330136, 13, 260, 86400, 793, d5bf0fca
124.8, 330137, 4, 80, 86400, 1029, a5952fbf
112.9, 330138, 25, 500, 1020, 932, 5128dfdb
114.7, 330139, 25, 500, 1080, 916, c8218e61
126.2, 330140, 4, 80, 86400, 961, a5952fbf
127.2, 330141, 4, 80, 86400, 883, a5952fbf
131.1, 330142, 4, 80, 86400, 907, a5952fbf
129.2, 330143, 4, 80, 86400, 662, 4b9b4e93
129.0, 330144, 4, 80, 86400, 1190, a5952fbf
110.5, 330145, 15, 300, 300, 293, 049f6722
112.6, 330146, 25, 500, 1080, 1080, c8218e61
110.4, 330147, 25, 500, 1020, 1020, c8218e61
112.4, 330149, 25, 500, 1200, 1143, c8218e61
112.7, 330150, 25, 500, 1080, 1080, c8218e61
112.6, 330151, 25, 500, 1080, 1080, c8218e61
130.4, 330152, 4, 80, 86400, 1303, 4b9b4e93
114.2, 330153, 25, 500, 1020, 1020, 5128dfdb
111.8, 330154, 25, 500, 1020, 1002, 5128dfdb
112.1, 330155, 25, 500, 1020, 1008, 5128dfdb
110.5, 330156, 25, 500, 60, 22, c8218e61
32.5, 330157, 25, 500, 86400, 6, 049f6722
88.3, 330158, 16, 320, 90, 17, d70320eb
125.6, 330159, 4, 80, 86400, 1302, 4b9b4e93
119.7, 330160, 20, 400, 86400, 1425, cb3b64ef
126.4, 330163, 4, 80, 86400, 758, a5952fbf
71.7, 330169, 6, 120, 20, 14, f76931a3
70.7, 330173, 6, 120, 20, 20, f76931a3
122.1, 330174, 4, 80, 86400, 698, a5952fbf
72.2, 330175, 6, 120, 20, 20, f76931a3
102.8, 330176, 25, 500, 86400, 1415, 049f6722
113.6, 330177, 25, 500, 1020, 952, 5128dfdb
95.9, 330183, 20, 400, 60, 48, d70320eb
70.3, 330184, 6, 120, 59, 42, f76931a3
122.2, 330185, 14, 280, 86400, 86400, a5952fbf
127.8, 330186, 4, 80, 86400, 736, a5952fbf
34.8, 330187, 1, 20, 10, 10, 0638edd5
123.2, 330190, 8, 160, 86400, 86400, a5952fbf
36.0, 330192, 1, 20, 60, 60, 0638edd5
113.9, 330193, 25, 500, 1020, 887, c8218e61
123.3, 330194, 10, 200, 86400, 1403, a5952fbf
112.9, 330195, 25, 500, 1080, 950, 5128dfdb
113.2, 330196, 25, 500, 1080, 895, 5128dfdb
112.4, 330197, 25, 500, 1080, 946, 5128dfdb
106.0, 330198, 8, 160, 60, 11, 262fef4d
96.2, 330199, 16, 320, 180, 55, d70320eb
113.6, 330200, 25, 500, 960, 960, 97222169
113.5, 330201, 25, 500, 960, 960, 97222169
115.2, 330202, 25, 500, 960, 960, 97222169
114.6, 330204, 25, 500, 960, 957, 97222169
115.5, 330205, 25, 500, 960, 960, 97222169
124.0, 330206, 4, 80, 86400, 413, a5952fbf
106.2, 330207, 8, 160, 60, 11, 262fef4d
113.5, 330208, 25, 500, 960, 960, 97222169
114.5, 330209, 25, 500, 960, 960, 97222169
112.8, 330210, 25, 500, 960, 960, 97222169
112.3, 330211, 25, 500, 960, 960, 97222169
111.9, 330212, 25, 500, 960, 960, 97222169
113.5, 330213, 25, 500, 960, 960, 97222169
109.0, 330214, 25, 500, 60, 31, 262fef4d
95.0, 330215, 15, 300, 86400, 33, ea91060e
127.9, 330216, 4, 80, 86400, 831, d350751e
133.6, 330217, 4, 80, 86400, 1303, d350751e
125.3, 330218, 4, 80, 86400, 821, d350751e
119.9, 330219, 8, 160, 86400, 1009, d350751e
133.3, 330220, 4, 80, 86400, 327, d350751e
131.4, 330221, 4, 80, 86400, 86400, d350751e
112.4, 330222, 25, 500, 1020, 887, c8218e61
27.9, 330223, 1, 20, 60, 60, 0638edd5
80.7, 330231, 6, 120, 20, 13, f76931a3
110.7, 330238, 15, 300, 86400, 1256, ea91060e
64.1, 330244, 6, 120, 20, 5, f76931a3
70.3, 330253, 6, 120, 20, 13, f76931a3
111.1, 330256, 20, 400, 86400, 1132, bb80ea72
124.3, 330288, 4, 80, 86400, 51, a5952fbf
116.7, 330290, 20, 400, 86400, 1425, cb3b64ef
36.3, 330291, 1, 20, 60, 11, 0638edd5
61.1, 330296, 10, 200, 60, 60, d70320eb
41.7, 330298, 1, 20, 60, 55, 0638edd5
114.7, 330299, 25, 500, 1080, 888, c8218e61
112.8, 330301, 25, 500, 1020, 968, 5128dfdb
93.9, 330302, 16, 320, 180, 180, d70320eb
115.2, 330303, 2, 40, 60, 9, a5952fbf
117.5, 330304, 20, 400, 86400, 1426, cb3b64ef
121.9, 330305, 20, 400, 86400, 1426, cb3b64ef
113.0, 330306, 2, 40, 240, 15, 4a5924a4
121.9, 330307, 2, 40, 240, 14, 4a5924a4
131.3, 330308, 4, 80, 86400, 1225, a5952fbf
128.0, 330309, 8, 160, 300, 18, d2921f29
132.5, 330310, 4, 80, 86400, 645, d2921f29
69.2, 330311, 6, 120, 20, 5, f76931a3
70.4, 330312, 6, 120, 20, 5, f76931a3
76.0, 330314, 6, 120, 20, 5, f76931a3
101.0, 330315, 40, 800, 86400, 974, ea91060e
102.0, 330316, 40, 800, 86400, 1391, ea91060e
133.5, 330317, 4, 80, 86400, 911, a5952fbf
72.1, 330319, 6, 120, 20, 5, f76931a3
111.4, 330320, 2, 40, 240, 7, 4a5924a4
131.7, 330321, 2, 40, 240, 68, 4a5924a4
135.8, 330322, 4, 80, 86400, 914, a5952fbf
128.2, 330323, 2, 40, 240, 166, 4a5924a4
133.3, 330324, 3, 60, 86400, 1428, d73657ed
130.8, 330325, 3, 60, 86400, 1428, d73657ed
130.4, 330326, 3, 60, 86400, 1428, d73657ed
135.5, 330327, 3, 60, 86400, 1428, d73657ed
124.7, 330328, 3, 60, 86400, 1428, d73657ed
132.7, 330329, 3, 60, 86400, 1428, d73657ed
130.0, 330330, 3, 60, 86400, 1428, d73657ed
123.8, 330331, 3, 60, 86400, 1428, d73657ed
136.3, 330332, 3, 60, 86400, 1428, d73657ed
126.8, 330333, 3, 60, 86400, 1428, d73657ed
133.3, 330334, 3, 60, 86400, 1428, d73657ed
130.7, 330335, 3, 60, 86400, 1428, d73657ed
125.6, 330336, 3, 60, 86400, 1428, d73657ed
138.6, 330337, 3, 60, 86400, 1428, d73657ed
133.2, 330338, 3, 60, 86400, 1428, d73657ed
134.3, 330339, 3, 60, 86400, 1428, d73657ed
126.9, 330340, 3, 60, 86400, 1428, d73657ed
139.9, 330341, 3, 60, 86400, 1428, d73657ed
140.3, 330342, 3, 60, 86400, 1428, d73657ed
130.3, 330343, 3, 60, 86400, 1428, d73657ed
131.5, 330344, 3, 60, 86400, 1428, d73657ed
126.5, 330345, 3, 60, 86400, 1428, d73657ed
134.9, 330346, 4, 80, 86400, 1234, 4b9b4e93
70.3, 330353, 13, 260, 5, 5, d5bf0fca
106.7, 330354, 45, 900, 86400, 1321, 558e8b5e
129.4, 330363, 4, 80, 86400, 629, a5952fbf
127.5, 330365, 4, 80, 86400, 1019, a5952fbf
132.8, 330373, 4, 80, 86400, 774, a5952fbf
120.0, 330376, 4, 80, 86400, 713, a5952fbf
114.0, 330377, 12, 240, 86400, 1422, f4bfec27
132.5, 330379, 4, 80, 86400, 1054, a5952fbf
114.0, 330380, 25, 500, 1020, 898, 5128dfdb
111.1, 330381, 25, 500, 1020, 1003, 5128dfdb
112.8, 330382, 25, 500, 1200, 1017, c8218e61
133.3, 330383, 4, 80, 86400, 521, 4b9b4e93
130.5, 330384, 4, 80, 86400, 498, 4b9b4e93
120.0, 330386, 4, 80, 86400, 559, a5952fbf
112.3, 330389, 25, 500, 120, 120, c8218e61
122.9, 330393, 20, 400, 86400, 1425, cb3b64ef
96.8, 330394, 20, 400, 600, 263, d70320eb
110.2, 330395, 20, 400, 240, 85, 558e8b5e
110.9, 330398, 25, 500, 120, 79, c8218e61
115.0, 330399, 25, 500, 120, 67, c8218e61
112.1, 330400, 25, 500, 120, 52, c8218e61
113.1, 330401, 25, 500, 120, 116, c8218e61
114.2, 330403, 50, 1000, 86400, 86400, 725a3d83
84.8, 330405, 20, 400, 60, 15, d70320eb
115.6, 330408, 2, 40, 60, 9, a5952fbf
103.3, 330409, 40, 800, 120, 24, 2289bbc8
127.4, 330410, 4, 80, 86400, 502, d2921f29
113.1, 330412, 4, 80, 86400, 9, 99041e14
118.7, 330413, 13, 260, 86400, 1253, d5bf0fca
119.3, 330414, 13, 260, 86400, 1274, d5bf0fca
118.5, 330416, 10, 200, 86400, 86400, a5952fbf
49.9, 330417, 16, 320, 120, 58, cf4eb2a4
28.3, 330418, 1, 20, 60, 20, 0638edd5
125.0, 330420, 4, 80, 86400, 959, d350751e
125.3, 330421, 4, 80, 86400, 651, d350751e
123.9, 330422, 4, 80, 86400, 921, d350751e
133.0, 330424, 4, 80, 86400, 955, d350751e
117.1, 330425, 8, 160, 86400, 997, d350751e
116.5, 330426, 4, 80, 86400, 89, 99041e14
129.3, 330427, 4, 80, 86400, 1120, a5952fbf
84.9, 330428, 20, 400, 40, 14, d70320eb
122.7, 330429, 14, 280, 86400, 1234, a5952fbf
128.7, 330430, 4, 80, 86400, 879, a5952fbf
40.8, 330431, 16, 320, 120, 12, cf4eb2a4
125.7, 330432, 14, 280, 86400, 86400, a5952fbf
127.4, 330433, 8, 160, 86400, 86400, a5952fbf
118.9, 330434, 13, 260, 24, 24, d5bf0fca
119.3, 330437, 2, 40, 86400, 9, a5952fbf
130.7, 330438, 4, 80, 86400, 1156, a5952fbf
125.9, 330440, 4, 80, 86400, 1032, a5952fbf
36.3, 330441, 16, 320, 120, 120, cf4eb2a4
135.4, 330445, 8, 160, 300, 97, d2921f29
138.6, 330446, 4, 80, 86400, 86400, d2921f29
129.6, 330447, 2, 40, 86400, 60, a5952fbf
121.2, 330448, 2, 40, 240, 70, 4a5924a4
118.4, 330449, 2, 40, 240, 16, 4a5924a4
129.3, 330450, 2, 40, 240, 72, 4a5924a4
104.1, 330451, 2, 40, 240, 9, 4a5924a4
116.3, 330452, 4, 80, 86400, 1002, 99041e14
128.5, 330453, 2, 40, 240, 72, 4a5924a4
119.3, 330454, 2, 40, 240, 53, 4a5924a4
33.8, 330459, 1, 20, 60, 60, 0638edd5
116.5, 330460, 13, 260, 86400, 1243, d5bf0fca
116.4, 330461, 13, 260, 86400, 1246, d5bf0fca
29.1, 330465, 1, 20, 60, 60, 0638edd5
115.9, 330479, 52, 1040, 86400, 1357, 4d0f4b53
114.2, 330481, 2, 40, 59, 50, 4e3f0657
34.6, 330483, 16, 320, 120, 120, cf4eb2a4
117.6, 330484, 2, 40, 240, 240, 4a5924a4
114.2, 330486, 3, 60, 60, 13, d73657ed
105.8, 330488, 20, 400, 86400, 109, 558e8b5e
129.7, 330489, 4, 80, 86400, 940, a5952fbf
29.7, 330490, 1, 20, 60, 39, 0638edd5
127.6, 330492, 1, 20, 60, 60, d73657ed
112.4, 330493, 3, 60, 60, 23, d73657ed
116.7, 330494, 2, 40, 240, 19, 4a5924a4
117.1, 330497, 2, 40, 240, 19, 4a5924a4
122.1, 330500, 2, 40, 240, 240, 4a5924a4
114.5, 330502, 25, 500, 960, 960, 0e2b70d3
112.5, 330504, 25, 500, 960, 960, 0e2b70d3
113.7, 330507, 25, 500, 1080, 969, 0e2b70d3
112.6, 330508, 25, 500, 1080, 976, 0e2b70d3
112.1, 330509, 25, 500, 1080, 971, 0e2b70d3
108.9, 330510, 25, 500, 480, 9, 97222169
113.2, 330511, 25, 500, 480, 10, 97222169
129.5, 330512, 4, 80, 86400, 985, a5952fbf
129.6, 330513, 4, 80, 86400, 157, 4b9b4e93
122.0, 330514, 20, 400, 86400, 1425, cb3b64ef
124.7, 330516, 4, 80, 86400, 1140, a5952fbf
113.9, 330517, 25, 500, 1020, 888, c8218e61
133.9, 330518, 4, 80, 86400, 854, d2921f29
113.4, 330519, 25, 500, 1020, 986, 5128dfdb
119.4, 330520, 20, 400, 86400, 1425, cb3b64ef
121.9, 330521, 20, 400, 86400, 1425, cb3b64ef
138.9, 330522, 4, 80, 86400, 982, a5952fbf
104.6, 330523, 25, 500, 120, 7, 97222169
110.3, 330524, 25, 500, 120, 13, 97222169
113.0, 330525, 25, 500, 120, 12, 97222169
113.2, 330526, 25, 500, 120, 21, 97222169
114.5, 330527, 25, 500, 120, 15, 97222169
113.2, 330528, 25, 500, 120, 30, 97222169
111.4, 330529, 25, 500, 120, 120, 97222169
106.0, 330530, 25, 500, 120, 16, 97222169
110.8, 330531, 25, 500, 120, 19, 97222169
106.1, 330533, 20, 400, 86400, 1194, 558e8b5e
114.0, 330534, 12, 240, 86400, 1422, f4bfec27
128.5, 330535, 4, 80, 86400, 774, a5952fbf
129.1, 330536, 4, 80, 86400, 1090, a5952fbf
122.2, 330537, 20, 400, 86400, 1425, cb3b64ef
110.2, 330538, 25, 500, 960, 17, 97222169
113.6, 330539, 25, 500, 1080, 1029, 0e2b70d3
126.4, 330540, 4, 80, 86400, 882, d2921f29
113.8, 330541, 25, 500, 1020, 895, c8218e61
114.7, 330542, 25, 500, 1080, 913, c8218e61
110.5, 330543, 25, 500, 1020, 1020, 5128dfdb
129.8, 330544, 4, 80, 86400, 878, a5952fbf
129.8, 330545, 4, 80, 86400, 1023, a5952fbf
114.7, 330546, 25, 500, 1020, 895, 5128dfdb
132.0, 330547, 4, 80, 86400, 1092, a5952fbf
115.1, 330548, 25, 500, 1020, 904, 5128dfdb
134.1, 330549, 4, 80, 86400, 1135, a5952fbf
110.4, 330553, 25, 500, 1200, 1200, c8218e61
112.6, 330554, 25, 500, 1080, 1080, 97222169
114.5, 330555, 25, 500, 1080, 977, 97222169
111.0, 330560, 25, 500, 1080, 968, 97222169
114.6, 330561, 25, 500, 1080, 968, 97222169
111.1, 330562, 25, 500, 1200, 1193, c8218e61
112.0, 330563, 25, 500, 1080, 950, 97222169
113.7, 330564, 25, 500, 1080, 966, 97222169
114.6, 330565, 25, 500, 1080, 947, 97222169
114.1, 330566, 25, 500, 1080, 1080, 97222169
113.2, 330567, 25, 500, 1200, 1140, c8218e61
113.4, 330568, 25, 500, 1200, 1166, c8218e61
109.8, 330569, 25, 500, 1140, 1140, c8218e61
110.7, 330570, 25, 500, 120, 19, c8218e61
111.9, 330571, 25, 500, 120, 43, 5128dfdb
117.7, 330572, 4, 80, 86400, 1070, a5952fbf
129.1, 330573, 4, 80, 86400, 868, a5952fbf
112.3, 330574, 25, 500, 120, 120, 0e2b70d3
125.3, 330575, 4, 80, 86400, 815, a5952fbf
74.8, 330577, 1, 20, 59, 8, f76931a3
112.2, 330594, 5, 100, 86400, 21, 99041e14
105.9, 330595, 45, 900, 86400, 1321, bb80ea72
109.8, 330596, 20, 400, 86400, 1201, 558e8b5e
124.3, 330601, 5, 100, 86400, 1425, 99041e14
120.9, 330602, 20, 400, 86400, 1425, cb3b64ef
121.1, 330604, 20, 400, 86400, 1425, cb3b64ef
117.8, 330605, 20, 400, 86400, 1425, cb3b64ef
115.9, 330606, 25, 500, 1080, 926, 97222169
114.4, 330608, 25, 500, 1080, 1053, 97222169
114.2, 330610, 50, 1000, 86400, 86400, 725a3d83
123.2, 330611, 2, 40, 480, 480, 4a5924a4
122.9, 330612, 2, 40, 360, 30, 4a5924a4
124.2, 330613, 4, 80, 86400, 814, d350751e
134.2, 330614, 4, 80, 86400, 973, d350751e
124.5, 330615, 4, 80, 86400, 1298, d350751e
125.0, 330616, 4, 80, 86400, 937, d350751e
109.9, 330617, 8, 160, 86400, 86400, d350751e
111.2, 330618, 25, 500, 120, 63, 0e2b70d3
127.8, 330619, 4, 80, 86400, 1376, a5952fbf
132.8, 330620, 4, 80, 86400, 869, d2921f29
128.6, 330621, 4, 80, 86400, 960, a5952fbf
114.7, 330622, 25, 500, 1020, 887, c8218e61
113.7, 330623, 25, 500, 1020, 888, c8218e61
116.5, 330624, 25, 500, 1020, 983, 5128dfdb
113.8, 330625, 25, 500, 1080, 886, c8218e61
125.1, 330626, 4, 80, 86400, 764, a5952fbf
135.6, 330627, 4, 80, 86400, 821, a5952fbf
130.0, 330628, 4, 80, 86400, 1027, a5952fbf
123.8, 330629, 4, 80, 86400, 1036, a5952fbf
131.8, 330630, 4, 80, 86400, 885, a5952fbf
120.7, 330631, 20, 400, 86400, 1425, cb3b64ef
121.7, 330632, 4, 80, 86400, 1042, a5952fbf
114.3, 330634, 25, 500, 1080, 989, 97222169
114.6, 330635, 25, 500, 1080, 1021, 97222169
112.8, 330636, 25, 500, 1080, 976, 97222169
111.1, 330637, 25, 500, 1080, 1020, 97222169
113.0, 330638, 25, 500, 120, 120, 97222169
116.1, 330645, 2, 40, 60, 52, ea91060e
103.8, 330646, 2, 40, 60, 52, ea91060e
114.0, 330648, 50, 1000, 86400, 86400, 725a3d83
102.9, 330650, 15, 300, 86400, 63, ea91060e
107.1, 330651, 15, 300, 86400, 63, ea91060e
118.1, 330652, 2, 40, 480, 480, 4a5924a4
102.1, 330654, 2, 40, 60, 17, ea91060e
105.5, 330655, 50, 1000, 86400, 113, 055d0d15
111.8, 330656, 15, 300, 300, 201, ea91060e
111.7, 330658, 15, 300, 300, 200, ea91060e
112.0, 330663, 15, 300, 720, 709, ea91060e
132.7, 330665, 4, 80, 86400, 872, d2921f29
125.1, 330667, 4, 80, 86400, 667, a5952fbf
127.4, 330668, 4, 80, 86400, 1014, a5952fbf
113.2, 330669, 25, 500, 1020, 999, 5128dfdb
108.7, 330670, 20, 400, 86400, 1228, 558e8b5e
104.6, 330671, 45, 900, 86400, 1344, bb80ea72
133.1, 330673, 4, 80, 86400, 1076, a5952fbf
112.8, 330674, 25, 500, 1080, 979, 97222169
111.1, 330676, 25, 500, 1080, 1066, 97222169
120.6, 330677, 20, 400, 86400, 1425, cb3b64ef
116.4, 330678, 25, 500, 1080, 996, 97222169
105.3, 330679, 15, 300, 300, 66, ea91060e
110.5, 330680, 15, 300, 720, 709, 739857b4
112.1, 330681, 5, 100, 300, 293, ea91060e
113.6, 330682, 5, 100, 300, 293, 049f6722
109.0, 330683, 20, 400, 720, 710, 049f6722
113.8, 330684, 20, 400, 720, 711, 049f6722
113.4, 330685, 25, 500, 1020, 1020, 5128dfdb
119.6, 330686, 20, 400, 86400, 1425, cb3b64ef
117.7, 330687, 20, 400, 86400, 1425, cb3b64ef
112.1, 330688, 25, 500, 1200, 14, 97222169
132.2, 330689, 4, 80, 86400, 1004, a5952fbf
131.9, 330698, 4, 80, 86400, 1165, a5952fbf
127.7, 330701, 4, 80, 86400, 1156, a5952fbf
129.0, 330702, 4, 80, 86400, 908, a5952fbf
119.1, 330703, 4, 80, 86400, 957, a5952fbf
112.2, 330704, 25, 500, 1080, 971, 97222169
114.1, 330706, 25, 500, 1080, 972, 97222169
114.0, 330707, 25, 500, 1200, 1018, c8218e61
132.7, 330708, 4, 80, 86400, 668, a5952fbf
112.1, 330709, 25, 500, 1080, 973, 97222169
116.0, 330710, 25, 500, 1200, 1019, c8218e61
127.7, 330711, 4, 80, 86400, 326, d2921f29
119.4, 330718, 13, 260, 86400, 1433, d5bf0fca
119.4, 330719, 13, 260, 86400, 1414, d5bf0fca
118.8, 330721, 13, 260, 86400, 1438, d5bf0fca
118.7, 330722, 13, 260, 86400, 86400, d5bf0fca
114.2, 330724, 25, 500, 1020, 848, c8218e61
119.9, 330725, 20, 400, 86400, 1296, cb3b64ef
118.9, 330726, 5, 100, 86400, 1425, 99041e14
115.2, 330727, 25, 500, 120, 80, c8218e61
115.0, 330728, 25, 500, 120, 107, c8218e61
113.4, 330730, 25, 500, 1080, 1059, c8218e61
86.6, 330731, 20, 400, 40, 12, d70320eb
115.4, 330732, 25, 500, 1080, 788, 5128dfdb
112.6, 330733, 25, 500, 300, 178, 5128dfdb
113.0, 330735, 25, 500, 60, 27, 262fef4d
109.8, 330736, 25, 500, 1020, 1001, 5128dfdb
96.3, 330737, 20, 400, 600, 7, d70320eb
89.3, 330739, 20, 400, 40, 12, d70320eb
89.6, 330741, 20, 400, 40, 12, d70320eb
114.6, 330742, 25, 500, 1020, 806, c8218e61
109.7, 330743, 20, 400, 86400, 86400, bb80ea72
111.6, 330745, 25, 500, 1200, 27, 97222169
113.8, 330746, 25, 500, 60, 27, 262fef4d
113.3, 330747, 25, 500, 1080, 424, c8218e61
100.4, 330748, 20, 400, 600, 160, d70320eb
127.8, 330751, 4, 80, 900, 805, d2921f29
139.7, 330752, 8, 160, 120, 105, d2921f29
113.3, 330753, 25, 500, 1020, 1001, 5128dfdb
142.3, 330754, 8, 160, 86400, 86400, d2921f29
113.8, 330755, 10, 200, 86400, 86400, a5952fbf
121.9, 330766, 14, 280, 86400, 716, a5952fbf
45.7, 330774, 12, 240, 