Power used per node, Job Id, Number of nodes used, Number of cores used, Runtime
114.4, 325267, 50, 1000, 86400
111.4, 325333, 25, 500, 891
115.4, 325335, 25, 500, 882
113.3, 325336, 25, 500, 996
113.9, 325338, 25, 500, 891
117.3, 325342, 25, 500, 960
128.0, 325364, 16, 320, 1089
117.0, 325366, 52, 1040, 1234
131.1, 325372, 4, 80, 1250
134.1, 325373, 4, 80, 1296
115.2, 325375, 50, 1000, 86400
122.7, 325376, 4, 80, 899
107.0, 325380, 20, 400, 706
104.3, 325381, 20, 400, 812
109.4, 325382, 20, 400, 715
106.4, 325383, 20, 400, 802
106.9, 325384, 20, 400, 709
110.1, 325385, 25, 500, 960
115.3, 325386, 25, 500, 881
113.2, 325387, 25, 500, 920
113.6, 325388, 25, 500, 983
116.4, 325389, 25, 500, 935
125.7, 325390, 4, 80, 247
83.9, 325391, 44, 880, 36
106.6, 325392, 20, 400, 716
104.2, 325393, 20, 400, 815
105.0, 325394, 20, 400, 716
106.7, 325395, 20, 400, 805
116.5, 325396, 52, 1040, 1223
98.8, 325397, 10, 200, 338
114.4, 325398, 50, 1000, 86400
84.7, 325399, 44, 880, 309
102.3, 325403, 10, 200, 155
126.9, 325404, 4, 80, 1365
131.0, 325405, 4, 80, 1069
115.3, 325406, 25, 500, 881
113.7, 325407, 25, 500, 885
117.2, 325410, 25, 500, 891
111.3, 325411, 25, 500, 916
109.2, 325412, 20, 400, 718
106.9, 325413, 20, 400, 711
110.3, 325414, 25, 500, 971
104.4, 325415, 20, 400, 811
106.8, 325416, 20, 400, 795
134.5, 325417, 4, 80, 1082
114.9, 325418, 25, 500, 887
117.5, 325419, 52, 1040, 1232
56.2, 325421, 10, 200, 7
115.8, 325422, 25, 500, 1000
108.7, 325423, 25, 500, 29
96.1, 325424, 10, 200, 340
133.3, 325425, 2, 40, 116
125.0, 325426, 2, 40, 126
129.8, 325427, 2, 40, 28
109.3, 325428, 1, 20, 9
116.0, 325429, 4, 80, 288
114.2, 325431, 1, 20, 60
119.0, 325432, 4, 80, 13
126.3, 325433, 4, 80, 89
112.4, 325434, 25, 500, 988
132.8, 325435, 2, 40, 28
132.0, 325436, 2, 40, 86400
128.4, 325437, 2, 40, 86400
134.6, 325438, 2, 40, 86400
111.3, 325439, 25, 500, 883
92.3, 325440, 2, 40, 5
127.1, 325442, 2, 40, 50
127.3, 325444, 4, 80, 1302
113.0, 325445, 25, 500, 646
113.1, 325447, 25, 500, 647
120.8, 325448, 4, 80, 138
126.8, 325450, 4, 80, 557
106.9, 325452, 20, 400, 714
109.7, 325453, 20, 400, 717
128.2, 325454, 4, 80, 86400
128.3, 325455, 4, 80, 86400
128.1, 325456, 4, 80, 868
131.3, 325457, 4, 80, 1290
124.7, 325458, 4, 80, 677
119.3, 325459, 4, 80, 156
121.5, 325460, 4, 80, 201
123.3, 325461, 4, 80, 453
115.4, 325462, 4, 80, 600
131.4, 325463, 4, 80, 223
127.3, 325464, 4, 80, 146
125.0, 325465, 4, 80, 152
55.5, 325466, 10, 200, 42
113.6, 325467, 50, 1000, 86400
113.3, 325468, 50, 1000, 1087
132.9, 325469, 2, 40, 1292
128.5, 325470, 2, 40, 1166
131.6, 325471, 2, 40, 86400
120.5, 325472, 2, 40, 798
94.8, 325473, 10, 200, 357
51.4, 325475, 10, 200, 5
123.5, 325478, 4, 80, 143
120.9, 325479, 1, 20, 56
125.1, 325481, 4, 80, 163
110.0, 325482, 2, 40, 60
116.2, 325483, 4, 80, 44
126.2, 325484, 4, 80, 1394
123.3, 325485, 4, 80, 141
123.1, 325486, 4, 80, 186
104.5, 325487, 20, 400, 815
106.8, 325488, 20, 400, 802
123.5, 325489, 4, 80, 191
111.3, 325490, 25, 500, 596
114.0, 325491, 25, 500, 596
114.8, 325492, 25, 500, 884
122.0, 325493, 4, 80, 406
111.5, 325494, 25, 500, 887
129.8, 325495, 4, 80, 193
126.6, 325496, 4, 80, 1212
111.4, 325497, 25, 500, 396
117.2, 325498, 25, 500, 883
113.9, 325499, 25, 500, 893
130.7, 325500, 4, 80, 187
114.3, 325501, 52, 1040, 1209
127.7, 325502, 4, 80, 422
131.2, 325503, 4, 80, 190
110.3, 325504, 25, 500, 657
111.4, 325505, 25, 500, 595
134.7, 325506, 4, 80, 1327
110.0, 325507, 20, 400, 86400
120.7, 325509, 2, 40, 53
119.0, 325510, 2, 40, 40
118.7, 325511, 2, 40, 60
86.6, 325512, 2, 40, 92
130.8, 325513, 4, 80, 188
130.7, 325514, 4, 80, 112
135.4, 325515, 4, 80, 1004
134.5, 325516, 4, 80, 86400
132.9, 325517, 4, 80, 86400
131.1, 325518, 4, 80, 139
124.7, 325519, 4, 80, 655
135.7, 325520, 4, 80, 485
130.2, 325521, 4, 80, 629
127.3, 325522, 4, 80, 455
133.5, 325523, 4, 80, 631
124.9, 325524, 4, 80, 631
122.7, 325525, 4, 80, 389
117.5, 325526, 4, 80, 607
130.8, 325527, 4, 80, 86400
131.8, 325528, 4, 80, 424
95.1, 325529, 8, 160, 86400
128.8, 325530, 4, 80, 75
111.5, 325531, 4, 80, 600
131.0, 325532, 2, 40, 86400
134.8, 325533, 2, 40, 86400
119.7, 325534, 2, 40, 464
126.2, 325535, 2, 40, 311
122.3, 325536, 2, 40, 86400
127.1, 325538, 4, 80, 179
95.7, 325539, 10, 200, 105
113.6, 325540, 25, 500, 996
108.5, 325541, 4, 80, 189
122.4, 325542, 2, 40, 864
93.5, 325543, 1, 20, 5
131.2, 325544, 4, 80, 185
127.9, 325545, 4, 80, 393
128.1, 325546, 4, 80, 876
96.9, 325548, 10, 200, 109
117.4, 325549, 21, 420, 1387
126.3, 325551, 4, 80, 187
108.5, 325552, 4, 80, 86400
105.8, 325554, 4, 80, 86400
117.2, 325555, 25, 500, 908
133.0, 325556, 4, 80, 1038
113.8, 325558, 25, 500, 881
108.6, 325559, 25, 500, 678
111.4, 325560, 25, 500, 595
131.8, 325561, 4, 80, 426
130.4, 325562, 4, 80, 185
130.6, 325563, 4, 80, 1065
122.9, 325564, 4, 80, 181
116.1, 325565, 52, 1040, 1217
122.6, 325567, 4, 80, 191
123.4, 325568, 4, 80, 418
130.8, 325569, 4, 80, 828
136.3, 325570, 4, 80, 188
109.8, 325571, 25, 500, 686
111.5, 325572, 25, 500, 595
113.5, 325573, 25, 500, 992
129.5, 325574, 4, 80, 1256
126.4, 325575, 4, 80, 189
116.3, 325576, 25, 500, 949
113.9, 325577, 25, 500, 889
136.5, 325578, 4, 80, 415
111.2, 325580, 20, 400, 679
125.4, 325581, 4, 80, 1046
132.4, 325582, 4, 80, 183
106.7, 325583, 20, 400, 816
103.6, 325584, 20, 400, 1296
125.6, 325585, 4, 80, 188
127.1, 325586, 4, 80, 1000
111.6, 325587, 25, 500, 595
126.6, 325589, 4, 80, 420
111.4, 325590, 25, 500, 596
130.4, 325591, 4, 80, 790
131.7, 325592, 4, 80, 187
121.6, 325593, 4, 80, 186
114.1, 325595, 52, 1040, 1214
104.9, 325596, 20, 400, 1337
113.6, 325597, 25, 500, 882
123.2, 325598, 21, 420, 1141
126.1, 325599, 4, 80, 434
113.8, 325600, 25, 500, 883
129.0, 325601, 4, 80, 190
117.3, 325603, 25, 500, 882
112.7, 325604, 25, 500, 649
110.0, 325605, 25, 500, 686
131.5, 325606, 4, 80, 191
129.3, 325607, 4, 80, 829
128.2, 325608, 4, 80, 1140
125.2, 325609, 4, 80, 193
130.7, 325610, 4, 80, 758
129.6, 325611, 4, 80, 424
132.3, 325612, 4, 80, 1097
130.9, 325613, 4, 80, 188
109.1, 325614, 20, 400, 816
107.3, 325615, 20, 400, 822
106.8, 325616, 20, 400, 803
111.3, 325617, 25, 500, 595
125.3, 325618, 4, 80, 186
113.7, 325619, 25, 500, 883
132.2, 325620, 4, 80, 417
110.6, 325621, 25, 500, 624
112.4, 325622, 25, 500, 990
117.0, 325624, 25, 500, 898
128.3, 325625, 4, 80, 178
115.9, 325627, 52, 1040, 1222
123.4, 325628, 4, 80, 814
123.6, 325630, 4, 80, 185
125.5, 325631, 4, 80, 774
123.0, 325633, 4, 80, 425
131.1, 325634, 4, 80, 181
105.2, 325635, 20, 400, 1325
111.1, 325636, 25, 500, 630
114.9, 325637, 45, 900, 1306
128.5, 325638, 4, 80, 1231
109.1, 325639, 20, 400, 822
98.6, 325640, 20, 400, 13
115.2, 325641, 25, 500, 596
130.9, 325642, 4, 80, 185
134.8, 325643, 4, 80, 1172
129.0, 325644, 4, 80, 191
131.8, 325645, 4, 80, 415
113.8, 325646, 25, 500, 881
117.3, 325647, 25, 500, 883
113.7, 325648, 25, 500, 883
126.7, 325649, 4, 80, 186
128.4, 325650, 4, 80, 730
123.0, 325651, 4, 80, 599
112.4, 325652, 25, 500, 675
106.8, 325653, 20, 400, 809
104.1, 325654, 20, 400, 817
105.3, 325655, 20, 400, 808
103.2, 325656, 10, 200, 554
90.3, 325657, 8, 160, 86400
129.2, 325658, 4, 80, 182
113.5, 325659, 25, 500, 679
126.7, 325660, 4, 80, 255
125.6, 325662, 4, 80, 221
126.7, 325663, 4, 80, 430
127.4, 325665, 4, 80, 180
116.2, 325666, 4, 80, 60
127.5, 325667, 16, 320, 1087
122.3, 325668, 4, 80, 143
122.3, 325669, 2, 40, 410
133.3, 325670, 2, 40, 379
118.8, 325671, 2, 40, 13
126.7, 325672, 4, 80, 186
126.1, 325673, 4, 80, 86400
115.9, 325674, 52, 1040, 1231
128.3, 325675, 4, 80, 86
128.3, 325678, 4, 80, 267
132.6, 325679, 4, 80, 556
122.0, 325680, 4, 80, 208
121.8, 325681, 4, 80, 386
116.5, 325682, 4, 80, 1143
120.2, 325683, 4, 80, 113
133.1, 325684, 4, 80, 247
124.7, 325685, 4, 80, 86
125.6, 325686, 2, 40, 86400
121.0, 325687, 4, 80, 617
121.7, 325688, 4, 80, 305
129.7, 325689, 4, 80, 631
137.1, 325690, 4, 80, 176
132.9, 325691, 4, 80, 658
134.4, 325692, 4, 80, 288
132.6, 325693, 4, 80, 447
131.6, 325694, 4, 80, 86400
130.4, 325695, 4, 80, 86400
126.6, 325696, 4, 80, 67
121.9, 325697, 4, 80, 119
127.3, 325698, 4, 80, 180
127.3, 325699, 4, 80, 883
125.0, 325701, 4, 80, 216
129.2, 325702, 4, 80, 216
124.9, 325703, 4, 80, 405
126.5, 325704, 4, 80, 242
113.6, 325705, 25, 500, 881
127.0, 325706, 4, 80, 712
132.5, 325707, 4, 80, 1387
110.7, 325708, 25, 500, 635
117.1, 325709, 25, 500, 883
105.4, 325710, 20, 400, 1338
113.9, 325711, 25, 500, 890
112.5, 325712, 25, 500, 673
124.6, 325713, 4, 80, 1153
104.6, 325719, 40, 800, 35
120.8, 325720, 4, 80, 240
115.0, 325721, 45, 900, 1409
117.7, 325722, 45, 900, 1382
105.1, 325725, 20, 400, 810
109.0, 325726, 45, 900, 182
125.6, 325727, 4, 80, 418
125.3, 325728, 4, 80, 236
114.9, 325729, 25, 500, 606
132.2, 325730, 4, 80, 245
132.8, 325731, 4, 80, 152
120.0, 325732, 4, 80, 695
128.0, 325733, 4, 80, 412
113.1, 325734, 25, 500, 671
102.0, 325735, 40, 800, 36
112.8, 325736, 25, 500, 976
79.5, 325737, 8, 160, 264
138.6, 325738, 2, 40, 112
120.3, 325739, 2, 40, 62
114.5, 325740, 52, 1040, 1214
114.9, 325741, 4, 80, 51
128.6, 325742, 4, 80, 229
124.0, 325743, 4, 80, 229
116.7, 325744, 4, 80, 228
106.5, 325746, 45, 900, 87
136.6, 325747, 4, 80, 247
120.6, 325748, 2, 40, 90
121.6, 325749, 2, 40, 185
110.9, 325750, 25, 500, 1011
30.6, 325751, 2, 40, 14
122.4, 325754, 4, 80, 294
29.8, 325755, 2, 40, 6
117.2, 325759, 25, 500, 881
117.7, 325760, 4, 80, 51
126.8, 325761, 4, 80, 192
136.8, 325762, 4, 80, 576
129.5, 325763, 4, 80, 33
120.5, 325764, 4, 80, 174
102.3, 325765, 40, 800, 24
128.3, 325766, 4, 80, 290
122.6, 325767, 4, 80, 181
123.0, 325768, 4, 80, 317
106.6, 325769, 20, 400, 142
131.5, 325770, 4, 80, 123
85.9, 325771, 2, 40, 24
126.8, 325772, 4, 80, 404
135.6, 325773, 4, 80, 329
120.9, 325774, 4, 80, 659
127.5, 325775, 4, 80, 723
55.9, 325777, 10, 200, 47
87.1, 325779, 2, 40, 38
77.1, 325780, 8, 160, 20
123.7, 325781, 4, 80, 412
94.5, 325783, 2, 40, 92
127.6, 325784, 4, 80, 241
92.1, 325785, 8, 160, 86400
121.2, 325786, 4, 80, 533
133.5, 325787, 4, 80, 477
126.7, 325788, 4, 80, 141
130.4, 325789, 4, 80, 100
112.3, 325790, 25, 500, 680
126.7, 325791, 4, 80, 164
86.9, 325792, 8, 160, 9
134.4, 325794, 4, 80, 1269
93.4, 325795, 8, 160, 86400
121.0, 325796, 4, 80, 92
124.0, 325797, 4, 80, 798
129.3, 325798, 4, 80, 86400
133.5, 325799, 4, 80, 1125
138.1, 325800, 4, 80, 231
116.9, 325801, 4, 80, 952
125.0, 325802, 4, 80, 89
123.1, 325803, 4, 80, 469
106.7, 325804, 45, 900, 90
129.2, 325805, 4, 80, 782
128.6, 325810, 4, 80, 1438
128.4, 325811, 4, 80, 657
120.7, 325812, 4, 80, 243
105.7, 325813, 20, 400, 1342
108.4, 325814, 45, 900, 1339
28.7, 325815, 2, 40, 51
109.8, 325816, 25, 500, 669
130.3, 325822, 4, 80, 420
102.9, 325824, 20, 400, 1041
108.5, 325825, 20, 400, 963
125.6, 325854, 4, 80, 245
113.5, 325856, 25, 500, 998
115.8, 325857, 25, 500, 995
120.2, 325858, 4, 80, 241
113.8, 325859, 25, 500, 610
110.9, 325860, 25, 500, 1003
120.4, 325861, 4, 80, 426
129.1, 325862, 4, 80, 572
115.7, 325863, 52, 1040, 1227
113.0, 325864, 25, 500, 646
127.9, 325865, 4, 80, 244
122.9, 325866, 4, 80, 86400
107.0, 325867, 4, 80, 86400
127.3, 325868, 4, 80, 82
117.3, 325869, 4, 80, 625
114.1, 325870, 25, 500, 885
109.8, 325871, 25, 500, 968
113.0, 325872, 25, 500, 889
115.8, 325876, 4, 80, 28
127.0, 325877, 4, 80, 21
129.3, 325878, 4, 80, 469
128.7, 325880, 4, 80, 476
119.3, 325881, 4, 80, 10
125.5, 325882, 4, 80, 86400
134.0, 325883, 4, 80, 144
126.2, 325884, 4, 80, 86400
131.5, 325885, 4, 80, 101
128.2, 325886, 4, 80, 927
135.4, 325887, 4, 80, 955
136.1, 325888, 4, 80, 694
134.5, 325889, 4, 80, 223
134.5, 325890, 4, 80, 99
123.5, 325891, 4, 80, 174
134.3, 325892, 4, 80, 596
122.7, 325893, 4, 80, 792
119.6, 325894, 4, 80, 16
122.7, 325895, 4, 80, 16
110.4, 325896, 4, 80, 5
139.6, 325897, 4, 80, 956
123.7, 325898, 4, 80, 162
56.1, 325900, 10, 200, 32
56.3, 325902, 10, 200, 17
88.3, 325903, 4, 80, 5
113.7, 325904, 25, 500, 597
116.5, 325905, 4, 80, 86400
123.9, 325906, 4, 80, 50
128.1, 325908, 4, 80, 1264
132.6, 325909, 4, 80, 578
118.1, 325910, 4, 80, 354
131.4, 325911, 2, 40, 86400
135.1, 325912, 4, 80, 616
126.4, 325913, 2, 40, 754
127.6, 325914, 4, 80, 86400
122.1, 325915, 2, 40, 120
93.5, 325969, 40, 800, 11
126.7, 326129, 4, 80, 269
134.9, 326130, 4, 80, 600
127.3, 326131, 4, 80, 421
123.2, 326132, 4, 80, 326
124.4, 326133, 4, 80, 271
123.4, 326134, 4, 80, 231
123.4, 326135, 4, 80, 1071
129.5, 326136, 4, 80, 1098
52.7, 326150, 10, 200, 5
57.7, 326151, 10, 200, 17
134.4, 326152, 4, 80, 205
122.3, 326153, 4, 80, 25
119.0, 326154, 4, 80, 31
118.4, 326155, 4, 80, 24
127.8, 326157, 2, 40, 873
128.2, 326158, 4, 80, 86
114.1, 326159, 25, 500, 596
95.1, 326160, 8, 160, 1082
93.5, 326161, 8, 160, 86400
114.9, 326162, 25, 500, 930
138.1, 326163, 4, 80, 1372
110.1, 326164, 20, 400, 696
110.6, 326165, 20, 400, 340
131.4, 326217, 4, 80, 872
91.3, 326218, 4, 80, 877
130.0, 326220, 4, 80, 221
103.3, 326221, 20, 400, 86400
117.1, 326222, 25, 500, 882
123.4, 326224, 4, 80, 264
100.2, 326228, 45, 900, 21
112.5, 326229, 25, 500, 883
121.5, 326230, 4, 80, 320
124.9, 326231, 4, 80, 409
126.8, 326232, 4, 80, 222
100.1, 326233, 20, 400, 23
112.1, 326234, 25, 500, 686
129.8, 326235, 4, 80, 263
109.5, 326237, 45, 900, 105
112.6, 326238, 25, 500, 998
112.8, 326239, 25, 500, 891
133.2, 326240, 4, 80, 328
117.2, 326241, 52, 1040, 1235
129.6, 326242, 4, 80, 225
113.1, 326243, 25, 500, 892
110.0, 326244, 25, 500, 679
123.9, 326245, 4, 80, 268
130.4, 326246, 4, 80, 396
124.8, 326247, 4, 80, 221
131.7, 326248, 4, 80, 328
107.7, 326249, 45, 900, 87
55.5, 326250, 10, 200, 10
106.3, 326251, 45, 900, 1332
127.9, 326252, 4, 80, 265
54.5, 326254, 10, 200, 6
122.6, 326255, 4, 80, 1058
57.6, 326256, 10, 200, 5
56.2, 326257, 10, 200, 14
117.6, 326258, 4, 80, 307
50.9, 326259, 10, 200, 5
51.9, 326260, 10, 200, 5
129.0, 326261, 4, 80, 1092
57.3, 326265, 10, 200, 12
115.5, 326267, 25, 500, 891
129.5, 326269, 4, 80, 225
117.2, 326270, 25, 500, 883
118.8, 326272, 8, 160, 60
57.7, 326274, 10, 200, 9
90.9, 326277, 8, 160, 50
55.3, 326280, 10, 200, 17
125.7, 326281, 8, 160, 37
107.7, 326282, 45, 900, 1284
127.6, 326284, 4, 80, 115
128.7, 326285, 4, 80, 660
131.0, 326288, 4, 80, 1210
118.7, 326289, 8, 160, 65
129.5, 326290, 8, 160, 58
109.7, 326292, 25, 500, 674
112.5, 326293, 25, 500, 882
55.2, 326294, 10, 200, 5
56.3, 326295, 10, 200, 17
108.0, 326296, 4, 80, 86400
125.2, 326297, 4, 80, 395
128.5, 326298, 4, 80, 162
135.2, 326299, 4, 80, 993
128.7, 326300, 4, 80, 864
131.5, 326301, 4, 80, 86400
134.7, 326302, 4, 80, 255
130.8, 326303, 4, 80, 86400
124.8, 326304, 4, 80, 726
130.1, 326305, 4, 80, 1299
140.5, 326306, 4, 80, 559
127.4, 326307, 4, 80, 691
133.9, 326308, 4, 80, 866
124.1, 326309, 4, 80, 1134
123.7, 326310, 4, 80, 390
56.0, 326311, 10, 200, 13
122.0, 326312, 16, 320, 86400
58.0, 326313, 10, 200, 7
57.9, 326314, 10, 200, 17
129.8, 326315, 4, 80, 329
53.5, 326316, 10, 200, 7
130.9, 326317, 4, 80, 266
55.9, 326318, 10, 200, 13
58.0, 326319, 10, 200, 6
131.0, 326320, 4, 80, 220
58.0, 326321, 10, 200, 15
122.4, 326322, 4, 80, 1214
54.7, 326323, 10, 200, 8
56.3, 326324, 10, 200, 17
56.2, 326325, 10, 200, 17
129.4, 326326, 2, 40, 86400
118.6, 326327, 4, 80, 86400
122.1, 326328, 4, 80, 11
112.2, 326329, 25, 500, 683
55.5, 326330, 10, 200, 6
56.2, 326331, 10, 200, 18
124.8, 326332, 4, 80, 15
122.2, 326333, 4, 80, 14
105.1, 326334, 4, 80, 6
125.9, 326335, 4, 80, 6
54.9, 326338, 10, 200, 54
127.5, 326339, 2, 40, 12
124.5, 326340, 2, 40, 30
121.8, 326341, 4, 80, 14
129.5, 326343, 4, 80, 420
127.6, 326345, 4, 80, 220
116.2, 326346, 2, 40, 13
123.6, 326348, 4, 80, 112
125.4, 326349, 2, 40, 25
127.6, 326351, 4, 80, 86400
131.9, 326352, 4, 80, 86400
121.0, 326354, 2, 40, 64
119.5, 326356, 4, 80, 1137
115.3, 326357, 25, 500, 997
125.5, 326359, 4, 80, 97
122.5, 326360, 2, 40, 26
114.2, 326361, 4, 80, 5
122.2, 326363, 4, 80, 155
112.1, 326364, 20, 400, 697
111.7, 326365, 20, 400, 340
134.5, 326420, 4, 80, 223
133.5, 326421, 4, 80, 1234
113.3, 326422, 25, 500, 919
135.1, 326423, 4, 80, 268
115.1, 326424, 25, 500, 899
131.0, 326425, 4, 80, 398
125.2, 326426, 4, 80, 323
129.0, 326427, 4, 80, 206
103.2, 326428, 20, 400, 86400
105.0, 326430, 20, 400, 86400
123.0, 326431, 4, 80, 226
134.3, 326432, 4, 80, 667
139.0, 326433, 4, 80, 265
115.0, 326434, 25, 500, 595
134.9, 326435, 4, 80, 414
128.9, 326436, 4, 80, 208
116.5, 326437, 52, 1040, 1224
121.8, 326438, 4, 80, 323
109.6, 326439, 25, 500, 996
114.0, 326440, 25, 500, 886
126.2, 326441, 4, 80, 222
123.5, 326442, 4, 80, 392
114.1, 326443, 25, 500, 896
124.0, 326444, 4, 80, 205
116.9, 326445, 25, 500, 597
139.3, 326446, 4, 80, 267
130.2, 326447, 4, 80, 926
123.3, 326448, 4, 80, 1091
139.0, 326449, 4, 80, 225
126.5, 326450, 4, 80, 326
120.8, 326451, 4, 80, 412
134.0, 326452, 4, 80, 211
127.1, 326453, 4, 80, 1171
128.6, 326454, 4, 80, 207
139.3, 326455, 4, 80, 229
123.3, 326456, 4, 80, 141
112.4, 326457, 25, 500, 682
124.1, 326458, 4, 80, 156
113.2, 326459, 25, 500, 926
115.3, 326460, 25, 500, 983
113.7, 326461, 25, 500, 991
133.1, 326462, 4, 80, 209
83.1, 326463, 8, 160, 86400
93.6, 326465, 8, 160, 1014
86.6, 326466, 4, 80, 372
108.8, 326467, 45, 900, 141
108.6, 326468, 4, 80, 86400
116.9, 326469, 4, 80, 14
112.4, 326470, 4, 80, 13
119.9, 326472, 4, 80, 16
129.0, 326473, 4, 80, 672
123.6, 326474, 4, 80, 391
109.9, 326475, 4, 80, 7
111.9, 326476, 4, 80, 7
130.0, 326478, 4, 80, 388
126.4, 326479, 4, 80, 798
128.3, 326480, 4, 80, 249
114.9, 326481, 25, 500, 596
130.6, 326482, 4, 80, 327
120.9, 326484, 4, 80, 197
128.8, 326485, 4, 80, 1048
130.9, 326486, 4, 80, 210
136.0, 326487, 4, 80, 972
137.8, 326489, 4, 80, 1032
135.7, 326490, 4, 80, 953
138.2, 326491, 4, 80, 723
134.7, 326492, 4, 80, 22
129.0, 326494, 4, 80, 493
132.0, 326495, 4, 80, 1288
134.5, 326496, 4, 80, 86400
126.9, 326497, 4, 80, 86400
106.9, 326500, 45, 900, 1405
118.1, 326501, 14, 280, 86400
128.9, 326503, 2, 40, 240
125.8, 326504, 4, 80, 86400
115.9, 326505, 25, 500, 961
119.4, 326508, 4, 80, 85
121.6, 326510, 4, 80, 43
125.6, 326514, 2, 40, 38
123.5, 326515, 2, 40, 46
124.6, 326516, 8, 160, 57
129.3, 326517, 2, 40, 240
133.5, 326518, 4, 80, 214
119.6, 326519, 2, 40, 199
117.8, 326521, 2, 40, 31
131.8, 326523, 2, 40, 76
129.2, 326524, 4, 80, 246
124.2, 326526, 2, 40, 240
123.0, 326529, 4, 80, 162
122.7, 326530, 2, 40, 61
131.5, 326532, 2, 40, 158
121.6, 326538, 4, 80, 86400
124.2, 326541, 4, 80, 86400
125.9, 326543, 4, 80, 459
124.1, 326544, 4, 80, 86400
116.2, 326545, 4, 80, 6
36.9, 326547, 64, 1280, 14
111.7, 326548, 25, 500, 984
37.7, 326549, 64, 1280, 28
109.7, 326550, 25, 500, 974
39.7, 326551, 64, 1280, 30
130.8, 326552, 4, 80, 315
130.6, 326553, 4, 80, 418
121.6, 326554, 4, 80, 1146
107.1, 326557, 32, 640, 8
116.6, 326558, 52, 1040, 1222
92.1, 326559, 32, 640, 7
112.1, 326560, 32, 640, 503
111.2, 326561, 32, 640, 755
111.8, 326562, 25, 500, 678
128.8, 326563, 4, 80, 206
124.3, 326564, 4, 80, 243
104.1, 326565, 20, 400, 732
106.2, 326567, 20, 400, 728
126.1, 326568, 4, 80, 1050
114.3, 326569, 25, 500, 595
123.7, 326570, 4, 80, 658
130.2, 326571, 4, 80, 305
132.3, 326572, 4, 80, 202
113.6, 326573, 25, 500, 932
123.5, 326574, 4, 80, 241
129.7, 326575, 4, 80, 413
114.7, 326576, 25, 500, 910
115.0, 326577, 25, 500, 885
129.9, 326578, 4, 80, 204
127.2, 326579, 4, 80, 1272
124.0, 326580, 4, 80, 311
136.9, 326581, 4, 80, 243
123.2, 326582, 4, 80, 204
117.1, 326584, 25, 500, 882
130.7, 326585, 4, 80, 417
129.0, 326587, 4, 80, 245
113.8, 326588, 25, 500, 883
133.9, 326589, 4, 80, 314
124.1, 326590, 4, 80, 203
110.2, 326591, 25, 500, 939
133.2, 326592, 4, 80, 678
123.1, 326593, 4, 80, 1243
104.3, 326594, 20, 400, 740
108.2, 326595, 20, 400, 738
106.4, 326596, 20, 400, 735
123.5, 326597, 4, 80, 243
128.1, 326598, 4, 80, 209
123.7, 326599, 4, 80, 1225
125.4, 326600, 4, 80, 315
126.8, 326602, 4, 80, 415
131.0, 326603, 4, 80, 993
114.0, 326604, 52, 1040, 1211
113.9, 326605, 25, 500, 925
113.9, 326606, 25, 500, 984
120.7, 326607, 4, 80, 205
114.9, 326608, 25, 500, 889
125.4, 326609, 4, 80, 235
122.8, 326610, 4, 80, 210
121.3, 326611, 4, 80, 309
125.3, 326612, 4, 80, 236
126.4, 326613, 4, 80, 676
103.8, 326614, 20, 400, 731
133.2, 326615, 4, 80, 405
129.7, 326616, 4, 80, 86400
129.8, 326617, 4, 80, 86400
127.0, 326618, 4, 80, 86400
126.2, 326619, 4, 80, 86400
128.0, 326620, 4, 80, 740
126.2, 326621, 4, 80, 86400
123.0, 326622, 14, 280, 86400
117.2, 326623, 25, 500, 881
131.2, 326624, 4, 80, 211
132.3, 326626, 4, 80, 1194
112.3, 326627, 25, 500, 995
106.3, 326628, 20, 400, 732
108.2, 326629, 20, 400, 736
104.3, 326630, 20, 400, 733
130.1, 326631, 4, 80, 239
125.6, 326632, 4, 80, 308
110.6, 326633, 25, 500, 989
123.9, 326634, 4, 80, 206
132.4, 326635, 4, 80, 397
132.0, 326636, 4, 80, 244
130.4, 326637, 4, 80, 306
125.2, 326638, 4, 80, 204
114.4, 326639, 25, 500, 930
112.4, 326640, 25, 500, 990
123.7, 326641, 4, 80, 1034
134.4, 326642, 4, 80, 1330
121.3, 326643, 4, 80, 659
115.1, 326644, 25, 500, 911
125.9, 326645, 4, 80, 240
131.9, 326646, 4, 80, 204
124.7, 326647, 4, 80, 951
104.0, 326648, 20, 400, 740
112.5, 326650, 32, 640, 15
125.2, 326651, 4, 80, 428
131.3, 326652, 4, 80, 305
114.6, 326653, 52, 1040, 1209
130.1, 326654, 4, 80, 238
104.4, 326655, 20, 400, 739
106.4, 326656, 20, 400, 737
108.2, 326657, 20, 400, 738
117.3, 326658, 25, 500, 881
125.7, 326659, 4, 80, 208
109.4, 326660, 45, 900, 1431
138.6, 326661, 4, 80, 319
130.5, 326662, 4, 80, 210
113.7, 326663, 25, 500, 882
125.8, 326664, 4, 80, 242
111.1, 326665, 25, 500, 882
130.8, 326666, 4, 80, 393
125.4, 326667, 4, 80, 661
123.3, 326668, 4, 80, 1351
129.4, 326669, 4, 80, 205
131.5, 326670, 4, 80, 240
120.4, 326672, 4, 80, 308
104.0, 326673, 20, 400, 736
114.4, 326675, 25, 500, 924
121.6, 326676, 4, 80, 203
112.5, 326677, 25, 500, 999
115.2, 326678, 25, 500, 901
129.4, 326679, 4, 80, 244
131.7, 326680, 4, 80, 407
129.6, 326681, 4, 80, 810
127.6, 326682, 4, 80, 1043
127.3, 326683, 4, 80, 208
122.0, 326684, 4, 80, 317
117.2, 326685, 25, 500, 880
120.1, 326686, 4, 80, 244
130.4, 326687, 4, 80, 327
123.6, 326688, 4, 80, 205
130.7, 326689, 4, 80, 1237
113.6, 326690, 25, 500, 883
132.2, 326691, 4, 80, 201
131.7, 326692, 4, 80, 218
113.8, 326693, 52, 1040, 70
111.2, 326694, 25, 500, 893
129.0, 326695, 4, 80, 66
115.7, 326696, 52, 1040, 914
123.9, 326697, 4, 80, 40
126.2, 326698, 4, 80, 86400
120.7, 326699, 4, 80, 236
122.6, 326700, 4, 80, 239
104.0, 326701, 20, 400, 740
106.3, 326702, 20, 400, 736
106.8, 326703, 20, 400, 738
107.2, 326704, 20, 400, 742
110.1, 326705, 32, 640, 56
108.0, 326706, 32, 640, 56
131.8, 326707, 4, 80, 221
109.9, 326708, 32, 640, 278
131.5, 326709, 4, 80, 253
125.2, 326710, 4, 80, 214
109.7, 326711, 32, 640, 86400
127.7, 326712, 4, 80, 300
132.9, 326713, 4, 80, 300
135.3, 326714, 4, 80, 698
128.3, 326715, 4, 80, 653
112.8, 326716, 4, 80, 137
134.0, 326717, 4, 80, 712
124.2, 326718, 4, 80, 832
127.1, 326720, 4, 80, 471
129.3, 326721, 4, 80, 920
129.7, 326722, 4, 80, 1157
125.4, 326723, 4, 80, 830
133.6, 326724, 4, 80, 183
117.1, 326725, 4, 80, 11
118.6, 326727, 4, 80, 15
118.3, 326729, 2, 40, 48
121.5, 326730, 2, 40, 29
122.8, 326731, 14, 280, 86400
118.5, 326733, 2, 40, 48
116.0, 326734, 2, 40, 52
127.2, 326736, 2, 40, 71
123.1, 326737, 2, 40, 180
36.7, 326738, 1, 20, 18
108.3, 326740, 10, 200, 21
123.0, 326741, 2, 40, 240
135.5, 326742, 2, 40, 240
107.6, 326743, 10, 200, 7
115.1, 326745, 10, 200, 37
125.2, 326746, 2, 40, 144
114.6, 326747, 25, 500, 904
114.5, 326748, 10, 200, 25
118.2, 326749, 2, 40, 240
128.3, 326751, 8, 160, 86400
137.7, 326754, 2, 40, 240
117.2, 326755, 4, 80, 15
31.9, 326756, 1, 20, 10
123.1, 326759, 4, 80, 86400
107.8, 326760, 10, 200, 13
117.9, 326761, 4, 80, 171
108.1, 326762, 10, 200, 18
127.1, 326763, 4, 80, 163
111.9, 326765, 10, 200, 15
122.8, 326766, 4, 80, 20
104.0, 326767, 10, 200, 11
134.6, 326768, 4, 80, 60
129.7, 326770, 2, 40, 27
114.6, 326771, 50, 1000, 1184
131.5, 326772, 2, 40, 35
115.5, 326773, 2, 40, 73
115.9, 326774, 2, 40, 66
111.4, 326775, 4, 80, 15
124.9, 326776, 4, 80, 120
113.4, 326777, 25, 500, 1047
105.5, 326778, 10, 200, 7
127.3, 326779, 2, 40, 159
98.1, 326780, 2, 40, 5
127.4, 326782, 4, 80, 163
119.4, 326783, 2, 40, 198
119.1, 326784, 4, 80, 68
131.2, 326785, 2, 40, 195
117.1, 326786, 4, 80, 23
122.5, 326787, 2, 40, 17
131.0, 326788, 2, 40, 96
124.8, 326790, 2, 40, 68
133.2, 326793, 4, 80, 56
124.4, 326794, 8, 160, 69
134.4, 326795, 4, 80, 228
123.5, 326797, 4, 80, 195
124.1, 326799, 4, 80, 110
109.3, 326800, 32, 640, 69
129.4, 326801, 4, 80, 193
129.4, 326802, 2, 40, 214
108.7, 326803, 4, 80, 9
109.3, 326804, 4, 80, 9
101.8, 326805, 4, 80, 9
116.0, 326806, 2, 40, 195
131.7, 326807, 4, 80, 81
126.4, 326808, 4, 80, 81
129.9, 326809, 4, 80, 81
110.7, 326810, 10, 200, 33
120.4, 326812, 4, 80, 186
112.9, 326813, 25, 500, 959
130.8, 326814, 4, 80, 136
123.6, 326815, 2, 40, 240
115.7, 326818, 25, 500, 1003
133.7, 326819, 4, 80, 986
129.6, 326820, 4, 80, 862
127.5, 326821, 4, 80, 189
120.2, 326822, 4, 80, 186
134.4, 326823, 4, 80, 207
107.7, 326824, 45, 900, 1435
113.2, 326825, 25, 500, 926
130.3, 326826, 4, 80, 176
129.0, 326828, 4, 80, 191
105.1, 326829, 20, 400, 23
131.9, 326830, 4, 80, 190
111.0, 326832, 25, 500, 881
131.2, 326834, 4, 80, 186
121.9, 326835, 4, 80, 206
129.0, 326836, 4, 80, 189
126.7, 326837, 4, 80, 1293
131.8, 326838, 4, 80, 189
132.0, 326839, 4, 80, 179
114.9, 326840, 25, 500, 907
120.7, 326841, 4, 80, 179
127.3, 326842, 4, 80, 185
131.8, 326843, 4, 80, 182
113.7, 326844, 25, 500, 987
125.0, 326845, 4, 80, 189
112.4, 326846, 25, 500, 983
104.2, 326847, 4, 80, 26
126.2, 326848, 4, 80, 1156
131.2, 326850, 4, 80, 60
120.0, 326851, 4, 80, 276
128.4, 326852, 4, 80, 1295
113.3, 326853, 28, 560, 86400
110.4, 326854, 10, 200, 31
131.1, 326855, 4, 80, 914
95.2, 326856, 2, 40, 40
108.1, 326857, 20, 400, 740
106.9, 326858, 20, 400, 739
106.3, 326859, 20, 400, 740
103.8, 326860, 20, 400, 731
111.7, 326861, 28, 560, 86400
117.0, 326862, 4, 80, 214
126.7, 326864, 4, 80, 210
126.2, 326865, 4, 80, 209
129.5, 326866, 4, 80, 1106
120.0, 326867, 4, 80, 201
127.3, 326868, 4, 80, 207
132.3, 326869, 4, 80, 226
127.2, 326871, 4, 80, 1335
131.9, 326873, 4, 80, 176
58.2, 326875, 10, 200, 19
117.1, 326876, 25, 500, 881
128.2, 326877, 4, 80, 894
136.5, 326878, 4, 80, 201
95.8, 326879, 8, 160, 86400
58.4, 326881, 10, 200, 19
127.8, 326882, 2, 40, 240
116.7, 326883, 2, 40, 11
117.1, 326884, 2, 40, 9
109.8, 326885, 32, 640, 891
119.6, 326886, 2, 40, 240
125.7, 326889, 2, 40, 240
131.7, 326890, 2, 40, 24
118.3, 326891, 2, 40, 21
127.4, 326892, 2, 40, 240
116.9, 326894, 2, 40, 240
113.3, 326895, 2, 40, 13
115.5, 326896, 2, 40, 7
120.4, 326898, 4, 80, 87
113.8, 326900, 25, 500, 882
112.2, 326901, 20, 400, 128
112.4, 326902, 20, 400, 123
112.6, 326903, 20, 400, 113
112.5, 326904, 20, 400, 128
109.8, 326905, 20, 400, 42
139.1, 326906, 4, 80, 670
122.6, 326907, 4, 80, 936
137.5, 326908, 4, 80, 869
133.0, 326909, 4, 80, 968
123.6, 326910, 14, 280, 86400
133.8, 326911, 4, 80, 1126
132.9, 326912, 4, 80, 1353
124.5, 326913, 4, 80, 1062
56.1, 326914, 10, 200, 16
126.6, 326915, 4, 80, 183
123.2, 326916, 4, 80, 402
123.3, 326918, 4, 80, 86400
134.7, 326920, 4, 80, 73
110.6, 326921, 2, 40, 10
113.3, 326922, 2, 40, 10
125.8, 326923, 4, 80, 177
135.9, 326925, 4, 80, 193
122.4, 326927, 4, 80, 1264
57.7, 326928, 10, 200, 7
90.9, 326929, 4, 80, 5
109.7, 326930, 25, 500, 985
131.9, 326931, 4, 80, 184
116.4, 326933, 4, 80, 113
115.0, 326934, 25, 500, 1019
112.8, 326935, 25, 500, 271
113.9, 326936, 25, 500, 884
29.9, 326937, 2, 40, 120
127.8, 326941, 4, 80, 210
106.7, 326947, 8, 160, 11
105.5, 326951, 8, 160, 11
126.4, 326952, 4, 80, 178
135.0, 326953, 4, 80, 212
128.5, 326955, 8, 160, 86400
109.1, 326958, 8, 160, 11
106.6, 326961, 8, 160, 11
114.4, 326962, 8, 160, 11
109.5, 326967, 4, 80, 7
118.8, 326968, 2, 40, 83
127.9, 326969, 2, 40, 106
106.1, 326970, 8, 160, 11
30.3, 326971, 2, 40, 120
120.4, 326972, 4, 80, 7
103.2, 326973, 25, 500, 10
104.9, 326975, 25, 500, 10
105.5, 326976, 4, 80, 7
113.6, 326978, 25, 500, 965
108.2, 326979, 25, 500, 10
114.0, 326981, 25, 500, 977
139.2, 326982, 4, 80, 383
123.3, 326983, 4, 80, 35
112.6, 326985, 25, 500, 964
130.4, 326986, 4, 80, 191
126.6, 326987, 4, 80, 866
32.0, 326988, 2, 40, 120
126.2, 326989, 4, 80, 181
135.9, 326990, 4, 80, 191
128.3, 326991, 4, 80, 86400
123.0, 326992, 4, 80, 182
127.0, 326993, 4, 80, 209
113.7, 326994, 25, 500, 912
113.4, 326995, 25, 500, 942
117.9, 326996, 2, 40, 77
110.9, 326997, 2, 40, 7
126.3, 326998, 2, 40, 569
116.5, 326999, 2, 40, 33
127.2, 327001, 2, 40, 840
120.4, 327002, 4, 80, 840
136.2, 327003, 4, 80, 181
128.6, 327004, 4, 80, 193
125.8, 327006, 4, 80, 181
114.8, 327007, 25, 500, 878
122.0, 327008, 4, 80, 189
116.2, 327009, 52, 1040, 1243
138.5, 327010, 4, 80, 184
106.2, 327011, 20, 400, 737
109.8, 327012, 45, 900, 768
127.6, 327013, 4, 80, 183
136.3, 327014, 4, 80, 190
128.1, 327015, 4, 80, 173
125.7, 327016, 4, 80, 186
121.8, 327017, 4, 80, 194
141.7, 327018, 4, 80, 1322
122.7, 327019, 4, 80, 813
113.6, 327020, 25, 500, 999
113.9, 327021, 25, 500, 661
117.0, 327022, 25, 500, 914
128.4, 327023, 4, 80, 861
131.4, 327024, 4, 80, 186
127.3, 327025, 4, 80, 179
128.3, 327026, 4, 80, 182
136.4, 327027, 4, 80, 184
125.6, 327028, 4, 80, 185
113.8, 327029, 25, 500, 892
130.7, 327030, 4, 80, 359
112.5, 327031, 25, 500, 998
126.9, 327032, 4, 80, 196
131.7, 327033, 4, 80, 190
135.6, 327034, 4, 80, 182
130.2, 327035, 4, 80, 205
111.1, 327036, 25, 500, 882
128.8, 327037, 4, 80, 183
138.5, 327038, 4, 80, 251
123.0, 327039, 4, 80, 415
59.2, 327041, 10, 200, 18
58.9, 327042, 10, 200, 18
124.9, 327043, 4, 80, 184
128.8, 327044, 4, 80, 70
127.1, 327045, 4, 80, 64
136.5, 327046, 4, 80, 1175
113.4, 327047, 25, 500, 961
132.1, 327048, 4, 80, 190
125.3, 327049, 4, 80, 190
110.3, 327050, 25, 500, 969
114.3, 327051, 25, 500, 967
127.6, 327052, 4, 80, 177
135.3, 327053, 4, 80, 181
111.8, 327054, 28, 560, 1423
114.8, 327055, 32, 640, 1207
113.8, 327056, 28, 560, 295
110.9, 327057, 25, 500, 973
114.8, 327058, 25, 500, 961
129.9, 327059, 4, 80, 62
112.6, 327060, 4, 80, 88
113.1, 327062, 25, 500, 888
112.6, 327063, 4, 80, 62
119.2, 327064, 2, 40, 462
125.1, 327065, 2, 40, 140
124.9, 327066, 2, 40, 7
126.8, 327067, 4, 80, 722
128.7, 327068, 2, 40, 16
133.5, 327069, 2, 40, 76
125.7, 327070, 4, 80, 179
113.8, 327071, 25, 500, 961
127.0, 327072, 4, 80, 783
140.2, 327073, 4, 80, 1170
135.4, 327074, 4, 80, 86400
132.6, 327075, 4, 80, 931
128.0, 327076, 4, 80, 984
128.8, 327077, 4, 80, 516
130.9, 327078, 4, 80, 386
125.9, 327079, 4, 80, 577
93.5, 327080, 2, 40, 38
56.5, 327081, 10, 200, 30
104.4, 327082, 4, 80, 8
113.4, 327083, 25, 500, 982
123.3, 327084, 4, 80, 157
53.5, 327085, 10, 200, 13
131.8, 327086, 4, 80, 1273
114.2, 327087, 4, 80, 594
58.5, 327088, 10, 200, 19
98.1, 327089, 8, 160, 217
130.5, 327090, 8, 160, 86400
119.8, 327091, 4, 80, 58
131.1, 327092, 4, 80, 209
131.5, 327093, 4, 80, 173
118.0, 327094, 4, 80, 86400
133.9, 327097, 4, 80, 188
127.3, 327098, 4, 80, 178
105.0, 327099, 40, 800, 119
109.0, 327101, 45, 900, 776
116.1, 327102, 2, 40, 211
127.6, 327103, 4, 80, 108
122.7, 327104, 14, 280, 86400
126.2, 327105, 4, 80, 253
122.5, 327106, 4, 80, 86400
99.7, 327109, 4, 80, 7
124.9, 327110, 4, 80, 191
114.3, 327111, 25, 500, 960
126.9, 327112, 2, 40, 600
120.4, 327114, 4, 80, 32
126.8, 327116, 2, 40, 98
124.0, 327117, 2, 40, 60
134.9, 327118, 4, 80, 796
56.3, 327120, 10, 200, 16
109.3, 327121, 2, 40, 9
117.8, 327122, 4, 80, 31
56.5, 327123, 10, 200, 20
124.2, 327130, 4, 80, 203
94.9, 327131, 8, 160, 86400
96.8, 327132, 8, 160, 86400
56.5, 327133, 10, 200, 20
132.0, 327134, 4, 80, 193
124.8, 327135, 4, 80, 174
129.7, 327138, 4, 80, 841
131.9, 327140, 4, 80, 195
126.1, 327141, 4, 80, 28
121.4, 327142, 2, 40, 47
129.8, 327143, 4, 80, 1044
117.1, 327144, 25, 500, 882
110.4, 327148, 4, 80, 14
113.8, 327149, 25, 500, 987
122.5, 327150, 2, 40, 74
127.1, 327151, 2, 40, 155
125.6, 327152, 4, 80, 57
131.1, 327153, 4, 80, 191
116.9, 327154, 52, 1040, 1242
113.8, 327155, 25, 500, 890
129.5, 327156, 4, 80, 190
127.3, 327157, 4, 80, 172
127.2, 327158, 4, 80, 185
131.9, 327159, 4, 80, 184
101.8, 327160, 2, 40, 6
126.8, 327161, 2, 40, 142
127.8, 327166, 4, 80, 212
111.0, 327167, 25, 500, 882
114.1, 327168, 25, 500, 907
128.0, 327170, 4, 80, 183
120.2, 327171, 4, 80, 184
108.3, 327172, 45, 900, 1434
129.3, 327173, 4, 80, 191
130.9, 327174, 4, 80, 1248
127.2, 327175, 4, 80, 187
123.5, 327178, 4, 80, 545
120.3, 327179, 4, 80, 186
125.3, 327180, 4, 80, 179
127.0, 327181, 4, 80, 180
120.5, 327182, 4, 80, 179
129.1, 327183, 4, 80, 180
112.7, 327184, 25, 500, 993
115.0, 327185, 25, 500, 891
131.2, 327186, 4, 80, 188
110.9, 327187, 25, 500, 893
126.0, 327188, 4, 80, 184
125.5, 327189, 4, 80, 196
130.5, 327190, 4, 80, 523
137.1, 327191, 4, 80, 1285
126.3, 327192, 4, 80, 190
120.8, 327193, 4, 80, 196
130.0, 327194, 4, 80, 682
124.2, 327196, 4, 80, 185
131.0, 327197, 4, 80, 175
106.0, 327198, 40, 800, 47
115.5, 327199, 25, 500, 999
125.9, 327200, 4, 80, 133
125.3, 327201, 4, 80, 126
125.9, 327202, 4, 80, 107
113.2, 327203, 25, 500, 976
56.8, 327205, 10, 200, 46
116.8, 327206, 4, 80, 396
131.1, 327211, 4, 80, 194
113.8, 327215, 25, 500, 881
110.3, 327216, 25, 500, 963
113.7, 327217, 52, 1040, 240
111.2, 327218, 25, 500, 963
114.2, 327219, 25, 500, 960
112.5, 327220, 25, 500, 979
57.7, 327221, 10, 200, 37
111.0, 327223, 25, 500, 983
115.2, 327224, 25, 500, 912
119.7, 327225, 4, 80, 180
111.2, 327226, 25, 500, 1001
107.5, 327229, 20, 400, 86400
130.3, 327230, 4, 80, 52
130.4, 327231, 4, 80, 24
125.4, 327232, 4, 80, 11
124.3, 327233, 2, 40, 86400
127.4, 327234, 8, 160, 54
117.7, 327236, 28, 560, 1254
112.4, 327237, 50, 1000, 10
128.6, 327238, 4, 80, 86400
120.8, 327241, 2, 40, 282
131.1, 327242, 4, 80, 905
123.6, 327247, 2, 40, 99
123.8, 327248, 2, 40, 29
107.1, 327249, 20, 400, 20
120.2, 327253, 2, 40, 160
115.2, 327254, 4, 80, 181
129.2, 327255, 4, 80, 1031
130.6, 327256, 4, 80, 1062
128.2, 327257, 4, 80, 1141
126.2, 327258, 4, 80, 1039
123.6, 327259, 4, 80, 1221
137.8, 327260, 4, 80, 56
132.2, 327261, 4, 80, 909
125.1, 327262, 4, 80, 630
129.3, 327263, 4, 80, 633
113.8, 327264, 25, 500, 884
125.4, 327265, 4, 80, 65
128.4, 327266, 4, 80, 283
116.7, 327267, 20, 400, 524
111.6, 327321, 50, 1000, 1395
109.9, 327324, 25, 500, 966
119.8, 327326, 4, 80, 183
55.2, 327327, 10, 200, 58
130.8, 327328, 4, 80, 193
131.5, 327329, 4, 80, 506
123.5, 327330, 2, 40, 115
137.2, 327335, 4, 80, 944
130.0, 327336, 4, 80, 1004
120.7, 327354, 4, 80, 930
56.6, 327355, 10, 200, 18
121.4, 327356, 2, 40, 86400
116.2, 327357, 52, 1040, 1246
114.2, 327358, 2, 40, 92
118.8, 327363, 4, 80, 143
122.7, 327364, 2, 40, 79
120.4, 327365, 2, 40, 1328
124.9, 327366, 14, 280, 86400
125.4, 327367, 8, 160, 86400
125.5, 327368, 4, 80, 86400
116.7, 327369, 2, 40, 1299
117.0, 327370, 2, 40, 224
120.2, 327371, 4, 80, 177
93.4, 327372, 8, 160, 826
96.8, 327373, 8, 160, 862
127.6, 327374, 4, 80, 183
123.4, 327375, 2, 40, 105
125.1, 327376, 2, 40, 37
134.1, 327377, 4, 80, 134
126.5, 327378, 4, 80, 921
117.2, 327379, 25, 500, 897
114.9, 327381, 25, 500, 883
128.1, 327382, 4, 80, 184
123.3, 327383, 4, 80, 1223
133.4, 327384, 4, 80, 178
39.6, 327390, 1, 20, 10
131.7, 327393, 4, 80, 505
128.7, 327394, 4, 80, 187
29.3, 327397, 1, 20, 31
132.1, 327398, 4, 80, 180
114.6, 327399, 4, 80, 162
117.5, 327400, 2, 40, 64
116.3, 327403, 25, 500, 979
114.5, 327404, 25, 500, 916
113.2, 327405, 25, 500, 927
115.0, 327406, 25, 500, 879
125.8, 327407, 4, 80, 175
131.8, 327408, 4, 80, 1218
136.1, 327409, 4, 80, 901
124.3, 327410, 4, 80, 184
131.1, 327411, 4, 80, 178
131.9, 327412, 4, 80, 180
118.9, 327413, 4, 80, 681
128.1, 327414, 4, 80, 873
128.0, 327415, 4, 80, 923
121.1, 327416, 4, 80, 136
131.8, 327417, 4, 80, 210
30.3, 327418, 1, 20, 31
30.6, 327423, 1, 20, 31
110.9, 327424, 25, 500, 933
104.5, 327425, 20, 400, 19
106.7, 327426, 20, 400, 22
113.3, 327430, 25, 500, 977
113.2, 327431, 25, 500, 978
111.2, 327432, 25, 500, 976
114.2, 327433, 25, 500, 973
111.6, 327435, 25, 500, 983
122.4, 327436, 4, 80, 349
112.6, 327437, 25, 500, 962
93.0, 327439, 10, 200, 222
133.3, 327440, 4, 80, 1061
120.7, 327441, 4, 80, 1015
112.4, 327442, 20, 400, 518
111.8, 327443, 20, 400, 506
85.3, 327444, 20, 400, 600
114.5, 327495, 25, 500, 901
127.9, 327498, 4, 80, 86400
122.5, 327499, 4, 80, 86400
109.5, 327500, 25, 500, 993
122.9, 327501, 14, 280, 86400
117.3, 327502, 52, 1040, 1229
119.6, 327503, 4, 80, 86400
131.5, 327504, 2, 40, 185
110.9, 327505, 20, 400, 272
133.8, 327506, 4, 80, 1054
122.4, 327507, 4, 80, 1422
135.7, 327508, 4, 80, 86400
112.1, 327509, 25, 500, 987
121.8, 327510, 4, 80, 1259
126.0, 327511, 4, 80, 1251
140.5, 327512, 4, 80, 986
135.2, 327513, 4, 80, 553
125.4, 327514, 4, 80, 936
113.6, 327515, 25, 500, 1008
108.5, 327516, 2, 40, 5
105.5, 327517, 2, 40, 5
120.5, 327518, 2, 40, 10
128.8, 327519, 4, 80, 195
121.6, 327520, 4, 80, 548
136.0, 327521, 2, 40, 152
133.6, 327522, 4, 80, 671
114.1, 327525, 50, 1000, 86400
100.8, 327527, 2, 40, 5
127.1, 327530, 2, 40, 16
120.3, 327531, 2, 40, 1003
91.6, 327532, 2, 40, 34
116.3, 327534, 2, 40, 1148
86.5, 327535, 2, 40, 36
128.8, 327553, 2, 40, 1299
95.0, 327557, 12, 240, 86400
88.1, 327559, 2, 40, 35
124.5, 327560, 4, 80, 86400
117.0, 327561, 50, 1000, 86400
31.9, 327564, 1, 20, 10
120.6, 327571, 4, 80, 182
115.1, 327572, 25, 500, 890
133.0, 327573, 4, 80, 1289
123.6, 327575, 4, 80, 86400
113.8, 327579, 25, 500, 882
91.8, 327581, 2, 40, 37
108.0, 327585, 20, 400, 833
117.2, 327606, 25, 500, 882
96.5, 327607, 2, 40, 33
95.1, 327632, 8, 160, 86400
121.1, 327638, 4, 80, 634
126.6, 327664, 4, 80, 176
111.3, 327667, 20, 400, 101
110.3, 327668, 20, 400, 485
120.9, 327673, 4, 80, 196
136.7, 327674, 4, 80, 1282
123.3, 327675, 4, 80, 644
111.5, 327676, 25, 500, 882
132.2, 327677, 4, 80, 186
114.7, 327678, 25, 500, 903
113.3, 327683, 25, 500, 974
112.7, 327684, 25, 500, 963
113.2, 327685, 25, 500, 1004
114.1, 327686, 25, 500, 963
111.3, 327687, 25, 500, 955
111.6, 327688, 25, 500, 979
121.0, 327689, 4, 80, 1049
117.8, 327690, 4, 80, 524
110.9, 327691, 25, 500, 890
112.7, 327692, 25, 500, 899
139.1, 327693, 4, 80, 194
114.8, 327694, 25, 500, 890
124.9, 327695, 2, 40, 971
112.0, 327696, 25, 500, 1005
115.2, 327697, 25, 500, 888
114.0, 327698, 25, 500, 883
115.5, 327699, 25, 500, 996
129.8, 327700, 4, 80, 178
120.0, 327702, 2, 40, 1057
104.5, 327703, 20, 400, 1426
126.6, 327704, 4, 80, 554
121.9, 327705, 4, 80, 175
114.7, 327706, 4, 80, 31
126.4, 327707, 4, 80, 1117
130.9, 327708, 4, 80, 191
118.8, 327709, 2, 40, 1021
111.5, 327710, 25, 500, 882
35.2, 327712, 15, 300, 5
111.3, 327713, 25, 500, 901
128.5, 327714, 4, 80, 182
111.4, 327715, 25, 500, 962
112.3, 327716, 25, 500, 961
114.1, 327717, 25, 500, 973
113.4, 327718, 25, 500, 971
112.2, 327719, 25, 500, 975
110.9, 327720, 25, 500, 886
113.1, 327721, 25, 500, 972
112.3, 327722, 25, 500, 892
128.9, 327723, 4, 80, 521
113.3, 327724, 25, 500, 1000
124.0, 327725, 4, 80, 1175
135.2, 327726, 4, 80, 179
125.6, 327728, 4, 80, 1007
115.0, 327729, 25, 500, 892
113.9, 327730, 25, 500, 877
112.7, 327731, 2, 40, 1050
121.8, 327732, 4, 80, 184
113.6, 327733, 25, 500, 893
115.5, 327734, 25, 500, 1001
135.2, 327735, 4, 80, 189
125.0, 327736, 2, 40, 949
122.9, 327738, 4, 80, 531
116.3, 327739, 52, 1040, 1232
132.8, 327740, 4, 80, 198
112.4, 327741, 25, 500, 882
119.7, 327742, 2, 40, 979
111.1, 327743, 25, 500, 878
141.9, 327744, 4, 80, 1143
134.9, 327745, 4, 80, 200
109.4, 327747, 25, 500, 993
111.2, 327748, 25, 500, 982
112.4, 327749, 25, 500, 975
112.2, 327750, 25, 500, 877
110.9, 327751, 25, 500, 980
113.3, 327752, 25, 500, 976
112.3, 327753, 25, 500, 1034
113.1, 327754, 25, 500, 980
125.8, 327755, 4, 80, 196
113.6, 327756, 25, 500, 975
114.1, 327757, 25, 500, 904
114.7, 327758, 25, 500, 878
136.3, 327759, 4, 80, 439
107.4, 327760, 20, 400, 1390
124.6, 327761, 4, 80, 1026
113.8, 327766, 25, 500, 880
125.9, 327770, 4, 80, 202
128.6, 327772, 4, 80, 1233
121.4, 327774, 2, 40, 970
117.2, 327775, 25, 500, 882
113.6, 327777, 50, 1000, 86400
114.4, 327779, 50, 1000, 86400
113.0, 327789, 20, 400, 517
114.1, 327790, 20, 400, 506
86.1, 327791, 20, 400, 68
123.7, 327842, 4, 80, 187
123.6, 327843, 2, 40, 1009
112.0, 327853, 25, 500, 909
135.5, 327854, 4, 80, 185
111.2, 327855, 25, 500, 888
130.5, 327857, 2, 40, 905
124.3, 327858, 4, 80, 194
112.3, 327859, 25, 500, 881
117.0, 327860, 52, 1040, 1228
109.6, 327861, 25, 500, 990
112.3, 327862, 25, 500, 983
111.2, 327863, 25, 500, 1067
113.3, 327864, 25, 500, 972
111.9, 327865, 25, 500, 930
113.2, 327866, 25, 500, 978
131.1, 327867, 4, 80, 1155
114.7, 327868, 25, 500, 892
113.3, 327869, 25, 500, 942
129.1, 327870, 4, 80, 414
111.2, 327872, 25, 500, 997
114.8, 327873, 25, 500, 884
113.4, 327874, 25, 500, 894
124.4, 327875, 4, 80, 984
129.6, 327876, 4, 80, 197
117.2, 327877, 25, 500, 882
96.7, 327878, 8, 160, 826
93.9, 327879, 12, 240, 649
96.6, 327880, 12, 240, 1201
119.8, 327881, 2, 40, 935
126.8, 327882, 2, 40, 93
126.5, 327885, 2, 40, 94
121.8, 327886, 2, 40, 90
125.4, 327887, 2, 40, 106
123.3, 327888, 4, 80, 11
128.7, 327889, 4, 80, 418
124.7, 327892, 4, 80, 1267
127.8, 327894, 14, 280, 1437
131.3, 327895, 4, 80, 1190
131.4, 327896, 4, 80, 1252
119.6, 327897, 2, 40, 1016
122.9, 327898, 14, 280, 1343
121.9, 327899, 4, 80, 97
121.4, 327900, 4, 80, 130
135.0, 327901, 4, 80, 1166
129.2, 327902, 4, 80, 1138
134.8, 327903, 4, 80, 1164
126.5, 327904, 4, 80, 901
131.5, 327905, 4, 80, 553
93.5, 327906, 6, 120, 59
137.4, 327907, 4, 80, 944
126.8, 327908, 4, 80, 173
126.2, 327910, 2, 40, 107
136.9, 327911, 4, 80, 948
135.2, 327912, 4, 80, 1117
131.2, 327913, 4, 80, 1265
119.8, 327917, 4, 80, 532
119.6, 327920, 4, 80, 1423
124.1, 327922, 4, 80, 86400
107.5, 327923, 20, 400, 1404
108.3, 327924, 20, 400, 58
109.8, 327925, 25, 500, 997
116.9, 327926, 52, 1040, 240
127.4, 327930, 2, 40, 1223
120.7, 327931, 4, 80, 1277
103.0, 327932, 20, 400, 1365
104.1, 327933, 20, 400, 1370
107.2, 327934, 20, 400, 1405
125.4, 327936, 4, 80, 1409
102.9, 327937, 20, 400, 1367
129.5, 327939, 2, 40, 52
127.4, 327943, 2, 40, 250
131.4, 327944, 4, 80, 948
114.9, 327945, 25, 500, 801
132.8, 327946, 2, 40, 958
126.0, 327948, 2, 40, 617
110.9, 327949, 25, 500, 887
97.8, 327950, 2, 40, 6
105.0, 327951, 2, 40, 6
113.8, 327952, 2, 40, 11
125.9, 327953, 4, 80, 1098
116.8, 327954, 28, 560, 1423
129.1, 327955, 4, 80, 1232
112.3, 327956, 25, 500, 985
130.5, 327957, 4, 80, 101
112.9, 327958, 25, 500, 986
113.2, 327959, 25, 500, 985
113.6, 327960, 25, 500, 944
111.8, 327961, 25, 500, 985
113.4, 327962, 25, 500, 889
117.2, 327963, 25, 500, 886
113.1, 327964, 25, 500, 980
111.0, 327968, 25, 500, 979
112.5, 327969, 25, 500, 906
111.4, 327970, 25, 500, 962
125.7, 327971, 4, 80, 492
117.6, 327972, 52, 1040, 1232
110.1, 327973, 25, 500, 959
125.8, 327974, 4, 80, 1173
136.6, 327975, 4, 80, 1035
117.8, 327976, 2, 40, 1214
137.6, 327977, 4, 80, 913
136.7, 327978, 4, 80, 906
119.7, 327979, 2, 40, 86400
115.9, 327981, 25, 500, 958
133.3, 327982, 4, 80, 1067
131.4, 327983, 4, 80, 795
126.4, 327984, 2, 40, 135
131.0, 327985, 4, 80, 165
109.9, 327986, 25, 500, 958
113.8, 327987, 50, 1000, 86400
125.9, 327988, 4, 80, 937
129.1, 327989, 4, 80, 904
123.3, 327990, 14, 280, 1351
94.9, 327991, 14, 280, 1040
125.0, 327992, 2, 40, 926
95.8, 327993, 14, 280, 1377
94.3, 327994, 16, 320, 1272
126.4, 327995, 4, 80, 86400
125.3, 327996, 4, 80, 1316
112.6, 327997, 25, 500, 968
112.9, 327998, 25, 500, 974
96.3, 328000, 20, 400, 48
126.2, 328001, 4, 80, 86400
110.7, 328002, 25, 500, 981
112.6, 328003, 25, 500, 968
125.8, 328004, 14, 280, 1284
120.3, 328005, 4, 80, 92
128.8, 328006, 4, 80, 404
125.5, 328007, 4, 80, 162
126.4, 328008, 4, 80, 1279
125.0, 328009, 4, 80, 989
128.8, 328010, 4, 80, 840
114.0, 328011, 25, 500, 970
129.1, 328012, 4, 80, 1156
129.9, 328013, 4, 80, 1202
133.8, 328014, 4, 80, 940
130.1, 328015, 4, 80, 1188
115.8, 328016, 25, 500, 994
113.6, 328017, 25, 500, 1000
113.2, 328018, 25, 500, 975
104.8, 328019, 20, 400, 15
119.3, 328021, 4, 80, 730
111.2, 328022, 25, 500, 964
123.8, 328023, 4, 80, 1190
111.0, 328024, 25, 500, 1017
114.8, 328025, 25, 500, 896
121.0, 328026, 20, 400, 1425
105.2, 328027, 2, 40, 6
113.6, 328028, 25, 500, 982
113.8, 328029, 25, 500, 967
112.5, 328030, 25, 500, 975
109.8, 328031, 2, 40, 11
127.6, 328032, 4, 80, 988
110.7, 328034, 4, 80, 7
110.2, 328038, 4, 80, 13
126.8, 328039, 4, 80, 802
112.2, 328043, 6, 120, 17
30.0, 328046, 10, 200, 46
100.5, 328047, 8, 160, 11
112.1, 328048, 4, 80, 5
117.5, 328049, 20, 400, 1425
110.4, 328050, 8, 160, 11
113.9, 328051, 6, 120, 6
131.4, 328052, 4, 80, 745
125.1, 328053, 4, 80, 138
30.5, 328054, 10, 200, 5
120.3, 328058, 2, 40, 240
123.3, 328060, 4, 80, 163
101.6, 328064, 6, 120, 6
109.6, 328066, 6, 120, 13
127.9, 328067, 4, 80, 933
115.0, 328068, 6, 120, 13
107.2, 328069, 20, 400, 15
110.9, 328070, 25, 500, 27
114.1, 328071, 6, 120, 13
114.0, 328072, 25, 500, 881
117.4, 328074, 6, 120, 13
117.5, 328075, 52, 1040, 1231
126.1, 328076, 4, 80, 1198
120.9, 328077, 4, 80, 353
128.3, 328078, 4, 80, 822
137.7, 328079, 4, 80, 817
28.8, 328080, 10, 200, 6
113.5, 328081, 50, 1000, 86400
108.9, 328084, 20, 400, 1412
135.5, 328085, 4, 80, 559
123.7, 328089, 2, 40, 643
105.4, 328090, 20, 400, 14
102.8, 328093, 20, 400, 1367
104.7, 328094, 20, 400, 1386
104.7, 328095, 20, 400, 1378
106.9, 328096, 20, 400, 1415
112.5, 328098, 25, 500, 1020
112.1, 328099, 25, 500, 911
133.7, 328100, 4, 80, 525
120.9, 328101, 4, 80, 173
122.0, 328102, 4, 80, 799
112.1, 328103, 25, 500, 881
125.6, 328104, 4, 80, 900
122.6, 328105, 2, 40, 417
116.9, 328106, 25, 500, 926
111.5, 328107, 25, 500, 967
126.2, 328108, 4, 80, 296
112.4, 328109, 25, 500, 153
114.3, 328110, 25, 500, 888
117.5, 328111, 25, 500, 978
113.1, 328112, 25, 500, 149
114.3, 328113, 25, 500, 905
113.3, 328115, 25, 500, 112
117.9, 328116, 4, 80, 761
30.7, 328118, 15, 300, 372
101.3, 328119, 20, 400, 15
101.2, 328123, 20, 400, 15
115.0, 328124, 4, 80, 5
116.4, 328125, 28, 560, 1423
127.6, 328128, 4, 80, 939
108.8, 328129, 6, 120, 13
101.7, 328131, 14, 280, 251
121.4, 328132, 4, 80, 940
130.6, 328133, 4, 80, 952
128.8, 328134, 4, 80, 1202
128.1, 328135, 4, 80, 918
114.1, 328139, 25, 500, 944
111.7, 328140, 25, 500, 976
113.1, 328141, 25, 500, 961
124.3, 328143, 8, 160, 83
125.1, 328144, 8, 160, 46
115.8, 328145, 4, 80, 266
128.6, 328146, 4, 80, 86400
120.0, 328147, 4, 80, 86400
121.2, 328148, 4, 80, 86400
117.5, 328149, 4, 80, 61
110.3, 328150, 6, 120, 13
121.4, 328151, 8, 160, 170
129.8, 328153, 4, 80, 86400
120.9, 328156, 20, 400, 1425
98.9, 328157, 5, 100, 8
111.9, 328158, 25, 500, 27
93.4, 328159, 2, 40, 34
112.0, 328167, 50, 1000, 137
98.7, 328168, 14, 280, 982
128.5, 328169, 4, 80, 1239
123.7, 328170, 4, 80, 684
92.4, 328172, 2, 40, 32
87.3, 328174, 2, 40, 32
117.5, 328175, 20, 400, 1425
108.7, 328177, 5, 100, 8
117.2, 328178, 52, 1040, 1244
125.8, 328179, 4, 80, 1389
110.4, 328180, 6, 120, 13
93.5, 328181, 16, 320, 941
92.1, 328182, 2, 40, 33
113.6, 328183, 6, 120, 13
99.8, 328184, 14, 280, 873
110.9, 328185, 6, 120, 13
29.8, 328186, 15, 300, 120
92.5, 328187, 16, 320, 21
122.8, 328193, 4, 80, 792
127.7, 328194, 8, 160, 132
121.9, 328195, 8, 160, 81
104.5, 328196, 5, 100, 16
94.1, 328205, 50, 1000, 7
112.2, 328206, 50, 1000, 86400
112.5, 328209, 25, 500, 892
117.3, 328210, 25, 500, 890
123.8, 328211, 4, 80, 764
112.5, 328212, 25, 500, 896
115.4, 328216, 25, 500, 882
114.3, 328217, 25, 500, 871
98.6, 328218, 5, 100, 8
113.3, 328219, 25, 500, 729
102.3, 328220, 5, 100, 8
110.6, 328221, 25, 500, 544
126.3, 328222, 4, 80, 612
102.5, 328223, 5, 100, 8
121.8, 328224, 8, 160, 70
116.2, 328227, 25, 500, 512
114.3, 328228, 25, 500, 840
112.6, 328229, 25, 500, 890
127.5, 328230, 4, 80, 963
128.6, 328231, 4, 80, 887
124.6, 328232, 4, 80, 1195
112.0, 328233, 25, 500, 987
134.9, 328234, 4, 80, 882
113.7, 328235, 25, 500, 946
111.8, 328236, 25, 500, 988
106.4, 328237, 20, 400, 1404
135.4, 328238, 4, 80, 1147
123.6, 328239, 4, 80, 616
118.7, 328243, 4, 80, 633
124.5, 328244, 4, 80, 763
117.3, 328246, 6, 120, 13
117.4, 328247, 52, 1040, 240
102.2, 328248, 20, 400, 1384
106.0, 328249, 5, 100, 8
118.7, 328250, 14, 280, 1052
131.3, 328251, 2, 40, 240
129.5, 328252, 14, 280, 86400
113.8, 328253, 25, 500, 883
115.1, 328254, 6, 120, 11
117.0, 328255, 25, 500, 192
126.2, 328256, 4, 80, 86400
110.3, 328257, 6, 120, 11
53.8, 328259, 10, 200, 8
52.4, 328261, 10, 200, 5
55.9, 328263, 10, 200, 36
113.7, 328265, 2, 40, 7
111.7, 328267, 25, 500, 134
120.8, 328268, 20, 400, 1425
56.5, 328269, 10, 200, 49
124.7, 328271, 8, 160, 36
123.3, 328272, 8, 160, 108
114.0, 328273, 25, 500, 881
129.5, 328274, 4, 80, 1305
124.9, 328276, 4, 80, 57
127.8, 328278, 2, 40, 1099
129.0, 328279, 4, 80, 1215
57.1, 328282, 10, 200, 21
120.6, 328287, 20, 400, 1425
60.4, 328288, 10, 200, 54
120.4, 328289, 4, 80, 29
116.6, 328290, 6, 120, 11
116.1, 328291, 52, 1040, 1222
115.5, 328292, 4, 80, 135
108.0, 328293, 5, 100, 8
114.4, 328294, 50, 1000, 86400
116.8, 328295, 2, 40, 11
115.1, 328296, 6, 120, 11
102.6, 328297, 5, 100, 8
111.0, 328299, 6, 120, 9
107.8, 328300, 5, 100, 8
63.5, 328302, 6, 120, 5
100.1, 328303, 5, 100, 8
110.4, 328304, 25, 500, 33
112.7, 328305, 25, 500, 27
96.6, 328306, 5, 100, 8
110.5, 328307, 25, 500, 1200
60.5, 328309, 10, 200, 120
115.7, 328310, 25, 500, 981
129.3, 328311, 4, 80, 1243
94.1, 328312, 2, 40, 21
86.4, 328314, 2, 40, 21
111.3, 328316, 25, 500, 997
114.9, 328317, 25, 500, 890
116.1, 328318, 25, 500, 996
137.4, 328319, 4, 80, 1010
82.1, 328320, 16, 320, 9
92.5, 328321, 16, 320, 543
87.7, 328322, 14, 280, 12
128.9, 328323, 4, 80, 817
131.4, 328324, 4, 80, 1230
129.1, 328325, 4, 80, 1036
115.3, 328326, 25, 500, 981
101.6, 328327, 50, 1000, 30
124.2, 328328, 4, 80, 757
113.5, 328329, 25, 500, 967
110.5, 328330, 50, 1000, 86400
128.3, 328331, 4, 80, 86400
113.0, 328332, 25, 500, 978
103.8, 328334, 50, 1000, 166
111.9, 328344, 5, 100, 16
103.0, 328345, 5, 100, 16
102.4, 328352, 5, 100, 8
99.4, 328353, 5, 100, 8
129.3, 328354, 4, 80, 974
99.5, 328355, 5, 100, 8
99.4, 328356, 5, 100, 8
99.6, 328357, 5, 100, 8
129.7, 328358, 4, 80, 1043
97.3, 328359, 5, 100, 8
98.6, 328360, 5, 100, 8
107.6, 328361, 5, 100, 8
114.0, 328362, 25, 500, 880
126.8, 328363, 4, 80, 978
110.7, 328364, 25, 500, 949
126.4, 328365, 4, 80, 1007
112.0, 328366, 25, 500, 900
116.8, 328367, 25, 500, 911
121.6, 328368, 2, 40, 1127
99.4, 328369, 5, 100, 9
109.4, 328370, 5, 100, 8
115.1, 328372, 25, 500, 952
133.4, 328373, 4, 80, 1088
83.6, 328374, 2, 40, 24
117.0, 328375, 52, 1040, 1223
112.7, 328376, 32, 640, 135
111.4, 328377, 32, 640, 130
114.9, 328378, 32, 640, 126
112.2, 328380, 25, 500, 968
127.5, 328381, 4, 80, 920
128.2, 328382, 4, 80, 1113
113.6, 328383, 25, 500, 998
90.9, 328384, 16, 320, 127
115.7, 328385, 25, 500, 97
114.4, 328386, 25, 500, 960
109.8, 328387, 25, 500, 993
113.1, 328388, 25, 500, 957
115.8, 328389, 20, 400, 1425
121.0, 328390, 4, 80, 37
106.4, 328391, 25, 500, 1290
81.9, 328392, 2, 40, 24
86.5, 328393, 2, 40, 21
91.2, 328394, 2, 40, 20
116.2, 328395, 20, 400, 1425
102.1, 328396, 32, 640, 9
128.1, 328400, 4, 80, 992
110.3, 328402, 32, 640, 23
93.1, 328405, 16, 320, 737
79.1, 328406, 16, 320, 5
94.0, 328407, 16, 320, 543
122.8, 328409, 4, 80, 1337
123.3, 328410, 4, 80, 565
124.5, 328411, 14, 280, 549
124.8, 328412, 14, 280, 86400
98.3, 328413, 32, 640, 5
125.1, 328414, 4, 80, 86400
128.5, 328415, 4, 80, 44
134.7, 328416, 4, 80, 86400
131.3, 328417, 4, 80, 171
83.9, 328419, 16, 320, 6
86.0, 328424, 2, 40, 22
136.5, 328425, 4, 80, 936
117.8, 328426, 52, 1040, 1247
107.5, 328427, 32, 640, 10
115.2, 328428, 32, 640, 482
112.7, 328431, 25, 500, 979
123.0, 328436, 4, 80, 917
96.7, 328443, 5, 100, 5
109.3, 328444, 5, 100, 8
114.0, 328445, 25, 500, 939
98.2, 328446, 5, 100, 8
99.8, 328447, 5, 100, 8
112.5, 328448, 50, 1000, 86400
111.4, 328449, 50, 1000, 86400
26.1, 328451, 1, 20, 5
28.5, 328452, 1, 20, 18
112.0, 328455, 25, 500, 887
106.0, 328463, 30, 600, 95
116.6, 328464, 25, 500, 927
129.3, 328465, 4, 80, 1012
128.2, 328467, 4, 80, 745
122.1, 328468, 2, 40, 952
112.3, 328469, 25, 500, 973
113.3, 328470, 25, 500, 984
113.0, 328471, 25, 500, 974
133.5, 328473, 4, 80, 930
129.3, 328474, 4, 80, 868
116.3, 328475, 52, 1040, 1236
135.6, 328476, 4, 80, 904
112.9, 328477, 25, 500, 961
137.8, 328478, 4, 80, 959
111.0, 328480, 50, 1000, 86400
28.8, 328482, 1, 20, 9
106.4, 328483, 25, 500, 1291
28.8, 328484, 1, 20, 21
111.5, 328486, 25, 500, 877
119.0, 328487, 20, 400, 1425
129.3, 328488, 4, 80, 1118
115.0, 328490, 52, 1040, 1220
32.9, 328493, 1, 20, 35
122.6, 328494, 20, 400, 1425
112.1, 328498, 25, 500, 881
115.7, 328500, 25, 500, 996
137.9, 328501, 4, 80, 909
71.8, 328505, 6, 120, 55
68.1, 328507, 6, 120, 608
133.8, 328508, 4, 80, 1069
110.0, 328509, 25, 500, 913
120.2, 328511, 2, 40, 1040
112.1, 328512, 25, 500, 981
113.0, 328513, 25, 500, 967
113.3, 328514, 25, 500, 965
126.6, 328515, 4, 80, 834
128.6, 328517, 4, 80, 982
126.8, 328519, 4, 80, 1098
106.6, 328524, 20, 400, 757
112.0, 328525, 20, 400, 745
112.7, 328526, 5, 100, 16
114.1, 328527, 25, 500, 881
135.6, 328528, 4, 80, 1159
109.9, 328529, 25, 500, 999
117.1, 328530, 52, 1040, 1202
113.0, 328531, 25, 500, 997
128.0, 328532, 4, 80, 693
121.0, 328533, 4, 80, 974
116.0, 328534, 25, 500, 983
112.1, 328535, 25, 500, 893
106.9, 328536, 25, 500, 1292
116.7, 328537, 52, 1040, 1237
115.8, 328540, 28, 560, 114
128.5, 328541, 4, 80, 852
132.4, 328542, 4, 80, 865
101.8, 328546, 5, 100, 8
109.9, 328547, 25, 500, 964
114.4, 328548, 25, 500, 960
113.6, 328549, 25, 500, 969
112.6, 328550, 25, 500, 977
113.5, 328551, 25, 500, 959
117.4, 328552, 25, 500, 968
112.5, 328553, 25, 500, 963
133.9, 328554, 2, 40, 877
116.6, 328555, 20, 400, 1425
99.1, 328556, 30, 600, 18
104.5, 328557, 30, 600, 17
113.1, 328558, 25, 500, 971
113.3, 328559, 25, 500, 962
113.7, 328560, 50, 1000, 86400
98.2, 328563, 5, 100, 8
119.1, 328564, 20, 400, 1425
113.0, 328565, 20, 400, 621
128.4, 328573, 4, 80, 918
109.9, 328574, 20, 400, 600
98.3, 328575, 5, 100, 8
99.6, 328576, 5, 100, 8
98.8, 328577, 5, 100, 8
111.5, 328578, 25, 500, 889
128.1, 328579, 4, 80, 939
128.3, 328580, 4, 80, 903
114.3, 328581, 25, 500, 903
110.7, 328582, 25, 500, 995
126.6, 328583, 4, 80, 1142
98.9, 328584, 5, 100, 8
99.1, 328585, 5, 100, 8
115.8, 328586, 25, 500, 998
99.1, 328587, 5, 100, 8
120.9, 328588, 4, 80, 854
99.8, 328589, 5, 100, 8
117.4, 328590, 52, 1040, 1207
114.9, 328591, 25, 500, 898
128.2, 328592, 4, 80, 843
132.1, 328593, 4, 80, 674
120.4, 328594, 2, 40, 889
112.2, 328595, 25, 500, 956
113.5, 328596, 25, 500, 1027
113.0, 328597, 25, 500, 971
125.0, 328598, 4, 80, 336
115.8, 328599, 52, 1040, 1236
110.4, 328600, 25, 500, 1286
128.3, 328601, 4, 80, 115
119.9, 328602, 4, 80, 785
111.8, 328603, 25, 500, 956
103.4, 328604, 25, 500, 19
108.9, 328605, 25, 500, 960
117.0, 328606, 28, 560, 1423
114.1, 328607, 25, 500, 950
36.9, 328608, 16, 320, 10
127.1, 328609, 4, 80, 990
108.0, 328610, 5, 100, 8
111.1, 328611, 25, 500, 965
113.8, 328612, 25, 500, 984
126.8, 328613, 4, 80, 1066
130.2, 328614, 4, 80, 1241
136.2, 328615, 4, 80, 887
130.9, 328617, 4, 80, 982
111.4, 328619, 25, 500, 986
115.1, 328620, 25, 500, 979
113.1, 328621, 25, 500, 971
58.4, 328623, 16, 320, 10
105.5, 328624, 14, 280, 500
37.5, 328625, 16, 320, 52
133.0, 328627, 2, 40, 14
127.7, 328628, 4, 80, 122
135.1, 328629, 4, 80, 388
126.6, 328630, 4, 80, 855
129.5, 328631, 4, 80, 86400
97.3, 328632, 2, 40, 22
90.9, 328633, 16, 320, 1049
92.2, 328634, 16, 320, 543
102.1, 328635, 30, 600, 18
98.5, 328636, 30, 600, 18
106.0, 328637, 45, 900, 851
103.0, 328638, 45, 900, 207
116.5, 328639, 20, 400, 1425
111.4, 328640, 25, 500, 990
139.3, 328641, 4, 80, 1282
121.8, 328644, 20, 400, 1425
56.2, 328646, 16, 320, 28
130.1, 328647, 4, 80, 1263
97.4, 328648, 16, 320, 11
41.0, 328649, 16, 320, 120
111.5, 328650, 20, 400, 631
114.2, 328651, 25, 500, 884
117.7, 328653, 4, 80, 263
125.1, 328655, 4, 80, 266
117.6, 328656, 4, 80, 351
116.6, 328657, 4, 80, 278
110.5, 328659, 25, 500, 950
115.2, 328661, 25, 500, 884
43.3, 328662, 16, 320, 10
80.6, 328665, 16, 320, 14
34.0, 328666, 16, 320, 120
122.8, 328667, 2, 40, 812
117.8, 328670, 52, 1040, 1234
111.0, 328671, 25, 500, 977
112.3, 328672, 25, 500, 988
118.9, 328673, 4, 80, 210
121.9, 328674, 4, 80, 445
114.5, 328675, 4, 80, 119
110.6, 328676, 4, 80, 95
125.2, 328677, 4, 80, 841
125.4, 328678, 4, 80, 754
131.8, 328679, 4, 80, 618
127.3, 328680, 4, 80, 870
129.5, 328681, 4, 80, 1117
128.0, 328682, 4, 80, 826
125.1, 328683, 4, 80, 990
135.3, 328684, 4, 80, 943
135.3, 328685, 4, 80, 1133
114.3, 328686, 25, 500, 968
135.5, 328687, 4, 80, 1367
41.2, 328688, 16, 320, 120
111.4, 328689, 50, 1000, 86400
108.3, 328690, 20, 400, 743
101.7, 328691, 45, 900, 98
116.0, 328693, 25, 500, 920
136.3, 328694, 4, 80, 885
111.5, 328695, 25, 500, 918
115.5, 328696, 52, 1040, 1234
113.5, 328697, 25, 500, 988
131.2, 328698, 4, 80, 855
126.8, 328699, 4, 80, 1043
111.3, 328700, 25, 500, 996
113.2, 328701, 25, 500, 979
115.1, 328702, 25, 500, 961
131.1, 328704, 4, 80, 1042
124.7, 328705, 2, 40, 159
127.3, 328706, 4, 80, 927
109.5, 328707, 45, 900, 873
122.6, 328708, 14, 280, 358
106.6, 328709, 14, 280, 168
139.2, 328710, 4, 80, 86400
106.1, 328712, 45, 900, 883
91.9, 328713, 2, 40, 22
113.1, 328714, 4, 80, 151
116.4, 328715, 20, 400, 1425
110.1, 328716, 4, 80, 24
121.3, 328717, 4, 80, 1109
115.4, 328718, 4, 80, 37
103.9, 328720, 8, 160, 8
105.2, 328721, 8, 160, 8
114.3, 328722, 25, 500, 886
93.6, 328723, 16, 320, 543
88.0, 328725, 2, 40, 23
113.5, 328728, 25, 500, 989
114.7, 328732, 25, 500, 979
28.8, 328733, 8, 160, 10
114.3, 328734, 25, 500, 876
116.2, 328735, 4, 80, 1425
120.3, 328736, 4, 80, 1425
119.2, 328738, 4, 80, 1425
64.2, 328739, 6, 120, 5
115.0, 328740, 4, 80, 44
29.2, 328741, 8, 160, 8
64.6, 328742, 6, 120, 5
115.3, 328743, 4, 80, 1425
121.8, 328744, 4, 80, 1425
123.1, 328746, 20, 400, 1425
72.9, 328748, 6, 120, 66
126.2, 328750, 4, 80, 359
124.3, 328751, 14, 280, 957
126.2, 328752, 4, 80, 94
118.2, 328753, 4, 80, 64
125.4, 328755, 8, 160, 895
120.0, 328760, 4, 80, 1425
124.8, 328762, 4, 80, 1158
105.3, 328763, 8, 160, 8
124.7, 328768, 4, 80, 66
111.8, 328769, 4, 80, 9
132.3, 328771, 4, 80, 543
136.4, 328772, 4, 80, 829
126.6, 328773, 4, 80, 998
129.3, 328774, 4, 80, 1089
52.1, 328776, 16, 320, 120
74.3, 328777, 6, 120, 26
140.4, 328779, 4, 80, 86400
131.8, 328780, 4, 80, 999
102.2, 328781, 4, 80, 9
90.4, 328782, 4, 80, 5
131.6, 328783, 4, 80, 1213
122.2, 328784, 14, 280, 1069
128.1, 328785, 4, 80, 1061
115.8, 328787, 52, 1040, 1217
119.8, 328788, 4, 80, 8
110.3, 328789, 4, 80, 8
111.1, 328791, 25, 500, 975
120.1, 328793, 4, 80, 276
123.8, 328794, 2, 40, 217
124.3, 328798, 4, 80, 100
126.8, 328799, 4, 80, 1002
119.7, 328801, 4, 80, 29
72.4, 328804, 6, 120, 5
119.2, 328805, 4, 80, 11
92.5, 328806, 4, 80, 5
119.8, 328807, 4, 80, 64
33.3, 328808, 16, 320, 120
114.6, 328809, 25, 500, 887
123.1, 328813, 4, 80, 1425
115.4, 328815, 2, 40, 9
114.2, 328816, 2, 40, 60
116.0, 328817, 20, 400, 1425
121.9, 328818, 20, 400, 1425
125.4, 328819, 4, 80, 55
135.8, 328820, 2, 40, 206
114.1, 328822, 25, 500, 755
115.0, 328824, 25, 500, 748
111.4, 328825, 25, 500, 739
113.0, 328826, 25, 500, 967
109.5, 328827, 4, 80, 8
112.2, 328828, 25, 500, 978
116.5, 328829, 4, 80, 1425
130.0, 328830, 4, 80, 1184
129.7, 328831, 4, 80, 1093
117.5, 328832, 4, 80, 279
127.6, 328833, 4, 80, 371
113.6, 328834, 25, 500, 977
127.1, 328835, 4, 80, 945
114.0, 328836, 25, 500, 972
116.3, 328837, 25, 500, 979
129.6, 328838, 4, 80, 1051
117.7, 328839, 7, 140, 1425
109.1, 328841, 4, 80, 33
112.0, 328842, 4, 80, 20
118.9, 328843, 7, 140, 1425
117.4, 328844, 7, 140, 1425
115.1, 328846, 4, 80, 9
124.1, 328847, 4, 80, 68
114.9, 328848, 4, 80, 148
121.2, 328849, 4, 80, 24
43.8, 328850, 16, 320, 120
117.4, 328851, 4, 80, 31
113.2, 328852, 4, 80, 11
119.1, 328853, 4, 80, 245
114.5, 328854, 4, 80, 13
119.1, 328855, 4, 80, 144
116.0, 328856, 4, 80, 106
120.5, 328857, 4, 80, 11
116.0, 328858, 4, 80, 95
124.0, 328859, 4, 80, 290
123.1, 328860, 4, 80, 161
113.2, 328861, 25, 500, 960
117.4, 328862, 4, 80, 64
117.5, 328865, 4, 80, 16
116.5, 328866, 4, 80, 151
107.9, 328868, 45, 900, 897
106.8, 328869, 45, 900, 895
114.0, 328870, 25, 500, 34
30.2, 328871, 25, 500, 1320
39.9, 328872, 16, 320, 95
123.4, 328873, 14, 280, 543
131.6, 328874, 4, 80, 972
122.3, 328875, 8, 160, 1110
30.3, 328876, 25, 500, 1020
112.9, 328877, 25, 500, 1020
125.3, 328880, 4, 80, 1325
137.3, 328881, 4, 80, 1423
112.3, 328882, 50, 1000, 86400
117.7, 328885, 5, 100, 7
112.3, 328887, 5, 100, 34
111.3, 328888, 2, 40, 9
129.9, 328889, 4, 80, 37
91.0, 328890, 2, 40, 24
117.8, 328893, 4, 80, 29
111.3, 328894, 2, 40, 11
121.9, 328895, 14, 280, 86400
117.9, 328896, 2, 40, 9
29.4, 328897, 1, 20, 7
93.4, 328898, 18, 360, 533
119.9, 328899, 4, 80, 151
114.6, 328900, 5, 100, 13
125.5, 328904, 4, 80, 235
119.8, 328907, 4, 80, 43
119.1, 328910, 5, 100, 15
111.6, 328911, 25, 500, 985
116.4, 328912, 20, 400, 1425
126.8, 328913, 5, 100, 28
124.1, 328915, 4, 80, 830
121.6, 328916, 4, 80, 9
28.5, 328917, 1, 20, 28
126.4, 328919, 5, 100, 21
121.9, 328920, 4, 80, 611
128.9, 328926, 5, 100, 455
66.7, 328929, 6, 120, 5
72.5, 328935, 6, 120, 5
112.4, 328937, 2, 40, 8
50.3, 328939, 16, 320, 56
131.6, 328940, 4, 80, 1223
120.6, 328942, 4, 80, 416
122.5, 328943, 4, 80, 158
111.3, 328944, 25, 500, 997
81.8, 328945, 6, 120, 5
116.2, 328946, 4, 80, 1425
120.2, 328947, 4, 80, 1425
119.3, 328948, 4, 80, 1425
116.8, 328949, 52, 1040, 1241
113.0, 328951, 25, 500, 889
115.2, 328952, 4, 80, 1425
123.2, 328953, 4, 80, 1425
120.4, 328954, 20, 400, 1425
38.0, 328955, 16, 320, 38
129.7, 328956, 4, 80, 1199
66.3, 328958, 16, 320, 5
125.5, 328959, 4, 80, 420
30.9, 328960, 16, 320, 120
113.5, 328961, 25, 500, 984
28.7, 328962, 1, 20, 40
114.9, 328963, 25, 500, 1020
117.3, 328970, 4, 80, 1425
122.5, 328971, 12, 240, 1423
29.0, 328972, 2, 40, 25
133.0, 328974, 4, 80, 1049
130.7, 328976, 4, 80, 1116
131.2, 328977, 4, 80, 1425
121.6, 328978, 4, 80, 86400
124.9, 328979, 4, 80, 1425
118.0, 328980, 4, 80, 1425
130.2, 328981, 4, 80, 1425
130.6, 328982, 4, 80, 1425
113.3, 328985, 25, 500, 950
135.0, 328986, 4, 80, 132
129.6, 328987, 4, 80, 64
123.1, 328988, 4, 80, 969
128.1, 328989, 4, 80, 956
123.5, 328990, 4, 80, 1060
127.3, 328991, 4, 80, 156
135.2, 328992, 4, 80, 1158
134.9, 328993, 4, 80, 366
124.5, 328995, 4, 80, 27
129.9, 328996, 4, 80, 100
27.8, 328998, 2, 40, 60
109.4, 328999, 8, 160, 11
122.9, 329004, 4, 80, 574
107.9, 329005, 8, 160, 11
130.8, 329010, 4, 80, 981
116.0, 329014, 20, 400, 1425
122.0, 329015, 20, 400, 1425
107.2, 329016, 5, 100, 31
114.5, 329017, 25, 500, 1002
130.1, 329018, 5, 100, 1425
109.4, 329019, 5, 100, 326
118.9, 329020, 4, 80, 138
125.7, 329021, 4, 80, 1425
122.1, 329022, 4, 80, 1425
115.1, 329023, 25, 500, 960
124.0, 329024, 4, 80, 1425
116.8, 329025, 7, 140, 1425
120.0, 329026, 7, 140, 1425
116.4, 329027, 7, 140, 1425
123.8, 329028, 4, 80, 674
109.6, 329029, 5, 100, 123
137.9, 329030, 4, 80, 954
123.3, 329031, 4, 80, 160
103.8, 329032, 5, 100, 72
113.8, 329033, 25, 500, 961
107.1, 329034, 5, 100, 8
99.9, 329035, 5, 100, 12
107.8, 329036, 5, 100, 11
83.2, 329037, 5, 100, 6
109.3, 329038, 5, 100, 27
105.8, 329039, 4, 80, 6
105.9, 329040, 4, 80, 7
114.4, 329041, 25, 500, 903
113.3, 329043, 4, 80, 10
99.9, 329045, 5, 100, 9
120.2, 329046, 4, 80, 126
108.0, 329050, 5, 100, 54
113.4, 329051, 25, 500, 886
103.5, 329052, 5, 100, 13
102.3, 329053, 5, 100, 13
106.8, 329055, 5, 100, 33
114.5, 329056, 25, 500, 973
126.9, 329057, 4, 80, 810
122.5, 329058, 4, 80, 81
107.9, 329059, 5, 100, 61
106.3, 329061, 5, 100, 31
116.1, 329063, 4, 80, 24
110.4, 329066, 5, 100, 35
120.2, 329067, 4, 80, 122
115.6, 329068, 52, 1040, 670
114.9, 329073, 4, 80, 80
123.9, 329075, 4, 80, 640
114.3, 329085, 4, 80, 92
121.0, 329102, 5, 100, 28
102.4, 329107, 30, 600, 22
121.4, 329108, 4, 80, 53
115.2, 329111, 4, 80, 45
116.9, 329113, 4, 80, 14
100.9, 329120, 30, 600, 22
100.9, 329122, 30, 600, 27
