91.85346737533982
91.8623029506067
91.86230358100492
91.87124426171953
94.79311865795582
3.835374248471022
3.6660005120580954
3.676598746418032
3.643684948277867
91.79869283270823
91.84092671634869
91.84092671634869
91.90815338978574
94.75296103742572
100
100
100
100
92.59911077293933
92.59432625192657
92.59432625192657
95.29253423995671
95.8028464900826
100
100
100
100
92.59911077293933
92.58927885522992
92.58927885522992
95.29253423995671
95.8028464900826
100
100
100
100
91.82046141583051
91.91738483771847
91.91738483771847
91.88851041603085
94.84170001754526
100
100
100
100
11.793199535738552
100
100
100
100
3.835374248471022
3.6660005120580954
3.676598746418032
3.643684948277867
11.793199535738552
100
100
100
100
11.840388577594371
11.877967622565047
11.84244594211981
11.472526267220983
11.793234718929313
100
100
100
100
11.895488153091014
11.895488153091014
11.881396285935914
11.760553487169929
11.793234718929313
100
100
100
100
11.895542353037563
11.895488153091014
11.895488153091014
11.881396285935914
