4
4
4
4
4
4
5
10
17
18
19
19
20
23
23
24
37
91
91
97
19388
42505
21786
41285
8715
498
17716
29553
8176
30994
1773
2
8556
5
49221
59
8684
1475
29228
41443
6857
24747
2
11
123474
21581
9149
8891
12309
11684
156
42447
1539
26
9633
23253
7748
13521
16378
1962
1635
8412
18475
18774
1846
206
12128
1283
8518
41278
1453
22601
2216
2223
11796
12426
144693
2789
3216
2342
1711
32481
19660
1566
3295
2
4
5
7
2671
19
20
21
24
28
34
2366
35
2037
18539
42
43
45
50
61
62
62
67
68
67
46951
7360
122
129
147
2510
127061
2
3
3
3
3
4
4
4
5
42
42
33178
538
591
615
616
617
617
981
641
644
3
3
3
3
4
4
4
1015
683
39
708
1060
723
1749
746
40118
520
522
840
532
536
2855
546
899
565
573
890
589
911
915
925
41572
986
975
2
3
3
3
3
3
3
3
3
3
3
3
3
3
990
1024
1048
753
1073
41735
2575
578
936
655
656
2
29
1357
67
401
80
80
82
747
89
782
126
792
801
161
490
819
516
865
884
560
37465
1267
2591
939
3258
948
2932
625
4931
657
3
3
3
3
3
6
7
15
25
29
33
698
706
709
710
713
727
752
5388
1433
1518
528
533
878
558
585
634
637
2965
655
1651
3
3
3
3
3
3
3
3
3
3
3
3
5
665
4301
699
722
461
474
508
509
521
532
535
3174
540
3182
3183
549
18968
911
582
588
3236
3290
1979
1983
2
3
3
3
4
4
4
4
4
4
4
4
4
3645
1005
2668
3328
734
776
460
465
467
476
810
827
836
2159
511
513
514
848
528
535
540
545
3849
2207
886
887
3544
3550
910
914
583
915
940
2
2
2
2
3
3
332
3
3
3
3
3
3
3
3
342
1005
369
374
377
384
415
416
748
4052
1745
427
760
434
115
458
789
136
504
6122
3498
546
548
554
245
928
299
318
2
2
2
3
336
23768
366
3344
3017
48561
397
418
4055
759
566314
42305
27263
910
2
3309
50454
743
421
775
795
800
803
478
486
837
846
520
524
3176
924
8835
931
944
1
993
1008
42862
1058
733
783
797
801
4579
10163
3951
1034
18487
789
5097
3778
854
1901
636
54416
727
747
25535
31153
807
821
4437
842
4466
864
2844
44432
880
44803
934
25074
1024
5643
3153
3176
3186
3193
3195
4849
3204
3297
5290
27072
25561
19315
3179
19295
20087
329
37956
44487
50504
50522
46575
57
411
18557
3147
3152
3181
3189
3191
4940
17817
71
4140
3178
3189
3192
3196
3200
3204
4203
3291
62
5675
5051
4778
4789
6126
3165
5146
29629
1274
6378
3167
3171
3180
142478
1891
39213
5294
50856
6039
160
3152
3168
11425
3189
41879
5931
2
2147
1157
3185
2
25750
19193
6337
7339
19234
27180
19286
29889
3166
3169
3170
11437
79
17915
17945
17962
17983
17993
3149
50352
3164
2528
3188
18035
3197
3201
18717
32951
27071
18509
50
25808
18217
18223
18262
18270
18294
1501
18337
18353
19040
18396
48132
25787
80
3380
20554
9005
19085
2959
74
19246
11997
2762
1952
2615
7962
3068
27222
1573
2903
2608
19771
2013
1697
50
4351
43698
6751
43772
41
57
1751
33
33
34
36
36
36
36
37
39
41
42
155
1856
20051
1962
5
54794
38
417
25093
4071
3845
330
6103
50052
9242
3
33942
4337
1411
786
1478
2856
27298
2
4347
32
33
34
35
36
37
39
3758
41
41
44
47
2781
27533
2828
4842
38919
1033
6144
2865
1230
44148
5593
1327
61
2045
45941
2398
38
39
39
39
41
41
41
42
42
44
48
7731
4118
6142
5486
3854
22
5019
1105
448
3763
33811
4514
1279
990
6621
81
2735
3727
27414
3143
4472
4803
34952
2621
7255
35641
15
6694
6400
1796
44632
322829
2674
398
26516
4104
4450
51317
193
1184
945
2949
6959
1050
4377
2441
19606
819
53636
2192
284
47475
3357
729
149707
535
895
578
55383
56446
7041
445
135
4128
8491
2231
48789
29322
7970
3509
884
2214
29553
1265
29609
2
661591
60431
7029
5477
532
3521
657
59419
2005
3379
517
1213
56364
4560
36913
4272
30262
4631
2046
1067
3050
460
30476
2
34
36
37
37
39
39
41
41
42
42
43
43
43
43
46
2759
3459
1825
3179
3892
4646
4647
30
33
34
34
35
35
36
38
39
39
39
40
40
41
42
42
43
44
45
46
46
44011
825
3850
3266
31294
33
35
35
36
36
38
38
38
38
39
39
39
39
40
40
40
41
42
42
43
44
45
46
46
47
53
55
57857
31391
36872
31533
2606
4593
33
34
35
35
35
36
36
36
37
37
38
38
39
39
39
4989
40
40
40
41
41
41
42
44
45
45
46
48
48
48
6993
5028
50584
41436
9770
2610
58739
39
39
39
39
39
39
39
39
40
40
40
40
41
42
42
43
43
43
44
44
45
46
46
46
46
47
47
47
48
48
48
49
49
49
50
50
50
52
53
54
6378
3808
2199
6206
3613
19167
31
34
34
34
34
34
36
36
37
37
38
39
39
39
39
40
40
41
41
41
41
41
43
43
43
44
45
46
46
46
47
47
48
48
49
49
50
50
50
53
53
54
32348
1786
4799
5471
32443
8828
5924
2985
33
34
36
36
37
37
37
38
38
39
40
40
40
41
41
42
42
42
42
42
42
43
43
43
44
44
45
45
46
47
47
47
48
48
48
48
48
49
50
50
51
52
53
53
57
5723
39785
6264
2
17509
33
33
35
36
36
36
6636
37
37
37
37
38
38
38
38
39
39
40
41
42
42
42
43
43
43
44
44
44
46
46
46
47
47
47
48
49
49
50
52
52
53
53
54
54
57
60
12954
4435
10049
17662
51689
4833
11764
5281
4
32
33
34
36
37
38
38
38
38
39
39
39
39
39
39
40
40
41
42
42
42
42
43
43
43
43
43
43
44
44
45
45
45
46
46
47
11927
48
48
49
50
50
51
52
52
52
53
53
54
54
56
58
4021
64
4386
6370
3783
7158
3868
5961
5643
33
33
34
34
34
35
36
36
36
37
37
38
38
39
40
40
41
41
41
41
41
42
42
43
43
43
43
44
44
44
45
46
46
46
47
47
47
48
48
48
49
50
50
50
51
51
51
52
52
54
55
55
55
56
56
56
59
67
11618
13047
13394
4168
13458
17440
4961
33
34
34
35
35
35
35
36
36
36
37
38
38
38
38
38
38
39
40
40
40
40
41
41
42
42
42
42
42
43
43
43
43
44
44
44
44
44
44
45
45
45
45
45
46
46
46
47
48
49
50
50
51
51
53
10283
53
54
54
54
55
55
55
59
65
4109
13436
3507
3514
3517
3521
3532
6903
3552
3559
33
35
35
36
37
33367
38
38
38
39
40
40
40
40
40
40
40
40
41
41
41
41
42
43
43
43
44
44
44
45
45
45
45
46
47
47
47
47
47
47
48
49
50
50
4010
50
50
50
51
51
51
52
53
53
53
54
55
57
2697
58
58
59
61
62
63
63
64
65
66
68
79
7343
3692
3718
3741
4146
3750
3874
3882
3893
3895
3895
3900
3917
3921
36
36
38
38
38
39
39
39
39
39
39
40
40
40
40
41
41
41
42
42
42
44
44
44
45
45
45
45
46
46
47
47
48
48
48
48
49
49
49
49
49
50
50
50
50
51
51
51
52
52
52
52
53
54
55
55
55
55
57
58
58
59
60
60
3951
62
63
65
65
65
67
67
68
43680
6078
7123
4092
4118
4172
4189
21764
11559
34
34
34
35
35
35
36
36
36
37
37
37
37
37
37
38
38
38
38
38
39
39
39
39
39
39
39
40
4660
40
41
41
41
41
42
42
42
7302
43
43
43
44
45
45
45
45
45
46
47
48
48
48
49
49
49
49
50
50
51
51
51
52
53
54
54
55
56
57
57
58
59
59
60
60
61
62
4355
5765
26421
14876
34
35
35
35
35
36
36
36
37
37
38
38
38
38
39
39
39
39
39
39
39
40
40
41
41
41
41
42
42
42
43
43
43
43
43
43
44
44
44
44
45
46
46
46
47
47
47
48
48
49
51
52
52
52
52
53
53
53
53
54
54
55
56
57
57
58
58
58
60
61
62
64
64
67
70
72
72
73
6678
5085
7823
6247
34
35
35
35
36
36
36
39
39
39
39
40
40
40
40
40
40
41
41
41
41
41
42
42
42
43
43
43
44
44
44
45
45
45
45
46
46
47
47
47
48
48
48
48
48
48
49
49
49
49
50
50
51
52
52
52
53
53
53
54
55
55
55
56
56
57
57
58
58
60
60
62
63
63
65
65736
67
70
71
76
4393
38412
7934
36
36
38
38
38
39
39
39
40
40
40
40
41
41
41
41
43
43
44
44
45
46
46
46
46
46
46
47
47
47
48
48
48
48
49
49
49
49
49
50
52
53
53
53
54
54
54
54
55
55
56
20826
58
58
59
61
61
62
63
66
68
71
73
73
75
75
77
78
80
215
6188
6219
5560
12207
34
35
36
36
36
37
37
37
38
38
38
38
38
38
38
39
39
39
39
40
40
40
40
40
41
41
41
41
41
42
42
42
42
42
43
43
43
43
43
45
45
45
45
45
45
46
46
47
48
48
49
49
49
50
51
51
51
51
51
51
52
52
52
53
53
53
54
54
54
54
54
54
55
56
57
57
57
59
59
60
65
66
72
73
13037
2167
3492
10432
2515
61265
70188
21367
3
5639
36
38
38
38
38
39
40
40
41
42
42
42
42
43
43
43
44
44
45
45
46
46
47
47
47
47
48
48
49
49
49
51
53
53
53
53
54
54
55
55
56
57
57
58
58
58
58
58
58
58
59
59
59
60
60
61
62
63
64
64
64
65
66
66
67
68
68
68
69
70
70
70
72
72
74
74
75
76
76
79
79
80
80
82
85
86
88
97
53668
8469
3
60983
43817
56447
33
36
37
40
40
41
43
44
45
46
46
46
46
47
47
48
49
51
52
52
53
53
53
54
54
54
57
57
57
58
58
58
58
59
60
60
61
62
62
62
62
62
63
63
63
63
63
63
63
26794
64
64
66
66
67
68
68
68
69
70
70
70
71
72
72
72
73
73
73
74
74
74
75
81
81
82
82
83
83
83
85
86
86
86
87
89
92
92
26822
93
93
94
94
95
100
103
9394
6893
7886
34
35
36
36
36
36
37
37
37
38
38
38
38
39
39
39
40
40
40
40
40
41
42
42
42
42
42
42
42
43
43
44
44
44
44
44
45
45
45
45
45
45
46
46
46
46
46
47
47
47
48
48
49
49
49
49
49
49
50
50
50
50
51
52
53
53
54
54
55
55
55
56
57
57
57
57
57
58
58
58
58
59
59
59
60
62
62
62
64
67
69
69
70
72
73
64864
36
37
37
38
39
39
39
39
39
39
39
40
40
41
41
41
41
41
41
41
41
41
41
41
41
41
42
42
42
42
42
43
43
43
43
44
44
44
44
44
45
45
46
3016
46
47
47
47
47
47
47
47
48
48
49
49
50
51
51
51
51
51
52
52
52
53
53
53
53
53
54
54
54
54
54
55
55
56
57
57
57
58
58
59
60
60
62
62
63
63
63
65
65
68
69
72
72
75
76
35
35
35
35
36
36
36
37
38
38
38
38
39
39
39
39
40
40
40
41
41
41
41
42
42
43
43
43
43
44
44
45
45
45
45
45
46
46
46
47
47
48
48
48
49
49
50
50
50
50
50
51
52
52
52
53
53
54
37915
55
55
55
55
57
57
57
57
58
60
61
61
61
62
62
62
63
64
64
65
66
66
67
68
68
70
70
72
75
77
80
81
82
83
85
14444
14122
9571
38
38
38
38
38
38
38
38
38
39
39
39
39
40
40
40
40
41
41
41
41
42
42
42
42
43
43
43
44
44
44
45
45
45
46
47
47
47
47
47
47
48
48
49
49
50
50
50
51
51
51
52
52
53
53
53
53
54
54
55
56
58
58
59
60
62
62
62
63
64
64
65
65
65
66
66
67
67
67
69
70
71
71
72
73
73
74
75
78
78
79
79
80
83
84
84
84
92
28549
45116
34
35
35
35
35
35
36
36
37
37
38
38
38
38
38
38
39
40
40
40
41
41
41
42
42
42
42
42
43
43
43
44
44
44
45
45
45
46
46
46
47
47
48
48
48
10278
49
49
49
50
50
51
51
51
51
51
52
52
52
52
54
55
55
56
57
57
57
57
58
60
61
61
62
62
62
62
63
65
65
66
66
66
67
68
68
69
69
70
72
72
73
74
74
75
78
81
81
83
84
85
87
67743
95
7289
34
35
35
36
36
36
36
37
37
37
38
38
38
38
38
39
39
40
41
41
41
41
41
41
42
42
42
43
43
44
44
44
45
45
45
47
47
47
47
48
49
49
49
50
50
50
50
51
52
53
54
54
54
54
55
55
56
57
58
60
60
60
61
62
62
62
62
63
64
65
65
65
66
67
68
70
71
71
73
74
75
75
77
78
80
81
83
83
83
87
90
90
853
28938
28962
29053
9271
34
35
35
36
36
36
36
37
37
37
37
37
37
37
37
37
37
38
38
38
38
38
39
39
39
39
39
40
40
40
40
40
40
40
40
40
41
41
41
41
41
41
42
42
42
43
43
43
43
44
44
44
44
45
45
45
46
46
46
46
46
47
47
47
47
47
48
48
48
49
50
50
50
50
51
51
51
52
52
52
52
53
53
53
54
55
55
55
55
56
56
57
57
59
59
60
60
63
63
63
65
65
66
67
68
26282
56982
33
34
35
35
35
35
35
35
35
35
36
36
37
37
37
38
38
38
38
38
38
38
38
38
38
39
39
39
39
39
40
40
24439
40
41
41
42
42
42
42
42
43
43
43
43
44
44
44
44
44
45
45
45
45
46
46
46
46
47
47
47
48
48
48
48
48
49
49
50
50
50
50
51
51
52
53
53
53
54
54
54
54
55
56
57
57
57
59
59
60
61
61
61
61
61
63
65
65
67
69
70
75
78
79
82
87
29512
56925
4903
35
35
35
35
36
36
36
36
37
37
37
37
37
37
38
38
38
38
38
38
39
39
39
40
40
40
40
41
41
41
41
41
41
41
42
42
43
43
43
44
44
44
45
45
45
45
45
46
46
46
48
48
48
49
49
49
49
49
50
50
50
50
52
52
52
53
53
54
55
55
55
55
55
55
56
57
57
58
58
58
59
59
60
61
61
62
62
62
63
63
66
66
66
67
68
68
68
72
72
74
75
79
24810
82
85
88
91
95
29827
24880
3
17189
35
36
36
36
36
36
37
37
37
37
37
38
38
38
38
38
38
38
38
38
39
39
39
39
40
40
40
40
40
40
41
41
41
41
41
41
42
42
42
42
42
42
42
43
43
43
44
44
44
44
44
45
45
45
45
45
45
46
46
46
46
46
46
46
47
47
47
47
48
48
48
48
48
48
49
49
49
49
49
49
49
49
50
50
50
50
51
51
52
52
52
52
54
54
55
55
55
59
60
61
63
63
66
66
22183
73667
8423
30234
2
35
36
36
36
36
36
37
37
37
37
37
37
38
38
38
39
39
39
40
40
40
40
40
40
40
41
41
41
42
43
43
43
43
43
43
43
44
44
44
44
44
44
45
45
45
45
45
46
46
46
46
47
47
47
47
48
48
48
48
48
48
49
49
49
50
50
50
51
52
53
53
53
53
53
54
54
54
55
55
55
56
57
57
58
58
58
58
60
60
60
60
61
62
64
64
65
66
70
71
71
72
74
78
2
2
2
2
2
2
2
4
4
5
5
5
5
5
5
5
5
5
5
5
5
5
5
5
5
5
5
5
5
5
5
5
5
5
5
5
5
5
5
5
5
5
5
5
5
5
5
5
5
5
5
5
5
5
5
5
5
5
5
5
5
5
5
5
5
5
5
5
5
5
5
5
5
5
5
5
5
5
5
25700
32
38
19838
5
5
5
5
5
5
5
5
5
5
5
5
5
5
5
5
5
5
5
5
5
5
5
5
6
6
6
6
6
6
6
6
6
6
6
6
6
6
6
6
6
6
6
6
6
6
6
6
6
6
7
7
7
7
7
7
7
7
7
7
7
7
7
7
7
7
7
7
7
7
7
7
7
7
7
7
7
7
7
7
7
7
7
7
7
7
7
7
7
7
7
7
7
7
3
7
7
7
7
7
7
7
7
7
7
7
7
7
7
4
8
8
4
8
8
4
4
8
4
8
4
8
8
8
8
4
4
4
8
8
4
4
4
8
8
4
8
4
74
25816
161889
41029
25967
266
21096
317
334
271
272
276
293
298
298
305
47
315
323
327
327
329
330
334
341
338
345
346
347
352
666
351
415
356
88
356
3
3
420
361
365
367
368
370
370
372
368
374
375
440
382
385
388
391
391
391
392
391
396
399
400
399
400
403
407
410
410
411
413
414
416
479
41732
484
421
421
424
424
425
427
425
1153
749
505
456
42430
459
460
526
463
12742
475
491
561
499
510
516
517
519
523
12142
594
535
602
540
604
542
610
561
563
629
630
577
581
583
583
627
643
653
305
657
662
72
672
683
11306
699
1017
113
712
775
712
115
36
779
755
768
767
772
770
798
862
817
828
837
901
903
856
922
866
870
875
877
881
895
1213
905
906
913
924
927
934
586
944
947
952
12567
1020
964
966
981
632
988
991
991
996
1013
1026
1038
1044
1052
699
1118
703
1063
147
1077
1146
1147
1090
494
1134
1202
1285
1305
1309
1588
1997
27084
1009
42
128
1136
32497
1492
197
1537
1575
1636
1658
1376
390
43629
1791
1812
79
519
1859
98
1898
1273
2270
10211
8
680
34
1690
1383
2053
2169
2195
70585
28024
36
78
1416
5
1901
2605
1578
2647
8591
74
1014
28507
2184
2877
572
573
2280
2560
43
3014
41318
3
4
28905
16130
3264
1
2
2681
59
1817
3473
2512
208
3570
3608
49486
1340
34
46
971
3035
22540
15965
29480
1514
44420
135517
3932
72283
34
3340
54
86
11
2755
29819
16367
2918
2919
4246
4261
119892
331
2466
4457
1126
1435
566
265
2297
4609
2308
6
1354
379
423
423752
4744
4088
463
30562
120478
30589
35933
648
4294
30722
5024
747
30788
5078
27929
30879
5190
4552
4619
995
23452
1118
2782
16339
503
5478
5154
5486
233
1027
238
5522
572
1475
246
247
247
251
253
255
258
259
260
263
268
268
271
272
272
272
274
275
275
277
277
278
279
1931
3581
282
283
288
289
290
291
293
293
294
294
295
298
298
299
299
300
301
303
304
305
305
306
306
307
307
309
312
314
645
315
315
315
316
317
317
319
320
320
321
321
321
321
321
321
322
653
323
323
324
324
324
325
325
327
328
329
331
332
332
332
332
337
337
339
341
342
344
344
347
348
349
349
352
352
353
355
356
356
358
358
358
359
360
363
364
366
370
3671
382
383
386
389
392
394
397
399
56
406
408
1404
2064
414
754
431
431
441
447
468
483
499
121410
518
2171
524
525
5812
536
543
557
232
566
569
575
576
248
52060
596
1259
269
276
606
5230
284
614
289
293
294
631
631
302
634
638
309
311
315
315
647
317
318
318
648
319
322
31651
329
332
666
338
671
342
347
348
121570
680
350
680
681
352
686
358
359
359
360
1272
363
364
365
367
367
697
368
368
370
701
372
702
374
375
31704
705
376
376
377
379
380
711
385
385
715
388
390
722
725
396
402
404
735
736
406
737
409
745
416
747
417
750
420
421
6032
757
764
434
121662
771
441
442
773
444
449
785
459
789
792
466
491
828
831
837
6120
843
531
535
882
554
887
565
567
568
582
266
268
271
272
279
281
288
290
290
623
294
295
628
298
299
299
633
303
304
304
305
636
306
309
640
312
312
313
643
314
315
316
317
319
321
322
322
324
324
6264
658
329
329
332
5612
332
333
664
665
335
666
666
668
338
338
670
340
343
32003
676
676
347
347
348
679
682
32012
684
686
689
690
361
693
364
694
697
29079
370
701
705
376
707
378
379
380
716
717
389
723
394
725
728
728
729
736
407
409
744
418
428
759
761
768
768
768
769
439
772
773
773
777
778
784
787
788
791
463
795
467
798
799
801
802
804
807
812
814
815
487
819
823
823
827
828
54294
508
840
846
846
848
859
863
866
868
872
546
881
572
906
580
582
32242
916
265
18417
597
601
271
603
933
277
278
281
611
286
618
620
293
296
297
299
300
302
303
633
966
307
307
969
310
311
312
319
319
320
322
656
327
327
327
328
330
332
662
662
332
333
4
335
338
339
670
341
342
673
343
344
345
346
347
677
681
352
354
354
355
355
686
357
357
359
361
362
697
700
700
371
374
710
383
723
396
726
726
403
735
736
18
753
429
432
2413
2421
773
777
784
795
796
799
813
99
827
507
509
841
848
864
864
870
548
556
890
238
242
904
250
252
255
261
262
262
268
269
269
270
271
271
272
273
274
936
277
278
279
280
280
283
284
285
285
285
288
289
290
291
292
622
624
294
294
626
298
301
302
303
303
306
641
642
312
313
313
643
313
315
315
323
323
32643
325
325
327
327
327
328
328
659
1322
662
662
333
334
334
335
667
669
1002
343
675
679
352
684
684
688
359
360
693
363
696
697
367
702
705
710
716
718
389
391
2
6664
732
736
741
748
419
749
751
753
754
425
426
757
758
45972
769
772
446
446
449
780
450
781
783
784
786
789
792
793
797
799
800
803
804
809
810
811
812
815
816
819
819
493
825
832
832
6114
834
834
843
847
850
525
528
862
868
875
880
227
2874
902
905
578
913
919
262
263
265
266
266
266
267
598
607
937
277
937
278
279
279
280
281
942
284
286
617
289
289
949
290
290
291
291
291
291
292
292
292
293
293
624
624
294
625
956
2936
297
959
300
300
301
302
303
303
304
304
307
308
308
308
309
309
310
311
311
643
313
315
315
646
316
316
318
318
320
4942
322
982
322
323
323
323
654
325
325
1975
325
326
657
2967
658
659
659
332
333
333
333
333
336
337
668
340
340
45554
345
675
346
346
348
349
682
691
693
695
365
368
1029
702
373
375
706
707
298
378
708
709
381
711
714
714
717
718
720
722
724
724
726
726
728
728
400
33049
732
732
735
736
407
738
740
741
742
743
414
33063
7345
745
746
417
751
753
758
759
762
762
435
765
771
776
779
781
782
785
787
460
797
799
801
804
805
805
806
7407
810
483
3126
817
819
3463
495
827
835
515
526
856
859
862
537
867
542
873
875
876
547
879
879
7483
883
572
249
915
585
256
257
588
919
591
592
595
265
266
267
598
268
273
273
274
277
280
283
283
283
285
286
286
287
289
621
293
3265
299
302
303
633
303
635
306
307
308
309
312
645
645
317
321
321
324
326
326
669
341
677
1021
691
694
696
696
700
702
703
710
711
711
714
716
718
722
726
728
406
745
745
7350
5701
754
5378
4063
763
447
777
778
783
801
804
817
7099
506
509
3486
517
853
527
862
863
565
3545
583
584
588
590
600
604
608
610
614
624
624
637
638
640
646
647
169628
657
666
666
672
683
684
699
30
31
704
706
686
40
42
718
53
723
724
55
724
725
725
726
730
731
732
734
65
735
737
739
739
742
748
748
80
749
750
750
8011
83
755
761
762
768
768
103
773
777
780
780
782
785
788
789
794
795
795
798
798
802
803
804
808
809
810
814
816
822
824
827
830
831
833
835
837
840
8103
7444
848
850
854
862
869
872
877
882
884
905
909
914
915
917
949
955
955
958
964
8228
3938
977
52131
36
38
47
50
59
59
66
68
71
3
3
86
90
98
100
101
102
105
19917
114
119
128
150
185
19345
31316
34278
7684
8679
128
8713
131
133
135
135
138
136
136
140
137
139
139
139
140
140
140
141
141
142
142
142
142
143
146
147
147
147
147
144
145
149
146
146
149
147
147
147
147
148
151
151
148
152
149
153
150
150
153
150
154
152
155
152
155
152
156
156
156
156
153
154
157
157
157
158
155
155
156
156
159
159
159
156
160
160
161
161
161
158
162
162
160
163
160
160
164
164
161
162
162
165
165
162
166
166
167
167
167
169
166
166
169
170
170
170
167
170
170
168
171
171
171
172
170
175
175
173
176
177
178
179
177
180
181
178
183
183
180
187
187
187
189
195
8778
195
200
197
7461
201
201
202
206
204
207
209
8792
210
211
213
214
217
220
218
219
222
227
225
226
226
226
227
227
228
233
230
234
233
233
233
236
233
235
236
237
237
237
237
239
240
240
244
241
241
241
241
243
244
244
245
245
246
247
247
248
248
251
249
249
249
252
250
251
252
253
253
253
254
257
255
256
256
256
257
257
258
260
260
260
261
262
262
265
262
263
263
265
265
266
266
267
267
267
268
268
268
269
269
270
271
271
272
273
273
275
275
277
278
278
278
283
284
284
288
288
292
294
295
296
4590
300
301
306
308
309
310
314
311
318
318
320
332
14
351
8285
438
125
123
129
130
130
128
131
132
133
131
135
135
133
137
137
137
137
138
138
139
136
139
139
139
139
139
139
137
140
140
140
140
141
141
141
141
139
142
142
142
140
143
143
144
144
142
145
142
142
143
146
143
143
143
143
146
147
147
144
144
147
147
148
148
148
148
148
149
149
149
149
149
146
147
150
147
150
148
151
151
151
148
149
152
149
153
150
153
150
153
150
150
150
153
154
154
151
151
154
151
151
154
151
152
152
155
155
152
152
152
155
153
7086
153
156
156
156
153
19626
156
154
157
157
154
157
155
158
155
155
159
159
156
156
156
157
160
160
157
158
161
161
158
161
158
161
159
162
162
159
159
160
163
164
161
164
161
161
161
161
162
162
165
166
163
164
164
167
167
167
165
165
166
166
166
170
167
171
168
169
169
170
170
173
170
173
170
170
174
174
175
172
172
176
177
174
174
178
175
175
176
179
180
180
178
178
178
124704
182
182
182
180
181
186
187
187
188
188
186
188
191
188
192
191
195
192
195
193
198
198
198
198
196
197
198
198
202
203
205
206
206
206
203
207
204
207
207
207
208
206
209
206
208
208
212
212
212
212
212
212
213
213
213
213
210
214
211
214
211
212
215
216
216
214
214
217
217
216
219
216
220
217
220
220
220
221
221
221
221
218
221
221
221
221
221
219
222
219
220
223
223
224
222
222
226
226
226
223
226
226
227
227
227
228
228
225
229
229
226
230
230
230
230
227
230
231
232
232
233
233
230
234
234
235
232
236
236
234
237
234
237
237
234
237
238
238
238
238
238
236
239
239
236
239
240
237
240
240
237
241
241
241
241
239
242
242
243
243
243
242
245
245
245
245
242
246
246
246
243
246
244
247
244
248
245
249
249
246
906
247
248
251
252
252
252
252
249
253
253
253
255
256
256
257
257
258
258
259
256
257
257
260
260
260
261
258
7193
264
266
266
266
267
268
269
269
267
270
267
270
270
271
272
273
273
274
273
5557
274
279
279
283
281
282
282
4249
297
294
297
302
312
317
7252
30
34
36
36
39
40
40
43
2318900
49
8638
59
62
64
5679
66
8336
1740
116
126
128
129
130
130
131
131
131
131
132
132
133
133
133
135
135
135
135
135
136
133
137
137
138
135
139
139
140
140
141
141
138
141
141
141
141
142
143
144
144
145
145
145
145
146
146
146
147
144
147
144
147
147
147
144
148
148
145
145
148
148
148
149
146
150
150
150
150
150
150
150
151
151
151
151
151
151
151
151
151
152
152
152
149
152
152
152
153
153
153
153
153
154
154
154
154
154
154
154
154
155
155
155
155
155
155
156
156
156
156
156
157
157
157
154
157
157
157
157
157
158
158
158
158
159
159
159
159
159
159
159
160
160
160
160
160
160
161
162
162
162
162
162
163
163
163
163
163
165
166
166
167
167
167
167
167
167
168
169
169
169
170
170
171
171
173
174
177
178
179
181
181
183
185
186
187
188
192
192
194
195
193
197
195
198
202
203
204
206
206
207
208
214
214
211
215
212
212
216
216
218
217
221
221
222
220
224
221
221
225
226
226
223
226
227
227
224
228
225
225
229
226
226
229
229
226
226
229
226
226
230
231
228
231
228
231
232
232
233
233
233
230
231
231
234
232
232
235
232
235
233
236
236
234
238
235
238
235
238
239
239
240
237
237
241
241
239
239
240
240
243
244
244
244
244
244
245
242
245
242
243
246
246
247
244
247
248
248
245
246
246
246
249
246
249
250
247
250
250
250
250
247
247
247
250
247
248
248
251
248
248
251
252
252
249
250
254
254
254
254
251
252
252
252
253
256
256
257
254
257
258
255
255
255
258
259
256
260
260
261
261
261
262
259
259
262
262
259
259
262
263
260
264
261
264
265
262
266
266
263
267
267
268
269
266
270
267
270
267
269
272
269
269
274
274
272
272
275
276
276
276
273
277
277
275
275
279
279
280
280
280
281
281
281
282
282
283
284
284
282
287
285
286
2566
294
292
295
295
6904
1649
19
31
42
43
43
44
48
48
49
50
51
53
54
54
56
58
59
62
63
65
65
66
68
70
72
73
73
75
77
78
80
82
83
85
86
87
87
92
98
110
122
123
125
126
127
127
127
128
128
128
129
129
130
131
131
131
132
133
133
133
133
133
134
134
134
134
134
134
135
135
135
135
135
135
136
136
136
136
137
137
137
137
138
138
138
138
138
138
139
139
139
139
140
140
140
140
141
141
141
141
141
141
142
142
142
143
143
144
144
144
144
144
144
145
145
145
145
146
146
146
147
147
147
147
147
147
148
148
148
148
148
149
149
150
150
151
151
151
151
151
151
152
152
153
153
153
153
153
153
154
155
156
156
161
161
161
161
162
167
169
170
172
5462
187
187
189
189
190
194
194
195
199
201
202
203
204
207
208
209
210
210
211
212
215
7476
216
218
219
219
219
220
221
221
7482
222
222
223
223
223
224
224
224
225
225
225
226
227
228
229
230
230
231
231
233
234
234
234
236
236
236
236
237
238
238
239
242
243
244
245
245
245
245
247
247
247
248
249
249
249
250
250
250
250
251
251
252
252
254
254
254
255
256
256
257
257
257
258
258
259
259
259
259
260
260
261
262
263
9833
264
264
265
266
266
266
266
266
268
270
270
271
271
273
273
275
279
279
279
280
281
282
283
284
284
285
286
949
290
291
292
293
294
294
297
306
309
6
13
20
20
23
32
35
36
36
39
40
40
46
47
48
49
51
52
53
54
55
1702
9956
56
60
60
61
61
63
64
65
68
70
71
72
9972
72
73
73
74
76
76
78
2050
81
85
9325
85
90
91
100
101
110
122
137
174
188
10120
78466
1929
1946
35952
2
4
28
30
32
364
40
44
45
46
47
47
47
48
48
48
49
49
50
52
55
56
57
58
59
60
61
62
63
65
65
65
66
67
67
71
80
81
84
86
86
86
92
93
96
96
78639
2087
2092
121
462
135
1793
478
153
488
10402
503
175
2192
2198
2202
8145
2
333
338
11
348
349
6292
28
33
2340
36
38
39
39
42
2348
44
44
47
47
49
49
51
52
54
56
56
62
63
64
64
65
68
71
71
73
75
78
79
81
82
83
110
131
795
9384
474
809
6606
11
9251
30
32
40
40
43
50
52
59
65
70
71
72
72
77
78
79
84
86
90
2734
123
36801
1211
261
10506
6
345
25
30
33
42
43
43
11264
50
52
1374
6986
57
59
59
64
74
75
91
92
92
3060
1421
103
108
70336
10396
186
11420
57299
11442
3195
173202
81051
1
32
33
33
33
34
34
34
34
35
35
36
36
39
40
42
3339
43
45
47
49
50
53
54
57
64
64
64
67
68
68
74
78
82
86
90
117
158
119
121
11622
139
144
145
146
157
166
168
182
9424
11075
187
191
192
199
37473
211
218
219
3518
227
10792
245
247
9492
3575
1936
295
3593
1627
3630
11891
5295
3652
31
31
31
32
32
32
32
32
33
33
33
33
33
33
33
34
34
34
34
34
34
34
34
35
35
35
35
35
35
35
36
36
36
37
37
37
37
37
37
37
37
38
38
3006
39
39
39
39
40
40
40
40
41
41
42
43
43
11923
44
45
45
45
47
47
48
48
50
50
50
52
52
52
53
54
54
55
55
55
55
56
57
57
57
59
60
60
60
64
65
65
66
67
68
71
71
72
73
74
76
80
80
81
82
82
84
85
86
87
87
87
92
92
93
93
93
94
99
109
110
111
113
118
122
124
57876
3756
134
2122
154
159
164
7771
8778
1849
203
208
212
222
242
3877
326
29
29
30
30
30
30
31
31
31
31
31
31
31
31
31
31
31
31
31
31
31
32
32
32
32
32
32
32
32
32
32
32
32
32
32
33
33
33
33
33
33
33
33
33
33
33
33
33
33
33
33
33
33
33
33
33
33
34
34
34
34
34
34
34
34
34
34
34
34
34
34
34
34
34
34
34
34
34
34
35
35
35
35
35
35
35
35
35
35
35
35
35
35
35
35
35
35
35
35
35
35
35
35
36
36
36
36
36
36
36
36
36
36
36
36
36
36
36
36
36
36
37
37
37
37
37
37
37
37
37
37
37
37
37
37
37
37
37
37
38
38
38
38
38
38
39
39
39
39
39
39
39
39
40
40
40
40
40
40
41
41
41
41
41
42
42
42
42
42
42
43
43
43
44
44
44
44
44
44
45
45
45
45
45
46
46
46
47
47
47
47
47
48
48
49
49
49
58461
51
53
53
4011
58
59
59
60
61
62
63
65
65
68
68
74
75
79
81
81
81
85
90
91
96
101
115
117
132
135
12357
170
172
174
181
192
200
1122
557
231
4227
610
665
11
11
11
11
11
12
14
14
14
15
15
15
15
15
15
15
16
16
30
30
30
30
30
30
30
30
30
30
30
30
30
30
30
30
30
30
31
31
31
31
31
31
31
31
31
31
31
31
31
31
31
31
31
31
31
31
32
32
32
32
32
32
32
32
32
32
32
33
33
33
33
33
33
33
33
33
33
33
34
34
34
34
34
34
34
34
35
35
35
35
35
35
35
35
35
35
35
36
367
37
37
38
38
38
38
38
38
368
38
38
38
39
39
39
39
39
39
39
39
39
39
700
40
40
40
40
40
40
40
40
40
40
40
40
40
40
41
41
41
41
41
41
41
41
41
41
41
41
41
42
42
42
42
42
43
43
43
44
44
44
45
45
46
46
48
49
709
50
716
57
60
46
47
48
2061
57
87
90
11978
129
137
140
154
154
822
162
166
826
167
170
832
170
11092
216
210
878
2945
10
18
22
32
38
38
39
42
49
51
51
55
10617
62
62
63
63
65
4
68
69
71
75
77
77
78
83
83
27
98
98
100
101
103
103
111
113
117
125
133
138
147
155
159
12963
167
1491
175
177
180
192
1184
199
200
203
204
208
209
3092
215
223
223
227
232
233
239
250
196
12474
270
277
283
312
3
5
5
5
10237
338
349
9626
71
3369
3464
3384
3384
3386
1497
81697
39117
3424
3425
3427
3442
3445
3453
553
3506
3525
3529
8
7
8
8
7
7
9
9
9
10
11
10
10
14
3564
3568
3612
3633
4
3637
26
28
3658
5727
3671
3675
3106
3678
3698
3700
3701
3704
3820
3734
3757
3758
3759
3766
3774
3782
3790
3795
3800
3802
3818
3823
3826
200
3838
3840
3842
3843
1
2
10
3896
3900
3902
59
3934
12283
3953
3964
3965
57185
3966
3974
3977
3985
4014
4018
4036
4053
10093
4116
4132
4142
4155
4177
4182
4182
6246
4194
4194
4225
4229
4233
4264
4305
6373
1457
13368
4372
4498
10205
6611
4619
6687
4679
73026
4735
2861
4808
14770
4861
6
6
7
7
7
7
7
9
9
4876
27
33
40
40
40
53
6998
3
4733
32
42
5080
11684
14014
5017
165
183
4807
218
4915
7
254
8
8
9
9
9
9
9
9
9
9
9
9
9
9
9
9
9
9
9
9
10
10
10
10
10
10
10
10
10
10
10
10
10
10
10
10
10
10
10
10
10
10
10
10
10
10
10
10
10
10
12
13
13
13
13
13
13
13
17
38
50
51
52
54
15242
63
68
13603
75
79
80
81
82
7339
111
117
128
7423
14431
13774
11809
7553
7
7
12219
11896
22
26
30
31
36
37
38
39
39
41
41
43
47
48
48
49
49
50
53
54
57
59
62
66
69
70
72
74
75
15530
86
86
89
100
5694
6822
15722
5559
15815
10176
6
5875
24
35
40
41
43
12915
46
47
47
48
51
51
52
52
52
53
55
56
56
57
60
3
3
3363
64
65
65
69
71
72
73
77
78
79
81
82
83
83
91
34
37
39
99
100
41
101
105
112
15892
121
15907
144
3514
11776
16012
11790
13776
16034
229
234
8841
7
8884
15773
31
37
38
39
42
42
42
43
43
43
44
44
44
44
44
46
47
48
50
52
55
55
56
57
60
60
61
62
63
3
3
3
65
66
4
66
73
76
76
78
79
80
80
87
87
16201
34
36
98
100
100
40
45
46
109
48
110
111
49
16252
16253
3811
16323
236
3866
16361
3893
3894
57366
232
3928
246
248
3957
3958
3963
3964
7
3967
36
44
46
4008
51
51
53
55
56
58
4019
60
60
63
61776
67
335
73
75
2
3
3
3
2
4036
2
74
79
79
80
80
84
88
89
89
91
29
28
30
14624
105
4067
35
109
37
4070
38
38
42
4075
43
45
44
44
4078
47
178339
6639
4106
16650
4194
13129
4235
4254
223
234
4521
241
4295
9
9
9
9
9
9
9
9
9
9
9
10
10
10
10
10
10
10
10
10
10
10
10
10
10
10
10
10
10
10
10
10
10
10
10
10
10
10
10
10
11
11
11
11
11
11
11
11
11
11
11
11
11
11
11
11
11
11
11
11
14
14
14
14
14
272
15
15
15
15
15
15
23
283
8933
33
4325
36
39
44
45
45
45
47
47
47
4341
51
51
51
4342
52
52
312
55
55
56
56
4348
59
62
62
63
65
66
67
68
71
71
4
73
75
76
78
79
80
82
83
84
4374
89
92
94
96
96
97
99
36
37
13968
16939
112
116
16887
132
4438
4443
190
6480
4550
4558
4569
237
16155
4
7181
4639
40
48
49
51
51
51
51
51
52
53
53
54
55
55
55
55
55
55
56
56
56
56
56
57
57
57
57
58
59
60
60
61
61
42940
62
63
63
63
64
66
66
67
68
69
3
70
70
70
71
71
72
74
75
75
79
84
91
104
42
42
6709
129
137
807
17277
183
189
196
198
199
201
202
536
61256
210
4834
215
4839
241
949
241
14188
3
4979
39
44
45
45
46
46
49
49
49
50
50
51
51
54
60
63
65
67
5022
3
24
26
15963
503
36479
17619
5156
234
7493
569
606713
608
294
629
306
71259
247
5274
334
674
17787
35
38
39
40
40
40
41
42
42
42
42
42
42
42
42
42
43
44
44
45
45
46
46
46
46
46
46
47
48
48
723
2
420
17851
44
50
201
233
77505
8128
631
977
1001
277
25
1019
32
33
33
33
34
34
35
35
35
35
35
36
36
37
37
37
37
38
38
38
39
39
39
39
39
40
40
41
43
45
69
69
70
70
70
71
72
72
73
78
3
3
32
781
786
45
46
47
794
185
192
194
194
196
196
200
200
200
201
209
924
18084
8537
5956
26
26
26
28
28
28
28
28
28
29
30
30
30
31
31
32
32
33
34
34
34
1358
44
44
46
47
48
48
50
53
56
58
69
1070
336
92
92
343
125
126
790
137
139
8631
141
141
151
159
15013
169
171
185
194
196
199
203
212
212
214
221
230
231
232
235
257
258
263
266
269
1272
1628
1966
18738
325
333
2
6
6
6
6
6
6
6
6
7
339
1000
8921
342
345
16
347
18
349
19
20
21
21
21
22
23
24
24
357
27
36
41
46
46
46
49
51
53
55
59
61
63
64
394
400
71
72
74
76
736
409
412
18238
91
1745
100
104
3085
488
490
1817
1817
502
1521
1521
611
1274
633
308
3
4
4
7
17
46881
25
27
27
29
33
35
35
35
36
36
36
36
36
36
37
38
38
38
38
38
41
42
43
43
43
44
45
45
45
46
47
47
49
49
50
52
53
54
55
56
61
62
62
65
65
65
65
70
71
75
80
82
83
92
92
93
95
99
103
104
105
110
136
150
163
164
18650
175
177
178
31889
354
245
1597
281
4
6
667
10
14
14
15
17
19
20
20
22
24
25
25
25
26
26
27
28
28
28
28
30
31
32
32
34
35
36
38
38
40
41
41
42
42
42
44
46
46
46
48
49
50
52
52
52
54
57
68
45257
68
68
2710
76
77
79
79
79
84
95
103
103
108
110
111
111
113
113
113
114
114
116
119
47316
133
134
136
141
146
153
164
172
1506
194
218
879
19631
239
288
2275
323
2633
3
336
337
338
342
349
349
358
362
39
40
55
59
390
66
68
17968
170
510
7426
208
544
554
274
2274
17139
2306
1
3
5
23
3005
407
789
878
3271
3273
978
19
1683
36
44
50
51
56
60
75
3050
742
98
110
2431
80570
151
609580
1497
2280
2
2
15
20
23
23
26
30
30
32
33
41
53
57
1330
74
75
10974
131
11098
620
46832
324
2
14
17
32
33
35
74
75
82
8650
610173
111
139
4105
147
645232
3571
4931
4
22
33
41
41
42
43
45
47
48
52
56
56
64
64
67
69
70
21462
87
94
156
11729
274
19445
2
4
14
18
19
22
23
25
25
27
28
33
34
34
34
40
41
4667
47
49
52
21773
57
62
62
64086
69
71
80
86
21804
91
118
121
4109
21920
203
4508
18142
325
3
3
3
3
4960
12
4636
20
20
23
28
30
31
33
33
34
34
35
36
36
40
45
48
62
66
76
80
108
117
122
189
209
240
264
301
331
3
333
35
37
45
22426
54
58
59
61
112
50319
171
225
6267
2
31
35
39
39
41
41
42
44
57
62
63
66
66
79
80
84
22821
127
5127
22933
23004
23007
2
3
3
3
3
5953
345
19
21
24
27
30
31
34
34
35
39
39
40
40
40
42
43
6648
49
51
52
57
69
86
86
94
100
102
116
127
6124
276
302
7
7
339
24
28
358
29
39
41
41
375
47
48
48
53
55
5997
58
61
67
68
69
71
72
77
79
86
99
134
198
205
13456
23665
4
4
14
676
16
17
36
41
6004
1385
65
74
75
81
90
22551
7410
187
188
219
227
247
248
250
252
253
273
276
279
6226
24001
324
3
51815
16
22
27
51844
365
367
38
375
50
56
57
73
413
422
110
453
24216
51940
460
132
464
139737
472
145
475
483
493
496
168
51991
182
188
201
222
556
559
559
563
571
250
257
589
592
267
52079
271
604
277
92681
612
283
614
291
622
639
642
644
8895
654
325
326
657
659
2
667
9
678
23
683
685
690
31
33
36
38
42
704
46
50
7970
51
51
61
61
62
723
67
69
85
745
750
750
97
105
106
107
107
110
774
123
125
125
786
788
140
804
13343
147
172
507
845
845
194
214
8142
224
891
234
236
904
908
914
266
928
268
44494
941
942
948
949
949
290
964
966
972
320
981
983
2
4
1002
21
22
22
24
1017
28
28
29
1019
32
34
35
36
41
41
43
45
45
46
47
52
53
53
64
64
65
66
71
71
75
1065
79
1070
83
88
7348
89
1087
101
103
107
107
1100
1107
1112
138
141
147
148
1145
163
1156
1160
1162
189
193
196
200
204
215
216
223
1223
1227
247
251
254
256
1251
1277
1277
1285
299
1306
322
3493
3
3
1329
1331
12
343
15
15
19
19
20
24
25
25
26
1346
29
30
31
31
31
34
35
36
37
367
39
41
42
1365
1366
46
47
49
50
54
55
52855
1377
1381
65
72
411
1408
8013
94
104
440
353
1485
500
510
183
1504
204
536
1527
224
560
232
242
5
1564
1568
579
580
585
586
258
267
601
605
617
619
294
632
634
22415
1626
640
7571
12871
663
7
17
19
23
38
1701
3343
1742
92
456
1785
200
1525
205
214
53374
1896
7868
8533
12166
968
3
40
46
55
83
15935
9386
151
9447
544
39
41
54
70
88
276
17
27
26368
29
34
2948
43
43
56
66
68
76
76
89
102
103
3014
3014
128
3061
7442
176
3088
192
209
220
3129
231
9158
26595
3182
3210
327
1
3235
18
20
27
28
3264
40
3275
42
3276
51
49
3288
3288
3303
3305
3331
127
137
147
3382
177
188
3434
207
223
225
3462
262
3547
10553
327
332
3
3
3
54798
23
18
3590
36
36
42
43
52
51
53
52
63
63
74
83
84
90
85
90
106
118
116
121
10688
136
135
535
9778
66548
9872
9876
8
8
10
20
20
21
22
26
26
27
28
28
55139
10259
30
34
34
36
36
41
10932
42
43
45
49
60
61
422
3991
57868
442
3091
3568
10048
7084
493
7122
1095
11188
10201
4
8
10
12
14
15
19
53459
22
23
25
25
25
27
28
29
30
35
37
38
38
41
41
42
47
47
49
53
53
54
59
59
60
60
60
60
61
62
62
63
64
64
65
65
66
68
79
11412
7586
4
11
11
12
12
13
14
18
10911
21
28
29
30
36
36
38
40
42
43
45
46
28060
68112
96500
10412
548
229
48417
242
578
580
580
56026
257
265
595
266
267
268
268
274
274
605
277
28268
611
281
282
613
613
615
616
287
288
7878
619
291
624
295
297
297
298
7889
300
301
302
634
305
635
307
307
637
308
309
640
310
310
311
312
314
314
317
318
649
323
656
659
330
662
1
663
664
4
665
666
7926
337
667
672
672
673
673
673
673
674
675
678
682
685
686
686
688
689
690
690
699
7960
703
40634
707
717
389
393
733
412
743
413
413
414
414
745
746
417
1738
419
424
759
762
432
434
434
435
8026
437
772
773
773
446
784
794
471
471
473
8063
807
481
484
815
157
489
821
491
824
826
827
499
501
831
169
503
836
177
508
509
840
185
188
859
870
873
216
879
553
885
886
8147
887
888
559
229
1223
1224
1225
565
1226
567
1235
1236
577
1238
28566
1240
581
1246
260
1250
1253
1253
1258
268
603
1265
937
1268
940
940
1273
1273
944
1274
945
1277
949
620
952
622
1285
627
627
300
301
962
1293
634
1296
967
967
974
1308
12199
649
320
321
984
987
993
4
5
6
1002
1004
1335
1011
1012
1013
19
1346
1347
1019
8280
1021
27
1026
39
32
33
35
1033
37
1034
1368
1039
43
50
41
47
1374
382
48
1045
49
1050
48
1051
1053
1054
65
61
1389
1059
1061
64
1062
401
74
75
1065
1068
1068
1070
1070
1071
1071
1074
78
89
1079
1081
1412
1083
1085
1085
1088
1088
101
101
1426
1427
1098
1098
1099
1099
1099
1100
1101
1101
1101
1102
1102
1103
1103
1109
1110
1444
1115
1446
1448
1121
1452
1453
463
137
1458
139
1461
1464
1465
1478
1479
1151
1156
1487
1490
1494
1164
1495
1498
1498
1499
1170
1503
512
1507
1507
1512
1521
12415
534
1536
222
553
1221
1552
562
563
570
571
1565
1572
253
1575
1577
586
1581
56693
1585
1590
1596
1596
1269
8532
613
1606
56719
620
293
8549
1641
1321
3
3
8586
3
6
8
21
21
22
38
40
43
45
50
1705
1705
57
61
66
1718
70
72
71
78
1740
87
92
11643
100
1753
114
114
116
1771
1774
1779
1782
134
1785
8720
141
1795
809
1801
1801
8743
165
1815
8747
176
1827
511
184
8766
187
8769
519
8771
1843
198
198
1853
212
215
217
222
26957
228
8809
1883
234
245
246
251
255
8844
598
8851
1781
943
1934
29263
12170
2485
29270
1945
296
1947
967
1959
311
328
3
2
3
15
677
348
353
11904
27
27
30
30
31
362
38
42
40
370
43
8955
8959
64
78
91
755
429
97
1094
9023
29433
804
482
815
819
488
826
168
173
180
514
194
194
525
195
198
859
205
29518
220
881
9135
250
4879
920
2910
934
940
9199
957
959
960
961
973
976
4
4
995
6
3
4
1006
1017
372
40
40
45
1038
46
49
1051
414
1084
1093
1099
1109
9363
1121
1138
1138
1143
191
1182
195
196
198
1189
202
1194
205
208
213
9456
8137
218
221
240
579
256
1255
1289
1315
9571
3
1003
1349
376
45
45
54
9634
402
68
81
1423
98
777
452
136
466
153
9753
554
1599
5
1015
21
22
31
33
10939
711
38
42
733
759
103
763
101
798
473
144
3778
139
1803
151
513
516
847
517
853
528
869
540
543
3845
557
565
576
584
916
919
928
930
946
620
11180
957
1624
639
1962
3943
644
3949
334
2
3
4
3987
19
60774
48
10293
10295
48249
11292
73
92
780
4084
4089
1119
791
4093
1135
814
4117
4124
832
4145
515
4159
865
1197
4183
886
233
4205
908
4216
10487
1257
14465
938
11179
954
955
30935
4285
4291
2
4294
10568
4303
4305
2
4312
1015
4316
365
4342
47
62
51
55
56
4378
4385
4387
4388
4388
11321
4393
4400
4401
465
4429
4437
808
1144
1147
11379
509
187
11436
10778
569
963
50468
976
982
11
11
12
675
679
21
686
1348
20
21
1398
109
1111
783
1775
797
11031
11038
820
171
1492
173
832
11065
178
180
188
1664
853
202
539
1545
225
893
235
235
568
248
568
255
935
281
948
427550
1289
303
306
969
314
981
326
329
332
3
3
5
336
6
7
7
7
7
7
12
12
343
13
13
14
14
14
15
15
16
16
16
17
18
48858
18
18
18
18
19
19
20
21
21
21
21
21
22
22
22
22
22
22
23
23
24
24
25
355
25
25
26
26
27
27
28
28
28
31
31
32
32
32
32
33
33
33
34
35
36
36
36
37
37
37
38
39
42
42
43
44
44
45
45
46
46
47
47
378
48
49
50
52
383
1046
11279
391
1056
71
408
424
428
1423
11342
791
466
469
139
470
1135
476
478
194
530
202
207
216
1211
227
227
229
1219
914
914
590
624
972
658
2
997
696
45
714
725
68
70
77
79
1069
1076
93
1412
774
470
1470
822
495
833
834
199
1196
206
214
216
221
1214
15749
902
601
50112
15811
641
324
12534
12534
333
32282
16
42
43
47
1370
52
55
65
66
72
1064
78
80
410
12321
1109
15960
12664
15969
465
32415
1494
184
11091
11091
11091
11091
11091
11091
11091
11091
11091
11091
11091
11091
11091
11091
11091
11091
11091
11091
11091
11091
11091
11091
11091
11091
11091
11091
11091
11091
11091
11091
11091
11091
11091
11091
11091
11091
11091
11091
11091
11091
11091
11091
11091
11091
11091
11091
11091
11091
11091
11091
11091
11091
11091
11091
11091
11091
11091
11091
11091
11091
11091
11091
11091
11091
11091
11091
11091
11421
11091
11091
11091
11091
11091
11091
11091
11091
11091
11091
11091
11091
11091
11091
11091
11091
11091
11091
11091
11091
11091
11091
11091
11091
11091
11091
11091
11091
11091
11091
11091
11091
11091
12417
871
12422
872
215
1222
1237
12130
1571
933
12815
935
944
88402
978
12862
992
3
4
15
23
1027
30728
32
1031
43
40
47
41
58
58
59
54
54
1053
57
62
74
76
99
100
150
1157
1158
1489
188
1180
1183
208
208
210
210
212
223
79423
224
226
229
232
13114
3897
2247
16443
940
1294
12851
1311
1642
12876
13208
63373
1664
12887
21
26
30
31
36
12909
39
39
42
43
46
48
48
49
55
61
8643
61
61
12935
66
68
70
70
12944
1065
1079
99
106
110
1463
476
482
836
847
198
13071
13738
13082
1207
218
1229
13117
251
1253
1626
1316
1319
12881
11
19
19
22
23
13883
24
24
1014
27
28
29
34
13897
38
38
39
42
50
54
57
58
13921
64
1055
70
71
87
1078
752
12308
105
52923
136
137
16972
807
158
1149
59208
13693
182
186
518
518
194
195
527
199
532
202
534
536
536
207
872
1202
543
51033
217
59269
221
553
231
564
571
906
4537
578
605
1267
615
954
205147
1290
639
4607
8
9
9
9
9
9
9
10
10
10
10
10
11
11
11
20
1016
26
34
44
45
1371
54
56
58
60
62
65
66
67
1389
74
736
78
1070
83
86
91
92
96
100
105
112
112
115
1110
126
127
1139
1153
172
1497
1174
201
861
203
217
231
1223
257
927
3239
944
286
302
975
4
4
4
8
676
1337
22
23
14218
37
40
41
12582
42
43
14234
45
47
48
1370
53
53
56
61
61
66
12610
1721
1062
73
1066
87
1096
12668
3431
12695
164
165
830
1167
180
198
199
200
201
1196
211
212
12762
568
571
1244
14445
61967
587
14463
945
630
987
3
3
3
4
4
8
9
340
15
1339
24
13885
26
29
30
31
37
37
38
41
42
51
1377
58
1056
73
78
90
124
11345
12669
1455
799
1149
191
196
198
199
203
1529
212
225
892
235
241
906
248
80781
267
12539
1660
21
21
22
23
24
26
28
35
45
48
12594
58
60
68
89
1425
1778
136
154
1163
179
193
199
200
201
211
233
244
248
258
2572
266
267
268
273
274
275
287
307
1981
10
18
18
1676
32
34
47
48
53
54
63
65
398
68
69
399
74
4371
82
414
416
1749
101
102
35031
448
454
1444
476
479
151
1814
512
190
521
198
201
206
208
209
540
221
35138
553
232
237
2225
589
605
607
609
610
618
620
623
624
633
1956
637
637
640
319
653
656
2
4
4
665
665
5
22
23
685
28
29
29
32
32
364
35
45
46
47
48
49
49
713
53
55
56
65
66
69
69
72
51887
85
103
108
114
451
784
789
2441
792
792
798
142
144
809
160
493
197
205
206
912
918
921
932
10182
628
2
2
6
10
16
18
19
1012
23
23
25
28
35
37
1029
39
1032
45
47
1038
1039
53
56
57
64
1054
66
69
72
1063
1064
78
1069
1077
1078
89
90
1082
10331
1106
1117
457
55938
500
1182
198
199
1190
212
1209
553
1216
1222
1225
1241
268
1258
644
1320
1322
1326
6
6
1329
18
20
1341
22
29
33
34
1362
46
47
51
53
419
1420
104
1495
189
11079
201
1522
228
1557
1571
1609
1631
11212
2
5
7
7
12
16
19
23
37
10271
48
58
5679
88
11003
11347
1790
1794
1804
159
1835
5805
196
198
199
1854
211
214
10530
2
3
7
9
9
36578
20
25
26
33
37
44
53
54
61
114
116
119
119
119
124
126
129
129
133
133
134
140
141
142
144
147
150
151
151
816
162
169
840
196
215
219
1422
225
228
2
3
4
8
9
9
2983
22
25
29
40
44
53
56
57
65
68
73
78
78
78
80
82
84
86
101
101
113
123
128
128
129
130
131
132
137
139
140
141
146
37044
151
151
159
184
189
201
201
204
209
55651
1215
1221
236
12124
1247
1250
265
272
1271
302
3
4
33670
25
25
32
33
35
157016
38
40
41
44
46
46
48
53
61
65
66
20871
85
92
152
193
525
195
198
200
206
215
226
227
230
65240
1554
257
6597
665
5
7
10
10
12
16
16
18
23
55486
54
2958
88
37071
122
3024
133
139
176
506
176
193
199
207
210
214
215
217
3111
231
234
37815
262
281
288
321
331
2
4
199690
356
36
366
44
44
47
48
381
51
382
56
62
68
69
76
411
426
99
110
114
120
3364
482
488
8079
491
501
2151
178
1195
207
208
219
573
244
578
259
264
3493
3493
286
25374
316
325
332
335
338
353
354
24
3576
30
32
34
364
37
44
48
52
55
56
57
61
65
73
77
3631
80
417
1412
424
439
114
118
6391
458
3684
467
153
486
3718
496
503
25584
513
520
199
544
544
548
3786
566
2568
591
602
3191
635
3889
680
683
3256
697
737
3322
788
790
4024
14995
15733
15074
935
3529
3534
2867
4
7011
3708
649
52282
22375
13509
13533
5626
34353
4924
3969
1783
15644
4118
231
4324
35045
4368
36074
40381
4515
255
4682
13666
40681
40705
9159
10169
10404
2492
36950
1133
12824
5615
41728
11154
19753
29323
2691
24955
42080
3537
3623
60388
29370
11845
2
13576
29813
42685
30021
30094
37691
7020
4398
4406
37797
12411
3838
4530
4565
37917
37956
4728
38078
3776
43366
38169
22724
13932
30789
5082
5090
5093
3781
43761
5217
30973
38568
38635
5446
5455
38786
5472
38830
3609
5644
39013
3395
5734
44282
5822
31639
112866
3979
31715
10616
10651
6042
10714
3483
5133
3614
6280
10981
5376
5061
89895
6452
6639
6375
5733
5141
11462
5556
14552
6320
6689
3738
15625
45758
11564
7312
12046
4459
13429
12151
12178
2
10594
98725
5696
7681
12322
11752
11139
11806
7856
6571
11886
11913
33734
11962
11317
11371
10054
8099
12403
7787
7807
8164
11868
3627
11908
12050
5142
1550
12144
12146
8526
8259
47147
8619
47175
8637
13322
61516
5117
13074
8456
8499
11801
29625
5208
5596
13531
8260
64727
8965
34721
13280
2798
47628
43409
4152
13445
13790
5560
7213
13818
12510
13857
8611
7630
10378
4455
17368
1864
14075
14103
10510
6882
14478
14212
7288
17528
3669
13906
14239
14265
61163
5435
7088
14394
3520
14436
3331
5319
13301
14295
3777
6134
10114
10145
10194
6596
5314
57
3718
6034
3754
3463
10491
32354
94782
5696
49935
4127
220928
3584
9578
49573
36707
2744
7428
118009
6519
1
9594
6655
4407
5218
80130
3603
6259
5290
7973
19299
4783
9121
1871
3523
556
5518
7277
5306
6710
37794
5786
6800
3858
3531
3571
4266
166222
5919
7637
4360
4034
5700
8707
9041
3764
41064
166396
3818
5144
4904
9248
166575
6314
6028
3076
5217
167011
7605
167048
5071
7074
4184
5512
167181
14152
7560
14183
167262
3961
3345
51837
51911
51922
6476
4528
4531
5530
167595
3907
3598
14497
8891
3946
5643
3682
3725
24204
22261
167770
167756
8115
5483
5172
5514
8493
167826
5547
5887
9197
23735
13835
4600
8597
27766
52462
5998
5023
5700
8048
6086
4445
7747
4160
4178
168194
5880
5627
6399
4752
8721
8402
5454
5478
6481
7478
3547
4547
6858
6545
8196
121390
168604
5584
8986
2723
8730
168805
4781
6782
5473
6167
6512
5548
5566
4911
168885
1
2
5947
2
2
2
2
168944
6641
44
75
5458
44998
23044
272
5604
4974
4346
7336
53813
6059
6401
25546
6079
11381
7132
6159
5861
4547
5897
169609
7568
6292
7334
25497
54160
3108
8068
6124
3816
5198
911
3565
5333
2379
1088
4072
3431
8396
6758
9736
1159
5494
5165
3852
23987
1217
3879
6852
5870
1253
3925
6897
3613
6263
9245
5616
7287
8285
7650
2
2
2
3
3
14
21
22
25
32
34
39
44
45
40
50
53
61
8059
59
58
67
67
72
71
72
83
87
88
90
101
119
170418
130
142
7487
148
3212
3888
178
7543
28340
8226
5596
1
2
2
12
12
13
16
19
31
31
26
26
27
8351
31
32
33
37
38
38
6713
44
44
1763
56
57
57
7397
63
74
79
91
96
4164
8136
38194
8501
28642
264
2912
6223
9206
6896
13504
2
3
4
4967
4315
7287
2
2
3
4
4
3363
9
13
22
36
94
42
44
64
8711
6402
3121
96
123
137
3823
777
7790
1202
11769
3204
3900
6875
8231
9556
5270
7582
9
9250
11
51514
7300
6316
383
4344
66
66
66
66
66
66
66
66
66
66
66
66
66
66
66
66
66
66
66
66
62
66
62
66
66
66
66
66
66
66
66
66
66
67
67
67
67
67
67
67
67
67
67
67
67
67
67
67
67
67
67
63
67
63
67
63
68
68
3392
9995
6365
8042
10022
8378
27855
4427
3461
5443
7163
