7577
9055
9553
7349
10289
9317
9319
10793
10060
9091
10809
10596
7664
7444
6467
8671
1586
9666
9668
9426
8942
7972
8713
11905
7746
7272
6784
10955
9733
10472
9246
9495
9016
8040
9515
9271
9277
7318
10013
9055
8079
8327
8573
7594
9554
12012
9081
8837
11288
11049
7374
10314
8600
9335
9336
9098
8617
9110
10835
10597
9622
7662
8156
10607
8156
7672
7921
8413
7679
7925
7927
8662
7445
8182
8673
9410
9412
9168
7944
8192
9425
10162
8451
9203
9448
7735
8473
7502
9461
9216
8251
10215
7769
8271
7549
9266
7801
9028
8540
9038
7818
9048
9296
7584
8817
9309
9067
6622
8096
8603
9589
8130
7888
10833
8886
10111
9626
7179
9875
10369
9146
9162
7698
8433
5748
8686
10160
9188
7477
8701
10172
9193
7729
8222
8714
6757
9452
8475
9212
8254
8255
10215
8015
9486
8999
11458
685
9511
8537
9279
10019
7334
9295
3
12022
7865
9583
196090
10096
7676
8675
7941
8204
9680
11887
1118
7489
8224
8228
9950
8005
8754
9000
9
1664
8033
9751
10733
8288
9513
9269
10742
9027
8802
7829
9788
8566
7103
9323
11288
9097
10827
8379
10094
7662
10114
7914
7670
9143
7432
8919
11866
82813
9917
9196
10179
8725
7993
9462
9463
8249
9725
8031
10969
8045
8057
8064
7097
10285
9307
2
9797
8823
8825
10055
9077
7856
8103
5903
9330
10071
9840
112026
10334
7890
6429
7427
9140
11602
8174
9153
12360
7950
9673
7724
7970
8217
9441
8707
10179
10918
10930
8238
7748
8242
9467
1149
8739
9232
8998
7778
8757
10233
9040
8797
1700
8321
8322
9550
10293
9566
8097
7860
7617
7625
9590
7389
7883
10090
9846
9129
9625
10115
7431
9641
12095
7939
8184
8430
8676
7454
10155
7466
10409
9186
10169
7732
8245
8738
10697
7529
11462
8281
9020
11963
6825
9276
8789
8790
7570
8550
8800
7582
8323
12000
6612
9794
9307
8084
8831
8349
9344
8123
9350
7894
8399
10855
9393
8904
8186
8679
9903
9663
9676
7722
8220
6026
11415
7999
8019
7536
9254
10969
12685
8034
8055
8061
11001
9298
8829
9811
9814
7376
8114
9831
12050
7157
10098
10588
7899
8398
8402
5953
9634
7437
6951
10381
10142
7939
9900
7945
7712
45329
8940
8945
9195
7240
12140
8486
9710
11426
7269
9475
1169
9746
7553
94446
9518
10007
10011
7564
9523
9035
45125
9090
9334
8112
9594
8136
9118
8384
7660
7905
9129
10609
9386
8170
9642
7195
10137
7938
8685
10152
8455
9440
7977
7540
8766
7298
11951
7795
7799
10504
82819
45016
10032
7831
10037
10049
8092
8346
1491
8849
9095
10080
8135
12056
8633
7929
9896
8186
9169
8435
9662
7222
9431
9186
6992
9931
1120
7253
8237
8001
8983
7027
8009
9236
7278
9485
8267
8270
8030
9508
7319
1211
7575
8077
11016
7349
8346
10063
6637
6640
8864
8868
9851
9860
7419
8401
9629
7684
7686
8670
7460
9185
8697
8698
7723
10906
8705
6257
8951
7492
7985
7500
8242
9468
10203
10693
8498
8008
7534
8031
11478
8547
9299
8572
7350
9071
8351
10070
8116
9099
6898
8862
8863
7644
7646
8138
777989
7906
8400
8163
7186
8663
11115
11364
7943
7708
9912
10916
8239
7750
9713
8981
9473
7759
9474
10211
10213
7533
10226
11219
9512
7821
8802
8315
10522
7588
7588
7841
8342
6890
8851
6897
7146
7639
7887
10590
10111
9877
7681
9162
8196
9911
10402
7712
9672
7714
9923
8213
7748
46257
10463
8259
7528
5818
7780
8027
8275
10970
7547
9508
10731
10988
11001
7826
7337
9311
10782
10537
8091
7356
8342
10547
8099
8347
7859
7859
7615
7618
8357
7623
10579
10099
9612
8641
9641
11111
8665
7225
10165
9190
8458
7478
8469
8224
9698
7989
8502
7774
8270
7295
9010
9031
8791
10028
8071
9540
8077
9801
8092
7366
8107
7381
11542
8610
7632
7146
9846
10099
8875
7905
6681
10600
7423
7423
8403
9630
7441
8181
9902
7702
9424
7969
8711
7487
1626
10193
7746
8492
7274
7036
5569
8034
7793
7811
7575
7823
8820
11029
8584
7369
8600
8612
8135
10103
7415
9136
10119
9391
9156
7197
8912
8178
10877
8920
9175
6238
7712
7722
9682
7731
7743
8237
1643
8011
8258
7529
8516
8034
12198
7058
9266
9771
9040
9044
8317
8317
9304
9309
7841
7843
7120
8863
10342
7912
1797
6208
7679
8906
10130
10874
7944
7961
9198
10667
9704
8970
10195
8238
9965
7518
7523
8014
9484
9246
114458
8038
8050
9539
7832
2
8817
7352
8334
8339
8096
7615
9333
8848
7385
7640
7401
7894
7656
7901
9379
8658
6459
7936
7936
8185
8678
7706
7471
8697
7474
7966
9194
8707
10676
9460
10198
8728
9467
9228
8988
7765
7776
9984
7296
9511
10739
7310
7558
8540
9525
8056
8799
8068
8074
7832
7345
2
8817
7597
10291
8334
9070
7120
7613
10552
7373
7375
7868
8604
9097
8119
8367
7881
8132
8398
8889
9627
7427
11100
9390
7920
8171
7689
7204
8183
8431
8920
11624
8687
7708
7464
8455
9437
9201
12140
9694
8224
8963
8475
7748
8239
7751
8244
7512
8005
7761
8014
7773
9280
11974
8057
7329
7331
8312
7831
7831
8079
9320
7852
8097
7614
8108
9088
7375
10073
8359
7135
8606
9342
9098
7634
7881
9846
7153
9360
8139
9614
11327
8148
7412
7907
8894
7425
8163
7921
8906
11847
8421
8181
9161
8186
8677
9418
8196
7952
7955
8936
9192
10418
7725
7971
7239
8723
9214
7997
7764
1654
8023
7293
8038
7555
7803
7805
7819
38132
8803
7581
6114
8324
9059
8325
7838
7595
8575
9556
8576
8090
9324
1249
9081
9084
8105
9344
7886
8376
7157
8140
9124
8390
7901
8153
7915
10857
7429
7926
7440
8910
9163
8673
47848
8202
9193
8216
7728
8708
8220
8963
7993
7748
7993
7260
7506
8001
8735
8250
9242
9260
7301
9751
8780
9273
1203
7811
8796
7822
7828
6113
10279
9546
9550
7840
9084
8356
9581
7628
7880
7883
7911
7424
9877
7917
7672
9143
7444
8431
7950
7705
9188
8210
12385
8474
7762
9976
8021
7304
7797
7555
7558
9035
9285
7821
8311
9046
9785
8319
1230
9306
7836
7838
8087
8333
7110
8340
7362
6873
9080
7615
7869
8611
8126
7411
9128
7431
82818
82818
9411
8921
7706
9670
7966
7480
7725
9689
7739
7494
7249
8234
7746
8235
7751
7261
8243
9470
7754
9966
9234
10707
7528
9492
8269
10719
9747
9022
9266
7801
7807
9524
9770
7333
8074
7831
8322
9060
8329
7349
9314
8580
9820
7372
7864
8110
7621
7622
9094
8605
5913
9100
9837
35483
7886
8621
11316
9359
7155
8632
7654
7901
8399
7423
7183
9153
9404
7693
8674
8432
10638
9664
8201
7711
10163
11144
7964
7720
7475
7967
8227
7985
8235
7990
7991
7992
10207
7762
9234
82816
82822
9241
10715
7539
8284
7804
9521
8790
7812
8060
7817
10276
8808
9546
8327
7350
9067
7846
7357
9079
9814
11534
7135
7871
8363
9836
10083
7632
7879
8863
8380
8872
7655
8640
8890
10116
11098
9877
7675
7927
7928
8909
7694
8433
7453
7700
9907
8685
8930
7460
9423
7463
8210
7475
9693
7490
8476
7996
8491
8492
7768
7526
8018
8509
8266
9248
8765
7545
9020
8044
9025
7556
7311
10008
9764
7567
7820
1217
7334
8071
8074
9066
8820
7596
8096
9567
8101
9327
8598
7377
9831
9343
9837
10084
8618
9361
7401
7894
8881
13289
9873
9389
10127
7677
7922
7189
9394
7441
9899
7940
9170
8194
7956
9919
9434
10173
9689
8465
7729
7730
9454
7745
7753
7264
8246
7760
98819
10217
10222
7773
9735
9247
7778
10723
7788
7790
8038
9264
8290
8789
7080
10267
7339
8811
9077
9098
7874
9835
8370
7638
7884
8866
8134
7404
7653
7653
7900
9378
9380
9141
7428
8900
7188
7435
7680
9649
8427
9661
10150
9171
8684
8447
7712
11147
9677
8945
6989
9931
7481
9197
7486
8467
8712
8223
9208
10189
8233
9705
11177
7755
7756
8494
7516
8260
8507
12670
9732
8264
9002
7535
8270
10234
9508
8780
7558
8542
9280
7574
9289
8073
10278
8075
7835
7836
5
6
6
6
6
6
6
6
6
6
6
6
9310
6
6
9555
6
6
9557
8086
7597
8334
9316
7357
7603
10061
9334
9090
7377
10318
9095
9099
6897
7877
7884
7888
7890
7900
8150
10356
9869
7664
11339
9387
8164
7927
8175
9158
7694
7697
8929
12362
9183
7958
8459
7483
7737
9208
8728
9220
7753
7266
10450
8491
8003
9230
8251
10457
7766
8260
9246
9003
7780
9508
9998
8040
1682
9513
8788
7815
8553
9292
9047
8802
8080
9066
5
5
5
5
5
5
5
5
5
5
5
5
5
5
5
6
7843
8341
7854
10060
8345
8355
9581
10814
8118
7876
7635
9108
8866
7646
9369
8881
9127
9865
9133
7418
8399
9870
8645
10366
9146
8413
8169
9395
8426
7694
8677
8188
1833
10645
9423
9424
9430
8452
7474
8947
8946
8955
6999
8223
8225
7985
8720
8979
10209
8251
8010
10222
8017
9987
11947
9255
8030
12196
6809
120705
7795
7809
9526
7567
10510
10020
9776
9289
10762
9783
9789
10037
9065
8335
9806
8833
9325
8344
8349
9821
7131
10317
8114
10087
8129
9125
64
64
65
65
69
70
70
70
70
70
70
70
70
9135
75
75
75
75
8657
8172
9648
7936
8671
10392
9414
7455
8194
9674
7960
8207
9927
9194
11162
7979
7493
7984
9217
8237
7755
9716
8492
9227
8251
8015
9980
8022
7778
8031
8280
8281
8280
8285
7802
10991
10506
8791
8311
11007
9544
10292
8583
8348
7862
9823
7378
8360
8117
9344
7882
10086
7154
8873
8141
9367
9612
10102
9126
9865
8151
8885
10356
64
64
64
64
64
8644
69
69
9382
69
69
69
70
70
70
8159
74
74
75
75
7930
7444
6711
8181
8916
8434
7944
11131
8197
7711
8694
9922
7475
6987
8215
10181
8482
9466
8245
9236
9979
7777
9001
9247
8024
9504
10730
9015
7303
7305
9755
7802
9528
8801
7093
8563
7830
9302
8079
8818
11270
7845
8093
10056
8344
8354
7375
8602
9583
9832
11550
8858
8613
8124
9597
8867
9367
8635
9124
7904
65
70
70
71
76
76
8167
8413
9883
7925
9152
8667
9159
7938
7456
7704
8200
8691
9427
9430
9680
9926
8702
8703
8952
8219
9691
8959
9942
8477
9211
7992
9464
9227
8251
8987
8499
9478
8989
8508
7535
8269
9990
7541
8282
10978
8042
9269
8290
10254
10501
7326
10271
9541
7342
9796
3
9316
9567
8346
7618
7619
9335
9828
7869
7627
7626
9833
8127
9107
10087
10090
8133
7647
7649
9365
8387
9124
7901
7414
10110
9374
7661
9133
8890
7422
8655
7677
7927
9396
8664
8671
7692
9411
9919
7226
10166
7965
8221
1128
8229
8483
8239
9467
9959
8982
8248
8738
8505
8016
7780
7781
9498
7542
8279
9267
9759
7557
9761
9766
7826
9057
8571
7838
8580
1
7854
10060
9816
9818
6638
10805
9826
7872
8854
9344
8370
7883
10339
7647
7405
7898
8156
8404
9631
8416
9399
7687
8666
8424
7202
7939
10157
7954
9423
9669
9180
9917
8941
8697
8454
9933
7733
9938
9208
9455
9456
8967
8235
7996
9716
8493
8250
8012
9725
8013
8992
8019
8755
10227
7778
7778
10242
8784
11238
10014
9283
8063
9287
7577
8088
10293
10051
8587
7854
8842
10314
8356
6898
8615
10331
8130
10092
7891
7649
12795
7902
8636
7414
8890
8401
9876
8415
10874
9407
8931
8717
11418
8254
7773
9492
8761
9745
8037
9261
8299
11242
8559
9785
9299
9057
9303
9067
9321
9569
7617
7622
7622
10070
7379
1997
9346
9107
9611
7409
8144
9124
8396
8399
8156
8403
6203
9385
7188
7462
9909
8442
7709
8691
6738
9188
8954
8220
7490
9449
9208
10433
10204
10206
8737
8007
7526
7041
9490
8512
8514
9248
9742
8764
8276
10485
7550
8045
9032
461
8311
8072
11016
8080
7857
7623
8364
7631
7880
524
7882
8129
10824
9600
9855
9122
7661
7420
8411
10870
8673
8917
9897
10143
9900
7945
8437
9668
7957
9185
9435
7740
11424
6040
7758
7523
7772
9490
7533
8770
10485
9266
10002
10002
9035
11975
12479
8074
9791
10776
8573
9314
8580
8830
8344
10553
7861
8117
9837
9596
7891
7410
10595
9373
7905
10843
7911
9141
10128
9642
6719
8677
7234
9683
9933
9690
8474
7745
9213
7506
11180
7510
8736
8741
8742
10456
10223
9270
10008
4139
9520
4151
10769
10037
11262
7837
204221
10794
7614
7861
8842
7399
8873
8146
7423
10118
8657
7437
7682
7932
8181
8182
7702
9423
9424
9918
10407
8211
10176
7484
9197
10180
7002
7493
10187
8963
8480
9708
11178
6537
8985
8252
8256
8011
9485
7535
8760
8516
8273
8517
10480
10484
9996
7795
8051
7811
8545
8553
12007
7615
11042
7128
8843
10069
10077
8374
8375
9110
8132
8135
8381
7649
7895
10588
6924
8150
7172
8407
7921
9880
40921
9644
10134
11121
8919
7697
9178
7957
12129
8701
7726
10666
8219
8466
9202
7739
9719
10702
7530
9738
8028
11212
11230
7072
7806
8058
9046
9047
7337
9051
7837
9563
7850
10792
9576
7142
7391
10087
11068
10828
9360
9639
11358
9646
8189
9169
9914
8211
7966
9689
7981
7493
9947
8235
11910
8009
10719
7549
10731
12218
10503
9537
9056
8570
7594
3436
7359
7366
5411
6883
4939
7630
8855
8125
8135
9853
11324
11080
7167
11083
9387
9391
8903
8658
7930
9159
9176
10646
9689
8712
8240
8249
9969
8017
9976
8023
7786
7787
8766
9759
7332
10274
8810
8085
12000
9798
8088
9556
6133
7361
9080
9332
8847
11050
10561
11061
8621
10109
9622
8156
10114
7912
7182
7674
8171
8908
10135
7696
8437
8195
7709
8458
7731
7488
9936
8236
8483
8978
5554
9964
9241
7780
9002
9005
5837
8290
8544
11973
8303
8068
7336
7826
11257
9309
9067
7847
7860
7861
7372
11056
7390
9353
8378
9115
9862
9388
8921
7718
9432
8704
7975
8726
8238
8983
8256
9970
8261
9730
10467
7541
8770
8282
7060
8537
9516
9526
11240
8063
8070
8560
9297
8077
203361
9061
7353
8088
9324
7615
8840
7618
7623
7641
9362
7415
7183
7435
9891
8188
7700
6977
9187
8216
8956
6756
9235
9236
10949
9974
9486
11446
7052
8034
7547
8287
8048
8297
9528
4412
9798
8087
8824
8092
203631
9576
7383
11062
6904
8867
8623
10828
9135
485519
11832
203686
9155
11621
7473
7980
8733
7266
7268
10448
9475
8256
9731
7799
8538
7559
7321
7322
10016
8069
8316
2
8832
11546
8124
8374
11071
9116
7897
8154
7666
7670
7427
9630
9888
7688
8180
9404
38965
7695
7699
8195
7724
8220
10913
9692
9692
9457
5300
8483
7509
8978
9961
9238
7532
8039
7550
8535
7313
9272
9274
8054
8056
7326
9285
7086
8068
9543
8322
11023
9070
9570
7633
12038
8622
8137
10832
7661
9864
7183
7429
10128
7689
7695
7948
7457
8688
7713
11384
7964
8210
7974
9199
9199
11402
9200
5533
9453
6760
7743
9946
8726
8243
10210
8264
7289
10231
10493
6584
10023
11493
8805
7581
9064
10290
1
9570
8362
8653
10130
7939
8920
7701
7460
7952
8205
7976
7743
8233
7996
8254
8254
10946
10948
10474
9505
10501
8545
7566
7814
9530
7087
7338
10528
9071
7358
7360
9321
9815
5913
8376
9359
9606
10834
7654
8398
9136
7912
7423
8433
9168
9180
8698
8217
7488
10670
9450
8966
9458
9950
7995
8492
7522
10217
8266
7776
8283
19057
7810
7566
8306
7818
8798
11990
8573
7599
7850
9082
11773
7371
9820
12757
8845
9099
9108
10095
9617
8884
9137
8654
9399
7700
11133
9673
7470
6007
8227
7247
9220
8486
8003
7758
11429
8007
9729
8995
7775
7775
9500
8030
7546
8283
7549
8534
9516
7824
8559
8072
10768
8083
11023
8831
8340
9077
9568
8104
9819
9085
9337
6643
7870
8853
8629
7651
7903
7415
8155
10366
10122
10858
7924
8172
8182
8432
7702
8199
7709
7954
8199
9916
9181
8206
9675
7964
10420
8708
8714
9951
8486
7509
8983
7757
9967
8999
9001
9739
9262
8039
7556
9031
6828
7814
8310
10268
7583
9552
7839
8335
10051
10303
8099
7609
8102
9576
5649
7619
10805
9337
7633
11553
7396
7403
7651
9863
8651
7430
11837
10132
7929
8422
7935
8181
7941
8189
8437
6968
9669
9423
7718
8210
9693
7980
8229
7986
9705
7746
8978
9480
7535
8029
10496
8048
6084
9034
7813
7818
8558
8318
7341
10040
8331
10787
8098
8353
8108
9336
7385
8126
8127
8127
9854
9867
8155
9876
10366
7671
10122
8165
8417
7687
8913
8431
7459
8444
8446
7470
7718
8460
8955
11900
7994
8730
9474
8251
10216
7775
10265
9775
6093
9535
7583
10284
9796
7595
7105
10292
7851
7610
8344
7365
9327
9086
7862
9823
7877
7878
9851
6914
10109
9863
7664
11343
8653
8168
8414
7687
8916
10398
9420
7953
7464
7955
10166
7472
8453
9933
10429
7741
7985
7995
8245
8253
8254
8010
7288
9741
7789
8039
9271
7079
8307
7577
8557
7334
7581
9306
8085
7596
7352
7601
7850
7854
68057
8592
8362
8867
7644
9116
8879
6669
9128
8396
8888
9377
7419
9875
9875
8405
9638
8168
7682
6958
8934
9179
7468
9679
9194
7482
9200
7491
10187
9212
7770
5808
8025
9499
6554
7549
10000
10252
8048
8786
8053
7810
7821
7085
8806
8812
6847
9795
8574
9319
8833
7614
7118
7371
10310
7865
8354
9091
7378
9338
10809
8118
7873
7641
7149
9120
11325
7662
7170
7914
6931
7178
7435
7435
12090
8920
9168
9671
8937
7960
8696
7961
7472
8697
9190
7227
9204
7736
9452
9209
9212
8232
7995
10701
8252
7528
8998
9733
9016
8282
6803
8531
8058
8061
9290
10273
9541
8806
8318
9544
7830
7588
10061
9092
7625
7626
10565
8126
8129
10833
8386
8875
9122
7908
7415
7416
6922
7173
8162
10125
8170
9642
8177
7688
8428
8920
9176
7951
7956
7958
7715
8450
7969
6003
9201
7734
9207
9703
9949
7753
8255
8747
8259
8017
8278
9750
8533
9278
7561
9282
8794
7575
8805
9053
8566
7594
9070
10053
7852
9814
9815
8593
7611
7367
8108
9587
9100
9106
7145
8135
7642
9608
8139
8139
7405
7162
8647
8158
7664
10863
7435
9896
7689
7939
8922
8436
9176
8203
7707
7717
8949
9194
8955
7481
8475
9210
9459
7000
9216
8243
8735
9224
8014
7273
6295
8265
6540
9983
8513
9746
9511
9026
7803
7560
9773
10020
8808
7825
8081
6604
8825
10053
7844
8829
9809
8342
8590
8345
7856
7368
8115
7621
7874
8369
9351
7877
7387
9604
9851
8383
8632
7897
7652
7655
8151
10114
8405
9876
9390
8411
8176
7682
8918
8675
9413
7695
7699
7207
7458
8207
8461
8963
9701
7981
7986
6756
8237
7747
8245
9232
8744
9496
9993
8524
8280
11225
8290
9028
7804
9532
8556
8565
7331
8326
8330
8332
7841
7593
9814
7110
7357
7606
9579
7120
7862
8603
9585
7624
7627
9848
8627
8633
7892
8141
9130
9623
7908
7413
8653
8416
9642
7430
7676
8175
7684
8430
8184
8681
9416
7944
8936
9429
7716
8213
7967
8955
7721
7239
7486
8486
8239
8492
8985
8002
8250
8258
9003
9249
7523
9010
7777
8523
9258
7780
8530
7785
9265
8777
8781
8048
8546
8063
7569
8312
7822
9061
7827
7584
7584
7832
8330
3
8092
8109
10321
7374
7618
7624
7391
8879
8144
7898
9379
8400
7419
8408
7920
7922
8173
9406
8916
7682
7933
7690
8927
8186
7948
8444
8460
9446
7232
7977
7488
7982
8977
9223
7992
8738
7994
9475
8247
9236
7756
8748
9976
9251
9256
7287
9993
8280
9022
8531
7792
7805
9048
7324
8061
7329
9069
2
8092
8839
8348
7365
9839
8374
10096
8380
9372
7652
10115
7167
8397
8152
7906
11594
8902
8170
8667
9162
9163
10401
8935
7461
5512
9690
8957
7233
9207
7481
7973
8474
7499
7748
8487
7999
7757
9486
7027
10229
7770
7281
8263
8515
9255
7776
7777
8522
10246
10260
7803
8049
8304
7079
8557
8063
7087
9558
9804
7836
9564
9320
8333
8336
7357
10554
10063
8340
7850
7123
9592
9108
10332
8372
7891
8138
7408
8885
8146
9872
9628
7662
8401
9636
10380
7922
7926
7685
8921
9662
9171
8190
9192
9195
8453
7475
7722
9694
8214
8713
7973
7728
7732
7987
8977
7259
6780
8990
8749
8257
7533
7783
8770
8774
7798
9281
7576
8071
10777
7584
8824
5636
7597
7846
10802
8595
7866
9840
7625
8126
6168
10837
8874
10113
7652
7899
6190
7904
7415
8162
8412
10873
8918
9662
7454
7946
10897
7949
9184
7708
7713
8452
8211
7726
7735
8718
7741
8476
8476
10451
8240
9226
7508
8248
8010
8504
7282
7772
8511
10978
8275
8769
7545
9763
9764
10015
9771
8299
10273
8304
7573
7573
8558
8807
8073
10295
9317
8341
9086
8105
9337
10083
9594
7635
7880
7638
9372
8141
8143
7656
8151
9389
7923
10142
8442
7708
7963
7719
8946
9692
7481
7239
7484
8711
7737
7984
9460
8476
8231
8724
10456
7764
9242
9251
7776
8268
7298
9014
8041
9524
7559
7806
9777
7573
9540
9049
8559
9053
7829
8814
9314
8576
8090
6381
8342
9575
9575
8591
9827
8348
8841
8843
9838
8115
9359
9856
8633
8154
11600
8653
9156
8914
9410
10154
8676
10159
9428
8936
8448
7961
8698
8208
9690
9203
8716
9456
8966
8239
7778
8770
8770
8279
8280
8285
7309
10264
8543
8790
9531
9785
9292
10039
7581
9299
7828
8320
8084
7597
7607
7854
7367
8104
8104
9331
7860
7620
11798
7879
9602
7645
9628
9384
9424
10175
8455
7239
7485
8466
9448
7986
8232
7990
8980
8247
6288
8007
7766
9483
8257
7775
6796
7289
9257
8769
8532
9024
11239
10011
9028
8294
8052
8544
8066
8067
9055
9056
8815
7837
9309
7596
9313
10055
7110
7601
11051
8590
9828
7866
7623
8367
9849
7892
10352
7904
7906
9132
9380
7911
9381
9876
8902
8910
9404
10886
8673
7953
10166
7969
9684
8215
7238
9701
7991
10214
7517
9004
7538
8039
7061
11492
9034
7322
9044
8314
8807
8076
9546
8078
8571
9071
8589
10067
7124
9333
9581
9838
7391
7647
7404
9365
8633
9132
7911
9140
9632
7676
11850
9883
7929
8916
11133
8926
8679
8193
7953
7709
8696
7474
8946
7249
7256
8734
8247
8491
8001
8738
9474
8739
8495
8006
7767
8264
8759
7296
7554
9270
9031
9276
7320
9288
11014
9049
7827
10528
9789
11269
8078
8579
7602
8835
9335
9595
9354
7399
9617
7903
10605
9130
8396
10859
7913
8160
9385
8163
10377
8431
8186
9413
9915
10169
11164
8956
7986
9215
8239
9218
8975
7752
8257
7524
11457
9736
8515
7538
7783
7048
8273
27636
8283
8048
10256
9538
9538
9054
7587
10780
7346
5636
9067
5894
9324
9089
7873
11068
7165
11599
8409
7921
8168
8412
9393
8917
9902
9659
7948
8197
9667
8443
8448
7715
8455
9926
9192
10175
7728
9444
8713
8470
9452
9453
8718
8974
8004
8749
9728
11462
9737
7789
9764
7561
7562
6587
8309
8070
8817
10049
8335
10546
9075
9567
7366
9329
8607
9345
8368
9851
9614
9861
9619
11101
8159
9873
10611
7186
8903
8175
8669
7692
7467
7723
9192
9192
7972
11162
7727
9688
8958
10927
7501
8237
8006
9238
8507
8020
9253
8772
10245
10735
8045
7557
7803
9280
8553
11009
9047
9302
8573
8329
9309
8825
10052
8341
9566
10063
10557
7134
9100
9589
8368
7638
8373
8130
11351
8664
212878
9899
6983
11155
7724
7483
7977
7489
9938
7984
7495
8985
8496
8503
9972
8260
9001
8268
7538
10237
8529
8039
9508
8531
7808
10262
9285
8311
8559
7583
7849
6871
7612
7369
8356
9091
8852
9832
8368
8614
9111
7415
7661
8887
9140
7438
8914
10146
8187
7456
8682
6973
10673
9449
8224
10676
8227
8475
10193
8481
9956
7754
8743
9495
7783
7295
8030
10245
9511
7799
8051
9768
8301
7579
9538
8565
9060
5889
12276
10065
10556
7644
9361
7650
7412
9621
7909
8402
9382
10128
8171
7439
9648
9159
10139
8926
7956
7465
7979
8471
7984
9457
8490
9973
8994
8751
9252
9013
7301
9755
10252
10505
9282
8058
8306
10022
8066
9046
10530
9307
2
7109
8344
10551
6878
8594
213216
8844
9582
9827
8121
9834
8122
8373
6667
9117
8141
7899
8396
9884
8180
8432
8190
6995
8225
7741
7505
7270
9719
7528
11202
8269
8516
9507
9773
5858
7328
9298
7584
7342
8567
9553
7595
1
7362
9330
8352
9089
8359
9590
9596
9358
8385
10594
8651
7182
9388
7677
9637
7925
8171
10392
8190
8443
7953
7475
10170
7482
7975
8710
7983
9453
130016
10192
8238
9708
9475
8988
9969
9239
7287
8517
8275
9753
7559
8303
8063
10769
9791
10288
9309
7351
11275
11523
7115
10093
12304
9610
10838
6927
9137
7438
7685
7931
9182
7961
8219
8956
9449
7981
7740
10684
9962
6296
7765
10952
8507
9982
8767
10491
8043
9023
8534
9025
9520
8541
130328
10508
46939
10024
8557
11009
9053
8577
7842
9318
10788
9325
8607
9101
9606
7903
10115
10118
9630
11837
8407
9641
7696
7453
10637
7703
9174
544040
8448
7967
8704
9700
9474
9984
8768
9021
7797
7568
7815
7335
8560
8071
9548
8084
9310
10059
9817
8108
9088
9088
8120
7876
9350
8127
9110
9847
8876
10108
7426
9387
8168
11116
10632
7696
9900
11129
9423
9180
8938
7471
7965
9928
7971
8954
9206
11409
11168
9707
7994
8241
8254
7278
8509
8023
7051
8276
8296
8299
7814
8064
9298
10035
9057
7843
8098
7634
7149
9358
7922
7678
11598
10374
8670
9907
7217
8445
9184
7480
9930
9195
9442
9938
9453
7514
9722
7524
9975
9487
8023
8517
9500
9508
8287
7554
8055
10266
7828
9300
8076
9791
7851
10302
10306
8600
11784
9829
8376
9603
8383
7650
10099
7167
9125
9863
9138
7914
7675
8416
11375
11133
7492
6517
7504
8983
7270
7273
8991
9486
11935
8262
8753
9262
9265
8785
8053
11482
7832
7346
11268
8824
8835
8108
8358
8122
7644
8141
9624
8652
7920
7431
7444
6467
8676
7455
8930
8196
7962
7721
7728
7487
8716
10683
10203
8490
8003
8249
9965
7275
8748
6059
7783
8770
10978
9027
9273
9763
10747
7322
10033
8328
8574
9560
8583
8344
8847
9834
9592
7884
9846
11072
7893
9140
7672
7919
8165
9640
7687
7938
7939
9664
8201
7962
8210
7483
8219
8229
8966
7750
8492
9229
7518
8010
7778
7289
8029
9503
8524
9261
9263
7803
10502
11246
9534
8066
9784
8326
8337
7358
9814
8840
10064
7863
8597
8359
8115
10085
9351
9358
9116
9611
8143
7419
8644
7671
8651
7924
9641
8421
8182
10387
8673
8187
8189
11129
10642
9920
7722
8213
8714
8228
8231
9221
8244
10209
8253
10214
8512
9739
9742
8764
7795
10012
7813
9039
8060
9289
8808
9309
12005
8577
7603
7604
8829
8837
9574
7618
9835
8123
8373
8617
8378
8149
10353
8401
9149
6947
7447
7937
7697
8685
7953
9427
9917
8450
7968
9441
7486
8228
8730
9959
8274
7296
10238
8525
9510
7796
11229
8049
7566
10027
8560
9298
9055
7609
7613
6635
10317
9340
7386
7642
7648
9123
7901
6187
8641
8154
8897
7944
9418
8943
7474
8464
8967
7996
7509
8250
10215
7768
8261
8514
9252
8028
9013
9994
7794
7550
7306
8046
8050
8051
7571
9292
7336
7586
8323
6615
7107
7841
7371
10078
9840
8616
9354
8627
8629
9608
8387
9122
9857
8645
7179
9874
9147
7680
8172
7939
7700
8931
8689
8935
7465
8464
8226
8232
9217
9216
7270
8495
11928
10470
8766
9023
8535
11720
7806
8309
9533
7333
8324
7607
8101
7620
8360
7628
9834
7643
8133
10096
9118
7165
8150
9378
9869
9137
7673
7432
9637
7927
9180
8694
8952
7979
9205
8225
7746
9967
5318
11200
7045
7290
8026
9257
7546
9263
8040
10011
8792
7814
8549
7816
7817
7819
8557
10762
8313
7100
6871
7856
9084
8108
8355
7871
9099
7638
6167
8870
7646
8383
11086
8151
9867
7417
9382
7667
8413
9148
10381
9647
7199
9414
7952
8444
8935
8201
8200
6488
8206
7718
11148
7240
9203
7252
10442
6032
7265
8981
7767
8750
9485
7770
7775
8039
8302
8060
7585
7342
2
9064
7361
8108
9582
8116
8614
7633
8125
7646
7645
8633
7654
8636
10595
8156
10851
8896
9877
7919
7685
9400
7687
10138
9159
8429
8185
7698
8932
7217
9187
7968
8458
9439
8703
7970
7726
8950
6754
9946
7990
7502
8979
9473
8738
7759
7518
7523
7526
9007
7539
9501
9503
8283
7794
7552
7306
8042
10983
7803
8293
9034
7081
7575
8317
2
7843
8582
7357
9810
8586
10302
10313
9579
9092
8847
8849
8850
7137
9343
7873
10323
8129
7887
8134
9121
7901
9372
7663
8154
9385
8900
8910
8176
9646
8916
8187
9903
8684
8439
7222
8939
7468
7972
7972
6750
9944
7983
7502
8239
11916
10204
7756
9475
7513
9725
8256
8014
7533
9007
8028
8274
10241
7794
8041
8287
8297
9524
7564
7575
8802
7087
8068
8070
7580
7828
6603
7583
9302
8578
7600
9316
10544
8831
8344
8838
8352
7374
8112
7868
9832
8120
6898
9352
7885
9114
8394
7906
7170
8151
7663
7916
8162
10379
9159
9650
11860
6962
7942
7451
7702
9663
5991
7708
7463
7219
7223
8449
7960
8227
8969
9219
7505
10939
7510
7771
9486
8017
7779
8272
9511
6079
8040
9022
10004
8291
9529
10268
8553
10025
9049
6600
7826
9058
7840
8827
9072
8588
10061
7122
8106
9100
7875
10576
8862
9120
8632
7899
7657
7663
9625
8157
9630
7674
9391
8166
9642
9157
8667
9166
9169
8680
7459
8196
7962
7963
7972
8953
7727
7488
9208
8230
7741
8233
10194
6283
7753
9234
8748
7523
9485
8509
7529
9492
6554
8024
8277
8767
7547
9999
7794
9026
8046
10507
9290
9292
7593
7840
9805
8335
8337
7605
8589
7856
9819
10068
8354
8605
7137
7628
7389
8618
9110
7640
8866
8131
7887
9605
8872
9363
8651
8653
9142
9398
8418
9646
10874
8918
8432
8434
10156
7461
7709
9426
8447
8696
7476
9928
8459
9444
8233
9949
9473
7269
8251
9477
8019
134459
9494
8276
9993
8034
7789
10732
8038
8051
7826
11747
8569
8330
9804
9813
7862
8598
8601
7620
7383
10328
7151
9113
9848
8135
7157
7895
9613
8388
9131
10113
10604
7917
9389
9146
7676
9639
6211
10640
8189
9174
7706
8441
7957
8696
7718
7718
7971
7978
9449
7737
10937
8493
8503
7537
7049
6314
9016
7799
8045
10015
9034
7318
8057
9532
7817
8307
8555
7820
8556
8313
7581
9550
8830
10305
9089
9338
8848
7623
8369
7392
7883
8133
7653
8389
9616
8151
10360
7421
9391
9393
7681
10634
7942
8188
8679
8191
7962
9435
9681
7720
8456
6744
8218
7485
9942
9700
7263
7274
9982
10234
10480
8275
8277
8034
10488
9508
8285
9512
9512
9276
9769
9524
8302
9041
11253
8316
9553
7592
8087
10053
8095
8343
10063
8596
7861
10811
7626
8121
9595
7884
8374
7642
9360
8379
8382
10844
10115
9874
10372
7432
9159
9653
7697
9176
7706
9670
7471
7963
11640
10669
8713
8223
9207
7744
7499
7022
11193
8017
8023
9986
7535
7781
8030
8775
6086
8543
8298
10506
10018
8559
67405
7594
8090
7361
7851
7853
8342
8101
8102
8347
9333
8849
10077
8852
9100
9348
7641
7892
10343
9861
222516
8149
9620
9137
7683
8424
8425
8188
7944
8926
7457
8440
7706
8443
7220
10165
7716
7718
8699
8947
8216
7725
9689
10188
7995
11920
9470
7758
8250
9482
9241
8511
7536
9502
7787
11221
7546
8546
9778
9291
8558
8312
8076
8334
8584
7606
8101
7859
9085
7863
8109
9335
9584
8605
8360
10322
8853
8124
11557
8375
10098
9854
9127
8639
9132
8894
9885
10133
7438
8422
8669
7690
8918
8429
8675
8926
7708
7983
9217
8248
7514
8005
8742
8257
8017
9248
9740
9006
7553
7308
8047
9771
9528
10021
9787
7831
11761
8091
8090
7858
8106
8350
7861
8366
9348
8369
7393
7398
9868
9378
8646
9881
9149
7683
8172
8428
7452
7956
9426
7467
9427
7468
9430
7242
8225
11169
10189
7747
8735
8491
7760
7770
9732
10227
11951
9994
7547
8772
7059
9755
8287
9512
9023
10007
7564
10015
10261
10017
10024
8310
7828
11030
8825
11532
8837
7859
10560
7620
8605
9347
7878
8124
11066
8860
7882
8623
11323
8384
8139
8387
10348
8146
8646
7665
7915
7424
10367
7430
7922
9147
770605
11125
10390
7700
9171
8439
8207
7963
10417
8709
7980
8727
7501
8487
8992
10467
7281
9004
10234
8518
8771
9513
8057
11984
9293
10039
7347
8090
8
11
12
13
14
14
14
8101
17
9326
17
9082
20
23
23
10071
11300
9339
8363
8124
8375
9846
7892
8393
7657
7905
7172
10118
8404
7676
8656
7933
8427
7692
7939
9415
8193
8197
10159
8942
7968
9936
8727
7993
9957
7266
8004
8258
9001
8033
7299
10248
10004
8046
9281
9527
7566
8058
7329
8311
7575
9053
7829
9791
8567
7588
8095
11288
10799
7858
9087
10080
8366
10331
9598
9358
9118
9365
7897
9615
9864
10355
10110
9378
9626
8159
7179
8894
8163
7189
8661
7929
8667
8667
8426
9651
8189
9423
7954
8444
9681
7729
9936
8717
9711
10937
8488
8492
7758
9229
8259
10225
7789
7552
8046
7813
8555
8076
8325
8575
2
10783
10299
9809
9568
7610
10061
8345
8592
7368
8107
10070
7865
7880
10331
7884
11073
10120
35358
7918
9395
9404
8916
8180
9408
8919
10160
8211
7971
9200
9447
7992
7994
8739
9729
9498
7786
9017
9510
11473
9032
8055
7574
9045
7820
11252
7827
8080
8819
8574
11025
1
8822
11034
10060
10069
7619
10318
9592
9350
7645
10341
8380
8628
11082
8878
7898
9129
9135
7422
7921
7923
11361
10143
7941
9912
9421
9668
12862
8941
10430
8229
8977
7263
9475
10217
8995
9737
7542
8278
8525
8542
8544
9774
8060
8552
7820
7579
7825
9308
8587
8100
7618
9090
8859
7635
7885
8389
7188
8177
7442
8683
11383
9667
9923
8458
7725
8713
7000
10437
8978
8243
8001
7758
10217
9239
9239
7777
8027
9259
7797
8780
7576
9789
8565
9798
8088
6130
8336
10053
8583
9575
6887
5909
9094
9100
9836
11063
8125
8370
7656
10362
7916
9391
7431
11355
8418
9157
8669
10139
8426
10879
8436
9906
7710
7958
7719
8455
8946
8459
11401
7977
7744
7990
7746
8486
8256
8998
8998
9495
8271
8038
8041
9759
7813
9530
9042
9796
7353
9071
8337
8585
7851
9334
10315
7377
8849
6401
8860
8869
8142
8878
12310
9125
7901
8401
7913
7916
9143
9638
8170
8907
9646
8433
9905
9908
9175
7952
8197
7961
8942
8947
7727
7973
9935
6260
7492
9945
8232
9713
8498
8509
8756
7792
8284
8782
7556
9518
9771
10030
9052
8809
7589
7847
9573
7861
8596
7862
8107
8607
7873
8373
8863
7886
10338
8381
9861
10107
10114
7663
8157
9139
8910
7934
8921
8433
10150
9417
7952
5993
9675
6992
10915
7977
8957
7735
10191
9457
8722
9722
10950
6544
10958
9244
9981
9003
8028
8029
9012
11219
7547
8053
9525
9790
8327
9797
7852
8838
7863
10071
8357
8114
7381
7388
9356
11082
8391
9385
6948
11113
8918
7448
8429
11378
7215
11384
7711
9671
10174
11408
7732
9461
7993
8243
8003
10456
9233
8507
7776
7777
138056
7534
7783
8028
8276
8277
7054
9750
8043
11967
9274
8294
8540
7564
8056
7567
8552
7821
6849
9055
8570
7591
9799
7608
9326
8843
10071
7625
8857
10087
10824
9601
7641
8867
8872
9370
8641
9631
7923
7440
7687
8921
9907
8439
7960
7240
7729
9942
8227
7746
6035
8975
9245
7289
9985
7780
7310
8306
8064
8317
10779
8818
7843
8090
9815
7370
7630
8123
7882
7883
9600
7160
7906
9135
112359
9391
9884
9650
5491
9912
10158
10168
9925
9436
8456
6996
9936
8467
7738
9457
9707
7503
9966
8251
7782
7048
7539
8276
7796
9292
7094
9060
9062
8818
7596
7361
8830
7610
8835
11532
8103
8104
7376
7622
9359
6919
7415
8161
10126
8174
10380
10146
7948
8444
9427
7229
8214
8952
8221
8958
7979
8470
9452
9208
8230
8232
9703
8480
7995
10445
9714
7273
8987
8511
9741
8770
7548
11234
8538
8788
7812
7573
8067
10028
7836
11031
7624
7870
9101
6904
7154
7156
7415
8886
10608
9880
8657
6946
8183
6232
7948
9673
7966
7485
7244
8471
7983
7495
9212
7288
11209
7545
8281
9997
7804
9523
7810
8063
9045
9295
9054
8568
9064
9800
7597
9802
9562
7130
7876
9106
10089
7404
7405
10348
7910
8158
9141
8896
7432
7434
8182
8428
8677
9423
6732
8943
9685
10667
8217
6261
8958
7767
8256
9490
8023
6801
8762
8285
8287
11722
9030
7819
7581
9052
7834
8081
10531
8820
7846
9317
6889
9829
8116
9586
7878
9107
8894
7670
10122
10368
10369
8166
9157
7940
7706
7957
9921
7476
8701
7725
7981
10433
7499
8238
10696
10457
8259
10468
10003
10003
10497
10257
9521
8061
11247
8557
9298
7348
11024
8104
7380
8606
9097
8119
7631
9843
9358
9850
9637
8905
8172
9159
7457
7710
8942
9923
10668
7977
7490
8471
7985
8489
7773
7774
9493
9494
7788
11218
8036
9262
8543
9769
7824
9056
9071
8093
9562
8586
7617
7135
9093
8374
6172
7642
8382
9607
9856
7410
9370
6927
7668
7674
9395
8183
8429
9662
8203
8948
8462
8219
7730
10179
7488
10435
7741
10196
8740
7764
8014
8260
8269
9257
10241
9020
9515
6344
7575
9535
7821
9298
8076
8813
9549
2
10786
8094
10544
7374
9342
7631
9590
7879
9105
11067
10352
7417
9145
7677
8658
7195
10379
9646
10383
8182
9406
8186
10152
12115
7471
9673
7965
9190
8947
10193
10203
8492
8982
8257
7289
10478
8037
9033
8547
8812
9792
7591
7838
1
9811
8102
8841
7133
7623
9582
10808
9103
8620
9604
7651
7909
10362
7917
8164
8902
10373
8417
7438
8909
9159
6967
8195
8691
7716
7969
10663
8220
8711
9695
9948
8488
8500
8263
8265
9735
10499
7317
6093
9036
7569
8307
9534
7579
8070
7336
9294
7875
7637
7393
7642
7888
7888
7407
7409
5697
9865
9621
9876
6940
8411
8667
9893
8202
8460
9210
10199
7753
7270
8503
9017
9021
8545
10261
8549
10266
7580
9545
6613
8821
9069
7356
7363
8345
11038
8105
9343
7634
7635
8378
140860
7647
7415
10112
8401
8157
11839
7933
8913
7935
9649
8187
8921
7950
7963
7723
7987
7743
11911
8240
7506
8491
8982
7514
7531
7301
8290
8046
9028
7560
7562
11002
9044
6107
9291
8073
7597
9066
9320
9812
7858
7615
7619
7383
9098
8121
10098
8875
11327
9868
9386
9633
9389
9636
7922
8412
8417
10377
8908
9643
8181
7692
7694
7940
9166
9173
8454
7976
7976
8470
11902
7494
9700
11173
9706
9227
9742
7540
9994
10012
8316
11254
8320
8812
10775
8331
8587
8832
9325
8105
8109
8604
7870
7628
8366
8123
9357
8140
9859
7905
7174
9380
8403
8901
8168
7441
9401
7444
8923
8933
12363
9429
9184
6002
9681
10416
8705
7730
7985
9708
8001
10694
8002
8005
10216
8265
7535
8763
7790
8041
10009
9032
8321
7587
7832
10038
7835
8326
8575
7352
7853
8349
9821
8597
9092
7869
10075
8607
7635
7884
7394
8142
9856
9612
8144
10107
7660
8887
8399
8157
9146
8412
9882
9883
8916
7693
9904
8690
8202
7714
9189
10658
9193
9193
8462
9443
8969
10932
7749
8488
7510
8247
9961
8249
8987
9234
8254
7782
8028
8031
7789
9269
9269
8297
7594
8821
8086
9319
8596
7864
7375
8114
7871
10080
7389
7882
8129
7887
8387
8388
7899
9614
7659
8640
7664
7669
9879
9149
7927
7683
7683
8179
7946
8199
9188
8959
9204
7739
11175
8485
9221
9223
8002
9237
8022
8762
7538
7796
10001
8779
8307
9782
8560
9054
8809
9300
7588
7835
8328
8819
8336
7847
10299
8587
10548
8593
9819
10067
7621
7866
9337
9337
8850
7869
167847
9349
7644
7644
7648
7170
6439
7664
8408
8409
8163
8409
8410
9635
8171
11360
7692
8182
256481
9167
7212
8440
7706
8197
7964
7726
8462
9198
8713
8224
8230
9458
8731
9223
8244
7765
7768
8016
9245
8271
9007
8278
6813
8779
7566
7821
8311
8069
9785
8316
8562
8808
7587
9059
9552
8087
9560
9562
9072
7848
7364
7121
8109
8112
9338
8373
7395
10341
7894
8144
8391
8392
8163
8901
7922
10373
7439
10143
9165
8445
9918
8456
8214
7735
7737
9700
10204
8741
8008
8988
9002
8757
8758
8516
8762
9253
7541
10241
8526
8285
8776
9522
9525
9281
7569
8549
7816
9044
7578
9048
10284
8326
8329
7597
8578
7866
8849
8362
10814
8121
7637
10088
10838
7900
9374
7415
9875
7673
9394
7695
9168
7465
8202
6001
9188
8211
9442
11403
9692
7243
9700
7253
8728
8238
8239
8243
8985
10211
7280
7771
7533
8273
8033
9509
8287
9514
9025
8056
7823
10274
8805
9296
9053
7585
7104
7840
8825
9570
9090
9582
9585
10322
9591
9837
10332
7637
9353
7884
7885
9356
8623
8631
8144
9625
9887
7687
9157
9647
8926
7706
9428
9674
8205
8206
9678
9930
7740
9713
8498
8016
8757
8026
8517
9257
9996
8284
7059
9265
7551
9760
9271
9518
11490
9531
10763
8812
9553
8331
11285
8349
8595
8600
7376
9336
7622
8358
10075
8607
5912
9104
8614
8370
9110
8621
7396
8388
7900
9373
7658
7662
9379
7665
7666
9383
9139
9643
9643
8425
8181
7944
9423
7960
6983
9441
9688
8464
8219
8225
7984
7258
7507
8977
7762
10214
9486
7526
8263
7531
142540
8760
11211
8764
10006
9273
8543
8548
9531
9041
8553
8798
8554
11498
9295
8810
10037
8322
143254
11265
9307
9553
7355
9082
8861
8127
7393
9108
261583
7910
11584
9379
8161
7432
8414
7686
8920
10151
6973
7464
9431
10167
8944
8458
9440
7729
6999
7245
9942
7004
9949
8241
8245
7022
8247
7761
10466
7529
10234
9255
8767
8770
11228
8295
8545
9286
9300
8327
9309
9066
7113
8338
9324
9574
8114
7625
7874
10079
7877
11799
7152
10338
8629
6920
8883
7905
8396
8398
8401
11097
8163
8165
7921
8170
7436
10133
8425
9904
8680
10154
7460
11139
8201
11631
8208
7503
7261
10203
7754
11187
10945
9970
9243
9005
8516
9499
9256
7297
9502
7548
9273
7807
8546
10017
8794
8061
7817
10267
9786
9789
8081
2
6857
8084
9322
8098
7857
10309
8355
7382
9591
8856
10081
8375
7889
8629
8384
8891
9402
9659
8190
8933
7709
8453
7719
7723
6997
10184
10430
7989
8480
10199
9222
6527
8244
8739
9718
8251
8254
7772
8264
6555
10969
8280
9260
9262
7310
7807
9530
9536
9785
8317
8322
7098
8571
9310
2
7600
10541
9327
10314
8855
9839
8860
6900
7396
8379
9854
11080
8631
8388
328610
7906
7661
9383
8404
7674
9883
9157
9904
7708
8692
7226
9189
8457
7486
9693
7981
7981
7985
10681
8724
8238
7502
7994
8991
9238
8016
8997
8018
7784
8521
7542
8281
8773
10249
7311
9518
6089
10503
8299
8314
11254
10037
9561
8339
7366
7861
7865
9344
8372
8386
8887
8152
7913
8408
9895
7446
10145
6473
7945
7953
7708
7956
8447
8940
8697
9191
8716
7492
9465
8242
9224
7265
9720
9725
9494
8518
8278
9759
8046
8295
9033
9048
7826
9306
8817
9310
9800
7839
7845
7854
9576
8597
9089
9585
8361
7630
8856
9102
10579
7396
8879
6187
7660
7909
11095
7666
7666
9873
9633
8416
7925
10150
9173
9173
9911
7468
9676
9433
7971
8707
8225
8964
7496
7743
11177
6773
8980
8251
7530
9007
9499
7544
9505
8527
9508
8287
7803
8294
10758
8066
8556
7333
10280
9073
9564
9566
9813
8097
8590
8353
7863
9580
9600
9112
7886
9115
9116
9371
10604
8892
7424
9406
7939
9655
9901
7206
8679
11375
8443
10404
9669
7958
9924
9437
9687
7239
7975
10437
9216
11424
10217
9241
10714
9980
9003
10473
9007
8272
9992
10728
7547
9514
7311
7814
8064
10514
8311
9058
7592
10296
9807
9072
9810
10790
9568
7860
7870
8359
9588
7629
8378
8133
6920
8155
10116
11098
8157
7424
9630
10371
7922
9414
11134
9179
7709
8448
9928
7724
9198
9688
8219
6997
8720
7753
8243
7519
9485
7770
6790
10960
9000
9246
9982
7066
8537
8787
7809
7812
7568
8548
8061
6592
7820
11252
9049
7093
8318
9303
8568
8575
9559
9073
10053
7605
10549
9572
7885
10094
10095
10598
7412
7662
7665
7176
9870
7428
9390
10615
7684
7690
10405
9438
9685
10187
7495
7743
7749
9230
8986
9969
8014
8260
10964
9510
10004
9031
11742
8316
7828
9552
8082
9566
9568
8598
8600
10318
7629
9597
9370
72745
9138
9633
9881
7676
9393
9149
9641
8905
11383
11137
10648
9185
7477
9685
9444
10186
7749
8502
9495
8761
8293
9027
8541
8543
5605
8057
8560
7342
7589
9061
7840
9312
9562
7847
8342
8100
11046
8847
7868
267
382
7647
7894
7901
8155
1052
10616
9899
1088
7213
7705
8933
9923
8219
9209
6768
8984
9728
8013
11694
9247
7800
7315
9032
10519
9546
9577
7618
7378
7630
8121
7148
8384
8885
9621
9136
8409
8908
7936
10150
6964
8191
9172
8683
8195
11631
7480
9935
7741
8724
7999
10696
69765
8507
9739
8762
9501
7296
5340
8531
10004
8533
9766
9769
8546
7814
8550
11490
9536
9786
7829
7599
7120
8591
8364
10084
7883
10830
7431
8658
9884
10136
9402
9910
9420
8938
10163
8215
7266
8746
9731
9736
8756
8512
8278
8289
7804
8554
1703
8565
9312
9074
10302
10306
10306
8115
7869
8116
7870
8607
9097
9104
7635
8616
9356
9360
8140
7658
8405
8894
7675
10617
8166
11844
9170
8443
7956
8450
10416
10416
7970
10177
6991
9686
9441
8957
10674
7745
8729
8731
10210
7764
8992
8993
7536
10725
7786
11715
11963
86299
454
7830
7835
8607
8616
8371
7881
6669
12064
10875
7706
8934
2847
7745
8726
8727
9467
9725
9236
9498
9751
8776
8545
10270
9299
8325
7593
8581
9585
10322
2240
7387
9348
9355
9847
9611
9611
9611
9856
10101
10346
9857
10347
9857
9612
7900
7910
9632
8897
13308
10379
9399
8418
9399
8419
8185
8921
2309
8201
10902
11883
7473
11175
10196
11422
7761
8006
7517
7769
10466
11938
9488
7775
10472
11462
12445
11957
9997
9017
9017
9265
9765
7807
10270
7576
11501
9301
10291
9069
7607
9569
8589
8599
2
8368
8374
7892
7649
9855
9609
7894
10592
10604
8647
7924
9402
7690
9406
10876
9406
10879
2555
9171
10407
8702
8957
8470
9452
2602
9220
10453
11929
9483
8505
7287
9984
8026
9994
9509
8531
8286
9534
8313
8560
544
8333
7357
11527
9327
8360
10584
3483
7646
11327
8388
11335
9379
6219
9158
9648
8671
10391
7211
10153
8439
2
10649
9428
9923
8701
8455
7974
8223
10673
7763
8009
9242
8508
8529
8774
7795
8776
7797
8783
10257
10748
11486
8313
11258
9060
224387
9064
66075
7353
9322
10067
8359
9588
8119
8861
10576
9358
9116
8390
8150
12075
11598
7678
9151
8906
7191
8915
8181
7696
9657
10147
10147
9665
7949
8691
9922
7964
9437
7968
8462
8956
7733
9211
7508
8491
11189
9719
9473
7759
7759
7760
7272
9726
9733
8755
8511
9750
10490
3632
10501
8543
9281
9772
8306
8064
11753
9552
9063
9554
8092
9564
10558
8844
3212
9828
11053
4201
9588
9595
5922
15724
11561
8865
7404
9613
8880
8150
10123
9146
8419
9645
9656
11129
8191
10396
9172
8689
7735
4065
8473
11917
9467
3839
8265
9738
9738
9992
10483
3873
10489
10489
8783
8784
7562
9522
9524
10029
10028
10032
10279
8076
7589
10056
10301
9813
8348
10813
9590
10821
8625
11819
11091
7906
10617
7927
70081
7936
11122
4018
10388
7703
10399
9418
8929
8688
9436
7723
8708
8708
8953
7241
10433
8473
4064
8726
9725
14890
8278
8771
7792
7309
8788
8298
7808
7321
10263
7571
10023
8071
3683
12257
10544
7873
8118
8118
8610
8368
8369
10331
7891
10098
8875
10593
8636
8885
9621
7665
8891
8891
9381
9136
8654
7922
8168
8417
9646
7708
9667
8200
9919
9186
8211
8459
9201
68904
8475
8496
10214
8013
8749
8263
9253
9254
8286
8046
10009
9771
11246
9777
7330
8065
9534
7832
8077
8567
9550
10781
7597
9315
7615
3947
10073
11054
9828
10084
7641
9358
11325
10104
7657
8151
6928
8152
8399
8648
8405
8898
10372
7693
9669
10897
9427
7472
7718
8707
8708
7734
7741
9701
7744
9948
7256
9972
8506
7780
8514
9742
7819
9053
8568
8325
11514
148237
10292
8580
9316
10788
11035
12016
9084
7615
10802
9821
8601
7627
9833
8614
9351
10331
10577
9601
11077
7894
9857
10844
7680
9648
10141
9162
9666
8448
9683
9705
9728
12182
8264
8756
7291
7548
7063
7802
11236
7813
8058
9533
10775
10040
7102
7617
6887
11298
8360
9116
10107
9864
8180
8430
7942
9173
7217
9428
8449
8694
10416
8219
7996
7263
7755
7265
8245
8739
9721
9729
9250
7784
8275
7794
7549
9752
8527
8530
9021
8289
7555
12953
7821
9047
4645
7592
6859
11532
8350
7863
9337
8114
7629
7637
7642
10580
9121
9612
7410
7415
7915
9386
10870
9410
7454
7700
10639
8190
11376
10640
10395
9415
8925
8191
9660
8436
10394
7947
7708
7223
9917
7961
8453
4530
9192
4533
8958
4554
8235
8975
7511
7512
8010
9238
7043
8033
9021
8291
9273
7807
8056
11002
9287
7574
8800
5621
8075
9054
7341
12247
10289
12007
10054
9564
9077
7855
6139
4670
4675
9087
7865
7865
8111
8114
8364
4709
7658
7172
8886
7669
10856
4734
9888
7458
8443
10893
8207
11153
9687
7730
8232
4808
7259
7263
12178
10711
6306
7776
9245
9741
8030
8277
9746
9011
7552
10002
7565
9037
10263
6355
8816
7593
9071
9318
7863
8111
7870
7626
9836
7640
10091
8623
13037
4967
7671
11107
7932
9420
8203
10405
10161
10651
9917
8206
8699
8703
7481
5028
8954
5050
8727
9952
5055
10449
6055
8022
9745
5095
6085
9761
8784
6826
7807
8302
6834
8799
8561
8806
9297
9542
11767
9572
8838
11541
8608
8858
7635
7637
9354
7888
9601
11315
7893
8390
7908
5209
9133
9623
8401
8900
5225
5227
8173
7683
5234
9400
9171
7702
9664
7707
9177
7953
7954
5506
7961
7962
10660
8459
7977
8959
9696
9945
7987
9950
9218
5294
10202
8987
12911
9247
7533
7783
10488
8285
5351
8542
5358
5115
5116
6599
8314
8811
7587
8828
10546
7609
8350
8113
8852
7142
9837
11063
8370
10083
7885
9355
7890
10340
10340
9116
8383
8872
8872
8628
10831
8137
10341
8383
10341
8873
10831
10341
5442
8396
8887
9626
9873
7184
9389
8901
9147
9637
9148
5229
5475
5481
7941
5490
8437
8439
8196
7462
9188
9435
7965
9683
8459
8951
9198
5527
7246
8719
9703
9705
5540
9219
9464
8734
9224
10204
10204
8003
1685
7529
8271
6312
7297
8279
5335
5580
8773
9509
8531
11235
10035
7343
5877
7847
7851
5400
8840
7868
6400
9103
8368
4438
9853
7405
8878
5688
8393
6442
6445
7674
8163
8900
5710
6456
9886
5718
7195
151034
7936
9655
9183
5503
6735
8207
7233
6499
9445
11404
5771
8961
5774
7497
5786
7752
6784
5805
9240
9241
9979
5813
7787
5826
11954
5582
7794
9759
6585
9526
10260
9287
8311
3
9784
8323
5869
5873
9060
7592
5634
8094
7852
5900
10559
8113
5908
8361
8118
5908
9100
8863
9112
7399
8885
8890
11101
8898
7924
7679
8177
9168
8439
8196
4104
8214
6015
9450
9700
8972
7506
8734
6286
7522
8019
8511
6059
9494
4496
9503
8281
9756
8778
6817
8287
7312
8049
7317
7811
8791
7323
5854
5855
10522
11510
9554
9067
6128
10542
9327
5893
9575
7371
9344
9352
7882
7883
9116
8873
1
7665
7675
9636
6203
6206
6215
7443
6218
8917
8189
7699
3672
6232
8195
8684
8931
7708
9427
67
9444
8464
8710
9446
72
8224
7985
10437
89
10200
7506
8244
8252
6054
6316
9017
8037
9759
7314
8051
11238
7570
6345
9043
7580
11265
7101
8572
8820
6122
7842
7864
8357
9338
9094
6401
6156
8134
6424
8633
6426
10111
4208
3880
10849
8899
8901
7188
6454
6456
10383
8916
4573
8680
9169
9667
8201
8935
8205
11153
7480
8463
7486
3971
6533
8741
7528
6795
9762
6581
8541
9032
8547
69
70
11488
8809
9790
7841
6614
9314
10297
8828
8591
8354
7620
8355
7629
6648
7641
7645
6663
6666
8880
9372
8154
9137
8163
6701
8177
4481
8427
5145
6718
8439
4502
9184
10171
5508
8219
6750
9697
8240
6777
7763
9730
9491
3580
11458
9256
9516
10010
10263
9536
9048
8313
6842
6844
8077
4622
9060
4635
6882
9090
8851
8115
5987
8878
9368
9368
8633
8878
4358
5019
10351
73
12067
9131
8642
9135
75011
7437
8176
7704
10157
7708
8198
7981
7988
9459
3799
10941
8005
3476
8751
5802
7785
8030
8769
4829
7063
9030
5502
8058
8794
7079
4192
3541
9313
8087
7597
7112
4226
9336
7126
7377
12037
8614
4592
8138
9369
7901
7411
4276
4278
8397
5932
5280
7182
4300
5625
5629
8670
7937
4649
10886
8438
7212
7707
4988
4998
7227
8952
6987
7983
7256
12159
8732
7270
7045
5399
7301
9028
8297
7318
8544
7322
7820
8562
7340
3794
7350
7360
7365
7373
1861
3842
9116
7403
7404
10101
7908
3543
10365
7177
7673
7435
7437
7694
7704
9178
8201
7464
7468
7470
7474
5249
4264
4597
7250
4629
5960
10227
7789
7543
7560
7814
9530
68
5348
7579
9544
9558
4724
105
8360
6056
5746
7645
5750
9616
5437
7686
10381
4145
7698
7717
9681
9437
7723
4839
9465
6843
10460
6869
7778
7782
10730
11464
3921
6893
10015
3938
10025
10269
9534
9780
9045
8805
4289
7842
9088
10805
7875
4991
6982
72009
67
4692
7918
7934
5059
4092
4757
4108
5108
7749
4809
7797
9521
5825
6817
9782
9293
4533
11279
4877
7851
7853
4915
10096
8170
4658
5321
4005
4336
8212
8213
8230
8243
9478
4381
8262
4716
5048
8291
3096
4818
5501
8391
4523
8465
5253
9718
12415
10945
11436
10455
10468
8508
9005
8516
5645
5000
69
4040
8604
9093
4733
4733
6069
5440
6117
9659
5139
10421
9686
10948
12418
11928
9968
9968
11928
8753
9792
5267
6269
5609
8830
8831
4952
5620
4300
8603
8871
11094
73490
3364
4357
69
8652
79
10153
4732
153597
3465
9261
9261
9261
5149
6140
4853
10055
12016
11770
11771
10790
9076
15199
11281
10790
10300
9811
10300
11036
9565
10546
10300
9076
9320
9320
11281
9320
12506
9320
11526
12507
11037
9812
10547
10057
10302
9321
5212
11552
4576
9368
5581
9394
5283
5284
9170
5014
4721
10516
11004
9289
5084
4456
9575
9334
10084
10090
11618
9414
11874
10650
10894
12609
10168
10189
10924
11659
9454
9475
3957
2
26
10992
9523
4337
9797
5675
68
69
71
9661
12368
11879
4806
3839
9971
9992
9750
9750
10734
6553
2
14
11060
5956
9859
10117
10883
10883
10883
10883
9922
7036
4764
5421
11192
12662
11192
11192
11927
11194
5101
10222
4457
9999
10004
5144
10017
4169
10032
5835
5508
5863
5225
11343
10119
12082
11348
10378
4611
12351
11132
10401
10157
5982
10196
4671
10951
10706
10706
10951
67
69
9969
78
9978
11456
10230
10261
10307
5767
12035
8426
5799
5197
5203
10904
3920
12922
13659
14393
13905
10222
10237
10495
3985
6313
10530
5663
5685
5688
5717
8029
10598
10610
3424
6112
12649
5822
5822
155673
6511
10723
4865
6200
4216
4888
13695
11013
11748
11013
11748
11013
12976
6245
5623
5637
6298
10851
10873
11854
11119
79
81
5030
82
10641
12862
6043
6065
10691
11433
5093
7404
12924
11699
12433
10964
10968
11712
5461
3574
5574
5913
5586
12128
5954
9263
10921
3659
11180
10931
11189
69
10962
4359
11221
100
6049
6049
4424
6443
5807
11582
6478
12090
5855
6192
5867
13118
12873
12384
12385
6223
5241
5245
3605
11448
11943
11698
11454
15862
12679
4275
5945
3628
5954
5625
3996
4327
4327
5319
5321
5662
3681
11524
67
5347
13264
13264
14245
12284
4362
12293
6372
6406
5075
5081
5081
6098
9408
11395
4459
5463
11413
11666
7787
13887
11471
6220
15182
15426
11754
12489
13469
12488
11998
12489
11754
12243
11998
12489
11998
11998
14203
11754
12488
12978
14694
11754
12489
13714
12243
14449
11754
14203
12978
13223
12489
12243
13223
14448
12734
13958
12488
13469
12243
11754
12490
11999
13469
13715
11752
11759
7229
15213
13987
13008
11783
12517
14233
11792
7924
11806
14993
14502
11807
3965
6308
169623
68
69
11882
87
6374
4387
11659
6404
13690
11983
5457
5167
5513
12047
12056
12054
4868
12057
12059
6211
6543
5546
6913
12114
12608
12608
5281
5610
6296
6628
5626
13883
14372
6652
11934
6655
12189
4679
69
4361
12214
93
6365
12227
6373
12240
6047
12265
4097
6751
7083
6429
6093
7094
4464
6782
6796
5140
5477
5148
4826
4513
7491
5834
7525
7196
6537
5546
15591
14366
15101
12407
14367
5549
6548
6883
6894
5891
12173
6896
12174
5902
4612
5925
12458
14177
6615
12477
12482
6628
4975
6970
5314
5646
12523
5666
68
12779
5677
14267
13533
13288
14267
14022
13042
14022
13294
12310
4715
3401
4402
7058
5745
6079
6418
3453
4129
6779
12401
5142
12681
4187
5196
12756
6907
5917
6252
12791
12551
4633
8603
4636
12830
3669
3674
7001
5682
12873
5704
7380
13165
13165
13165
13165
13904
7066
12929
13176
7078
4771
5778
4468
5789
14211
13006
13985
5490
6808
6819
8730
7165
4522
7830
7179
6207
5221
13572
13572
14798
5566
13329
6887
13084
4586
12846
13107
15802
15556
14332
6578
2
7602
8927
4984
12918
12919
7316
13197
13213
13225
13225
7374
12983
13236
7382
7714
7383
5734
13261
13017
13285
5779
4818
5812
6486
13121
13370
13132
13402
4259
13437
13445
2
13202
6942
13482
13485
5354
7693
14050
13561
14295
7708
13571
4744
5097
7413
13624
13412
7138
6825
13445
5212
5215
9517
13729
13771
13780
13798
4650
14063
5320
4661
4662
13833
4347
7642
13844
13867
6360
13879
6363
79222
13906
13670
8732
13681
13932
13951
6113
13959
13968
7443
7782
8133
6480
158644
8171
14045
16759
15288
15288
13821
14085
6603
14139
3011
7967
8344
4406
14257
4766
16469
14999
15243
4463
14294
14335
5841
14347
8152
8155
14116
14619
4551
14624
2924
3254
14146
14431
4625
7261
14453
4652
20857
3026
7994
8340
3071
6053
14565
14573
14581
4107
14590
6095
14603
14608
14618
5459
5460
6126
6126
6130
4819
14642
6800
14644
5154
5484
14661
5502
14680
4221
14706
5558
14475
5562
14741
7250
14770
5977
6005
6667
4037
6035
4721
5714
4077
5724
4737
14895
6738
5769
5136
14708
14720
5148
14721
3506
15226
7471
3891
15032
15041
15050
7541
9202
7550
5250
7561
7589
14887
5346
9311
15179
15192
6029
6067
7412
15274
6772
15291
3843
3869
7857
7859
15413
16414
5289
7632
15233
15977
15242
8004
5052
15538
7715
15340
15605
4800
4479
5804
15629
8116
15633
8134
8134
9464
4524
8478
4534
8162
5862
4241
4572
4251
4256
4265
7896
4275
4277
15749
8575
8576
5615
5311
9264
15547
8280
5663
5676
15833
8333
6028
15848
5703
15856
5752
15904
15902
15904
8064
5112
16661
17886
16415
16661
16173
8085
9739
8104
5811
8451
4172
7804
7804
8493
5210
16033
7202
10182
9851
7558
16075
4611
20311
18596
18842
10622
4356
8652
7683
18152
16197
9014
3417
16460
8698
3436
16247
3800
16258
7763
16263
16020
4803
14331
16277
16273
4838
5500
4521
16567
5515
16323
5521
8816
4534
8500
5541
8511
10498
8854
6226
9200
4613
3627
16428
16477
16518
16524
85776
16310
4762
16572
7437
16599
4477
5138
4818
8771
4829
6493
6512
4866
16423
9819
16431
3577
9848
9859
18688
18197
3947
16737
6921
1
7267
6634
5690
5036
8005
62658
5709
6701
16856
16863
5112
8079
85820
4133
6780
4473
7111
7771
8438
4832
5166
7814
3861
4857
6504
6517
21174
19215
19459
19950
19950
19705
20195
18970
4561
4566
4902
6588
2
6601
4993
4011
17132
6336
16913
17177
16930
17195
78276
17210
17235
5111
4123
18737
19717
17757
18738
19474
18494
17327
17350
17358
8882
8888
17403
6929
8913
9271
17197
8945
5336
5007
5674
8982
9006
5052
4733
9346
5164
5228
7537
5896
17731
7603
6978
7001
5037
17587
4064
5385
5063
5065
5400
5085
4763
5445
4140
9809
17749
3571
9185
6550
18017
8538
3593
5904
12189
9874
6914
9881
9226
3624
7259
6277
9901
6942
7283
21049
7628
5666
3735
18179
3741
18176
18178
8715
18208
18226
7095
7442
7773
8765
6464
8773
18275
6804
18283
18291
19026
19271
19516
20986
19271
18780
19025
18296
6874
5558
4258
8250
6933
10935
5675
5681
19462
9051
5770
6762
71501
18579
18593
9432
8115
9437
18600
18608
6810
5174
5519
18661
9527
950
18696
4931
7575
7588
8272
7951
18768
8327
7024
5384
18834
4730
8371
6734
6409
7729
18895
6111
85714
6797
6480
6151
7147
5833
18955
4542
8506
4880
6576
6936
19098
6655
6991
7322
4037
7338
13280
7360
7380
7392
6419
9096
11077
4492
4178
4521
8811
3543
4875
9504
3575
4913
10557
7594
19472
19482
6723
5421
10700
7735
6417
5122
7112
6460
7136
4835
7813
7157
19619
8481
19639
7193
6211
7871
7245
19711
19715
9898
4299
3970
7935
4636
7607
3981
6963
8002
4703
11300
19808
7366
7697
6384
9038
7437
5127
5166
5496
6486
9138
7213
6894
6894
20035
19807
6612
6946
6633
5004
6994
5372
5063
5428
5130
5468
5485
6819
5170
9793
9807
20042
8834
11506
7238
4939
3620
7250
2
3631
7592
4967
5631
4648
5647
6329
20200
6342
11315
7698
10672
20245
7381
7411
12026
9747
6478
4832
4839
20847
20608
20610
7493
8487
8170
6200
3572
5884
5889
8207
5904
10191
7555
84076
8242
2
8252
20464
7596
20714
20737
8297
8300
7641
4346
10974
3745
7063
20844
4437
7092
21134
15378
5810
20909
6831
4211
21957
5887
8204
5896
6227
6227
5573
4278
4610
5290
8262
9916
11244
21071
5672
10958
5688
4733
21188
11039
7415
8430
21220
21224
8436
4822
9449
7474
8465
21256
8833
10811
10491
21320
12820
3931
8555
21342
85949
21352
21359
21368
5289
21379
6626
6962
8951
7306
5657
21665
6650
8640
21180
6345
406
12955
21465
11317
6704
9033
5740
9042
7736
5761
9402
8083
4123
7758
5121
8105
21568
8124
4826
21327
21582
8141
7497
9153
5524
5194
7863
21647
8245
7595
7631
4011
7992
1069
21535
5374
5374
8347
8368
8368
8700
21569
8709
16610
5461
8462
9787
9465
21679
21934
4859
6212
5563
7213
12490
23231
8552
6250
4938
4286
22031
8920
4630
6289
21802
22058
8942
8298
7667
8011
9004
7025
8682
9346
7042
8043
4422
8720
5421
19614
8736
9073
22211
9121
6169
22269
22273
5532
4225
5584
3933
7573
11905
4002
6654
12922
9301
7677
7028
8350
17281
23712
6076
22246
7091
10066
5778
7429
5805
167203
11091
9445
5200
10165
5550
9517
10199
84349
6622
22711
8965
8647
9313
10308
11638
5713
11336
23061
11032
6118
22630
5811
9115
6153
22660
8494
5863
10489
8514
23205
22714
5916
7254
22764
7324
7333
6059
9065
6115
6129
5823
7476
3892
9503
4238
8227
8228
8900
3626
9575
5299
23386
7313
6990
4358
8661
10313
4744
8057
10369
8730
10397
8748
8752
7103
10421
7463
8456
12748
7812
4535
23841
168570
10480
8524
5563
5565
8228
23663
5602
23672
23931
23684
8611
14556
6975
87839
7313
6672
23773
23799
23814
10720
9756
9764
9783
8486
8502
8187
6215
6223
6233
5592
2
12227
5632
9598
13569
5981
9627
7977
9307
10000
8360
8031
10020
8370
8374
7409
8079
8082
4123
4123
16661
8420
23950
23959
7139
9120
9461
8162
9152
11821
8200
8541
9898
3
24364
8615
11920
8293
10938
9620
8632
12592
8634
6995
5677
10963
7999
10973
24418
13283
11991
7709
9047
9377
8392
8395
7739
7746
10062
9408
11730
8431
8437
11761
10441
8463
8469
8478
8506
13792
24599
12804
13134
24605
6870
8524
11166
24624
6891
24630
24630
12217
10580
4647
12910
6329
9634
24731
24734
24738
9647
8007
8013
8016
8360
6084
5431
8406
8425
6457
7456
6470
6471
14727
8796
11109
11116
8155
8817
24903
14426
6838
6839
12788
14436
8848
92236
7865
24945
8535
8535
17454
8222
24969
7902
12193
24982
12198
12199
8255
5641
24796
7640
8666
8686
8693
24867
14314
9041
16307
25159
19898
11070
8162
8174
8196
25293
10540
8232
6257
25319
6930
10892
7925
25340
10577
6636
6311
7963
4996
8298
7641
25382
7645
9317
25158
5714
9676
8034
25446
5738
5739
5746
8390
6742
25228
12361
25478
5771
9402
12391
25555
8476
5505
25579
7192
25342
6867
11490
7533
9847
7540
8220
6576
8248
9290
11601
7338
6700
6717
6719
9363
7391
7398
6104
8095
4808
7451
4816
10767
6808
6812
9462
6846
6852
12821
12496
6890
7571
94594
7612
7285
25768
12267
5014
5017
9975
12618
8003
8011
6083
7771
5470
8116
5483
14394
8126
5867
9180
5554
8860
7876
13168
9225
5942
6938
7949
4983
7956
8620
5347
14602
26658
15606
5710
4742
10402
8123
7134
19686
19043
12477
6876
10854
13496
6566
7229
7566
7566
7239
7598
7600
5302
12897
10924
7955
8618
5651
7961
10940
7650
7988
72
5022
5025
7666
5028
7674
6039
6041
8357
5081
7722
7081
7414
7422
7093
7094
8431
7452
4816
4158
4828
8156
13770
5199
13783
5206
5213
6207
13802
7538
8202
6887
13829
8242
6928
9237
8272
9596
7616
7293
7627
27278
14577
7318
9298
9304
72
9641
5362
11637
9337
7036
11001
8367
7386
6071
7401
7073
12358
9078
7125
7127
4819
27191
6811
7815
7494
4867
5541
5238
4911
6564
11199
14171
6584
5597
16817
5611
5615
5623
4305
71
71
7675
14611
7374
7708
5403
7714
5418
6414
5434
5441
5447
5451
6793
6805
4825
7142
7143
5499
12102
7152
6838
6851
6855
7522
7529
7529
7218
7553
7885
5247
7244
27629
2
5645
7295
5661
5665
71
76
5382
7042
7052
7385
9042
7063
14658
5416
9056
14348
7439
6458
9098
9765
7789
4540
5866
3223
9510
3573
6223
2
29
6638
15219
4671
72
85
4716
7359
7374
6392
4750
249
4767
7121
8121
7835
5868
6203
6214
5554
6888
5603
3623
9908
3640
5314
4660
6979
90015
6993
72
72
7002
5701
15279
7039
7078
28448
7080
5835
8496
6541
6541
5562
5587
5617
8920
3635
7954
4647
14241
6985
6657
6987
7333
5021
7004
7341
6023
8335
7353
7366
8026
3795
9769
4170
6819
4183
4185
6834
6849
7513
15787
5225
4889
7217
3913
4576
4929
6922
6925
5274
15837
4944
7277
5969
37323
11916
4975
6989
6670
4027
4029
7360
7362
7696
7709
4797
4143
16032
5153
6822
4844
6502
5196
6857
7865
5215
13243
5663
4343
5692
9991
6695
11982
3733
4719
3747
15982
3774
1145
5766
5769
23602
16352
7116
4484
4167
16753
3896
4555
5213
11509
3926
6582
5
20
95727
5637
55
6332
4349
92327
8325
13945
16602
29716
4063
4777
1520
1191
1539
17414
9180
4229
4562
5902
17
7605
7615
7626
4328
18203
7640
1704
6326
7652
4032
4371
1422
16936
1431
4726
7380
4410
3751
7383
30072
7721
6406
9385
5095
4122
8747
16341
9086
13052
4818
6810
7811
4180
4185
4522
17734
17736
21046
3889
5867
5871
174579
3628
5277
6
12
24
16215
4348
3367
9648
11958
8001
5032
5361
8007
5363
7357
4718
3401
3424
7400
5093
17326
4128
5446
3472
5449
3811
3816
16700
4497
4828
16714
4836
13763
4857
6176
4873
17421
5538
5562
17456
5580
6590
6940
6940
13215
21
1671
6612
4976
6309
6316
11937
6318
3716
7035
4735
7056
17638
4111
17984
4780
7439
5135
4816
6133
5165
18049
6164
3205
6170
6174
4552
6201
12812
13144
5237
13840
5917
3291
6253
6288
6616
6294
3344
6972
5333
10286
2041
10954
4692
5353
5355
6341
7001
11965
5364
5376
12967
97140
6415
6420
6751
4781
5442
4838
20361
8487
5519
5524
18406
2236
5865
2241
4902
18767
4917
5577
4921
18474
2
18480
1
4622
92360
16849
3982
18838
5636
4659
7295
5666
5679
4691
10974
5036
5700
4727
6387
5739
5101
6438
5791
6125
4152
6456
4153
6130
5474
6133
5483
4844
4532
4213
13487
18444
5913
4925
4619
31612
6616
4974
4646
5972
5981
4665
6648
18133
5682
6347
5390
5728
78279
31977
6076
19611
5424
6751
6121
5140
6791
4171
5818
13759
4525
20057
4880
4881
4894
5894
4906
5899
4913
6562
5908
5909
6904
9220
4933
6589
4947
5290
18758
19825
3986
3991
7631
5370
6030
5703
5045
5716
4069
14966
14637
4737
6395
5078
6098
8436
6784
7367
4829
275865
5179
4201
4862
5869
5214
11828
12826
5570
9550
6251
5594
6922
5605
4292
3962
4624
5976
4665
5024
5360
5382
5386
5060
16614
5069
5412
13668
32403
5104
5116
6440
5460
4807
5808
4830
9449
21006
11127
6214
6551
5567
5580
4925
5598
3951
4948
5292
5301
32612
5650
4993
5009
5019
12283
6362
5381
5053
5076
5773
5776
5778
5779
5783
19976
11728
5468
5469
4486
19667
9770
4829
5492
5516
4204
5207
17752
13804
5890
5567
5593
5280
14523
16175
5298
5307
4991
3
5
5983
5348
32
4364
14928
19892
5710
5726
20251
5402
4442
20636
1847
13403
4496
5496
13108
5519
4535
12159
5242
5244
19108
5594
12209
4634
4976
13230
20492
4994
4996
15
17
18
15267
20232
5068
5734
6069
6076
5090
4778
5441
20292
4807
5143
12740
5153
93987
6145
6148
5173
5177
11705
5858
13448
5868
5869
20394
16766
5231
15135
5898
5903
5272
5648
21160
4994
36
5014
5684
5026
95814
5695
20575
11965
5766
5132
5467
5470
515
523
20718
5548
582
10846
48816
5925
17160
650
21158
18929
5403
5406
34047
5426
5461
18338
827
34122
855
12441
22679
882
21011
5565
10865
12848
941
7254
10887
6010
20214
7368
13646
6390
1082
1113
7757
1157
15411
20946
1210
8851
6548
11538
2
7607
17525
10269
12885
35408
15989
1461
13054
6466
6467
7800
1534
21710
7541
1569
6572
14741
11207
2
14203
12600
17898
95521
13321
9390
13684
100394
27549
35106
22000
7816
97819
21028
35431
11529
102547
1982
22156
19526
22506
14572
11004
14645
8720
16643
9095
19006
7119
8137
9217
2301
7291
12573
7322
7756
13380
19036
10494
2553
7216
2577
10147
8560
19503
2662
12270
13606
17909
22867
23206
10691
13333
7648
8666
14346
17323
11378
21628
8698
2813
15980
8755
918
16132
7805
12512
8839
7830
8859
7856
23457
7867
8932
7680
17592
21248
7721
16963
21525
15667
36378
9014
18325
20352
9073
23674
8142
8149
9178
11218
8172
9204
17523
13235
3316
14237
16557
15576
17228
18567
8258
20558
8290
13589
17623
9321
8322
23926
9348
9351
9355
15032
8104
1505
17347
14048
9382
8124
8135
9394
8382
8388
11036
17965
14085
9407
9416
8408
8162
9449
24034
8448
9461
9463
8539
9485
9491
20142
18862
8971
8564
8568
8582
12644
8621
9642
8641
8402
8648
19661
9717
9753
9488
9759
15443
9773
8764
8781
8798
8803
9821
9822
14511
14182
9838
9844
3934
9860
24119
24464
17785
8637
8906
9933
8926
8941
8944
9970
9979
8725
9984
8989
10002
8995
10022
4121
10044
9033
10049
10051
9457
9467
10067
9060
14100
8825
8828
17408
10090
10109
100122
8859
4215
10138
9126
9136
10159
17175
14538
4280
10196
9232
9190
4302
9201
9206
8967
9216
9218
9228
10242
8988
8990
14598
9241
9250
9258
11982
10280
9269
9288
9293
10308
10645
10317
10322
9319
10396
10337
9088
10351
10352
10353
9120
9377
9390
54934
9411
9422
9426
9427
9427
9432
9434
101196
10454
10454
9442
9460
10485
9492
10504
10505
21465
10521
9516
10531
9527
18529
10562
9555
23170
9564
9649
9570
9573
9577
9580
10633
10638
10643
10645
10667
5695
10670
10676
20640
9667
9670
9674
10425
9683
10700
9713
23334
9734
9744
9746
9501
9748
5798
103479
9769
10796
10801
10808
10808
5838
10824
2
9818
10833
10856
9847
16481
10867
10878
9867
10881
9870
13926
9895
5962
10946
9937
9945
10972
10973
9967
9971
9971
10985
25899
101741
9982
11002
11022
17689
17370
17712
10045
11067
6103
11082
14131
11121
11125
11140
17804
10138
5242
1
16179
11178
10917
6218
23799
11204
10200
11218
10210
11233
10225
6268
18563
10244
6295
11280
10289
10298
10302
6341
11315
11322
11322
6355
10327
10340
11369
24648
10377
11398
10143
11417
23359
10409
11421
6450
23707
11440
11443
17796
6492
10474
20803
10508
6548
6573
10538
11600
25853
6636
11613
5724
16646
10638
10648
6696
16678
10417
6703
6723
6725
6732
6742
6744
5808
6748
11726
6757
11748
6781
10748
11765
11772
6799
6819
6820
6839
11823
6854
6862
11838
10826
16873
6893
10859
6906
10631
10879
20208
6926
6928
6929
10894
6940
11917
17595
26197
11950
11961
11964
11970
16650
6998
7003
17588
7019
12068
12018
11025
12039
7071
7078
7080
12073
12089
7119
7119
11081
23058
7133
7136
7149
18454
7150
17479
14176
7170
7175
16833
7181
10568
7191
266756
11153
11164
7204
7206
11179
7248
7271
12244
12965
7294
7296
7296
11272
7316
12290
7323
12302
7330
7334
16004
11325
7371
11110
20022
7402
7407
7409
16737
7415
7417
7431
12422
7457
7461
7463
7471
7473
7495
8252
7521
7539
8303
11519
7560
7591
7601
11570
11582
7627
7641
7648
11610
7652
7653
7661
18987
11675
20345
7724
12702
7738
22346
18721
7763
7763
7766
21714
7772
7775
17760
7784
7788
12768
7797
7803
11781
7823
7828
7828
7847
7855
7883
21502
7900
11864
7903
7925
12903
7935
7940
7943
7949
12925
7954
7957
7963
7964
7983
7985
7987
7994
8000
8002
8003
8005
8013
11976
13031
8058
8062
8063
8072
8075
17398
8078
8079
8083
8086
8087
8835
8105
8137
8141
8164
8167
15179
8170
8176
8177
5305
8186
16872
8218
8231
8233
21524
8242
8242
13216
8248
8256
9009
8293
12259
8300
8304
8310
8315
8317
8338
19644
8341
13320
8349
8350
8352
7430
7458
8403
8405
8420
8426
8434
8436
20075
8451
8452
28018
1687
7548
8507
15190
8508
8535
8550
103554
105520
8580
8596
8598
8604
2428
12587
12012
8633
16632
8663
8698
23301
8718
8730
8732
8740
8796
8877
8900
8921
8923
8928
17597
8961
18943
8975
13973
9032
9032
9033
9041
9043
9053
12442
9071
9092
9093
9098
9108
9128
9143
9145
9149
9149
9163
9182
9192
26772
25129
9263
9290
9297
21288
9382
9387
19043
9446
2
14210
9509
9555
14391
9715
19377
6209
108931
9788
2
17814
9873
9949
81754
171
219
82816
29634
10080
9183
10134
19471
10150
13560
14159
54
8990
21542
21272
14117
22186
106531
6996
3045
27015
23087
11141
1169
21659
16342
322
26723
7920
15210
50
11564
123
112066
31212
20359
21349
26979
1626
692
44
58
190
205
12005
226
109717
262
300
4
361
361
109120
113800
17264
473
18967
17347
549
12435
603
8
8
18512
60
18247
22936
14372
11728
23383
14
25
26
1374
109798
1129
1506
82814
82819
82819
3
11
53
6575
61
65
5924
6634
19980
24675
271
287
1303
311
6184
3
18812
4
23791
25130
6908
12576
6928
465
20295
7018
6358
6393
7098
603
1283
7164
7167
7193
684
7217
7219
25796
7243
7274
6619
5394
6732
7415
6760
6762
7428
967
1633
6839
7510
6
8
9
7518
7557
58
59
68
6940
7607
6948
7612
5672
7062
7075
7080
7082
242
18071
7759
7099
7762
7770
14461
7782
7126
21069
7128
282
7791
7149
302
7159
7167
7179
4
7843
7849
7196
25
7203
28
7868
7214
7876
7224
7238
7905
7249
7914
7917
7921
7943
7944
7291
7956
7958
7958
7963
7303
7971
7980
7987
7326
5688
7341
21285
499
7349
7359
7365
8029
7378
8046
7390
7393
548
6085
7406
7408
8092
7434
8097
8105
8105
8107
7456
7457
7457
8122
8129
8132
2951
7491
7493
8164
8171
7511
7513
7516
7520
8188
7541
8205
7547
7547
7549
7549
7551
7556
708
7563
7564
7572
7589
7591
8252
7593
7593
7595
7598
8259
7599
8261
18581
7612
8276
7619
7627
7628
7633
8298
8300
8305
8314
6008
7655
7655
7658
8325
7666
7672
16669
8341
7684
7684
7689
7690
8351
8362
8371
8378
7723
7726
6413
7734
7741
7745
7747
7749
7751
8412
8413
7752
7759
7763
8432
7771
6123
8433
7782
7785
7786
7787
7792
8461
8467
8469
7810
8488
6516
8491
8
9
8497
7842
8506
8511
7853
7858
7863
7868
7873
7880
7881
8545
8547
8548
1039
6578
7890
8562
7902
8565
8570
8579
7922
7927
7927
6621
8594
8595
7946
7957
7961
7964
8628
7977
8643
7989
8651
7994
6346
8662
8663
8663
8002
6692
6368
8015
8677
8017
8693
8045
8045
8049
8058
8726
8071
8734
8077
8741
8741
6438
8086
6778
8092
8092
8754
8097
8100
8106
8107
8129
8790
26
8791
29
8135
8796
8141
8142
8144
8817
8156
30689
8168
8173
8174
8190
8192
8195
8197
8204
8207
8211
6905
8891
8239
8254
8256
8917
6950
8263
8263
8264
8265
8265
8269
8273
8934
8273
8280
8284
8959
8968
8309
7001
8313
8314
8316
8324
8328
8330
8333
9001
9012
7037
8357
9041
8384
8388
9050
8390
8399
8402
8403
9064
8403
8404
8406
8408
8408
9070
8412
8412
8413
8414
8417
8421
8430
8434
8437
7126
8438
9104
8445
9107
9109
9114
6804
8459
8460
9123
8463
8463
8465
8483
7173
8487
8488
8490
9166
9172
6864
7210
8526
8527
8540
7225
8544
8546
8546
9208
8552
6911
8560
8563
7250
8567
9229
8568
7259
7256
9237
8580
8598
8602
7292
9266
7299
8610
7306
7308
6973
9286
9288
8633
8634
9296
8637
6991
9299
9301
6996
7336
8653
9315
8655
7343
8665
8667
8668
7359
9336
9337
8685
8685
7388
7390
8702
7391
9372
7402
8714
7403
8715
8715
8718
8728
8730
7423
7419
9398
8745
9408
9414
7440
8764
7456
7121
8771
8771
7456
8776
9442
8784
7472
7478
111780
7486
8812
8812
7502
7175
9485
7515
7512
7518
9493
7520
9505
113542
7539
7201
8854
9517
7215
7551
8862
7553
8865
9528
7218
9528
7225
19849
7568
8880
9552
8892
7578
7583
7579
7584
8896
9560
7254
7587
7589
9567
8914
7603
7605
7608
9589
9590
7615
9598
8944
7630
3095
8965
7657
7664
8977
7668
7674
7669
7680
8994
7683
7345
8995
8999
7694
7366
7707
7710
7713
7709
9695
7725
7726
7722
7728
9039
7394
7398
7400
7405
7755
9067
7754
7756
7766
9739
9081
9743
9083
7435
9747
7439
7441
9753
9092
7781
7453
7787
7457
7798
7795
7462
7801
7800
9117
7470
9121
7811
7476
7809
7816
7817
9128
9129
7818
9129
9794
9135
7826
7823
7828
7829
9801
9802
7832
7834
9807
7836
9148
7842
7505
7838
7505
7506
9156
7509
7848
7844
9824
9163
7517
9168
7853
9170
7523
7858
7527
7534
7868
9190
9856
7546
7884
7548
7549
7550
7550
9201
9206
7892
9209
7563
7899
7566
7906
7571
9219
9220
7575
7579
9230
7586
7922
9234
9895
7591
9243
7933
7596
9247
7934
9913
7943
7940
7951
7952
7955
7620
7954
7959
7965
7967
9279
7966
9284
7969
7974
7641
7641
7639
7646
9298
7989
7986
7993
7996
9308
7667
7673
7679
9331
9335
9337
7688
7689
10000
8033
8028
8029
8031
8044
10018
9358
8043
7710
9362
8052
8048
9365
8056
7719
8053
9369
10038
8068
9379
8066
9386
7739
7742
7750
9399
9403
9403
9403
7756
7758
7763
9413
8102
8098
8106
7771
8107
7776
7776
9428
8113
9429
8118
7783
9434
7786
8121
8127
7789
10100
7790
9440
8125
7794
7798
7798
7805
9460
7815
10126
7821
8157
7822
7821
10131
113677
8162
7827
8157
7831
7828
7831
7831
9480
9481
8174
8169
8177
9490
8175
8181
9494
7845
8183
8191
7855
7858
7860
8199
7863
9517
9519
7872
8205
8212
7877
7878
9528
7879
7881
9531
7885
8224
9535
8220
7889
10198
9539
9545
9549
7903
10215
8247
9559
9560
9561
8251
10224
7918
9570
7921
8265
8260
2
7931
9580
8272
7935
8281
8278
10257
7954
7955
7955
8291
7958
8294
8300
7971
9619
8304
8309
8305
8311
9627
8317
7979
8321
7988
9634
8324
7989
8321
7993
7993
10306
9646
8330
8333
10312
9654
8006
8018
8021
8357
9669
8021
8025
9674
8026
8361
8033
10346
8039
8043
8043
8048
9695
8380
8386
8388
8057
10368
8393
8396
9716
8071
10382
117398
8077
10388
8079
8419
8416
8420
8425
10399
8427
9740
10401
8098
9747
9751
9752
8105
8108
9757
10419
8110
8111
8445
8114
8453
8448
8456
8119
9769
8121
9777
8461
8462
9782
8475
8142
8143
8481
8145
9803
8501
8496
8164
8164
8498
8169
8509
8519
10491
8182
8185
3
8188
8526
9840
8194
10505
9846
8199
8206
8545
10517
8207
10522
9863
9863
8548
8220
8224
114816
8570
8567
8241
8242
9892
82820
8245
8585
8583
8585
8252
10563
10564
9908
10573
8263
8599
8267
8269
9923
8613
8279
9928
8285
8284
10595
8286
10600
8629
8294
9943
10610
8643
8646
8652
8656
8668
8337
8672
110667
9988
8340
10655
8348
114938
8353
8352
8354
10005
10021
8711
8713
10025
8717
8382
10030
10694
8388
8386
10045
8739
10050
10053
8411
8745
10061
10063
8754
8435
8435
8437
8775
10748
8776
8444
8449
10760
8450
8792
8462
8466
10115
10782
8818
8820
8484
10796
10138
8830
8830
8835
8835
8846
8516
8851
8521
8863
10176
10847
8881
8549
8549
10199
8891
8553
10209
8563
8569
8905
10223
8918
8591
10247
8936
8937
10251
8940
8603
8609
8606
10256
8948
10922
8963
8627
8631
8636
8638
8643
8989
8993
8995
10313
8667
8667
10989
9018
8680
8685
9018
9027
8689
9024
3498
8700
9036
10352
10356
8711
9051
9055
8719
10376
8728
9070
9079
9076
8748
8749
9094
9094
21380
9101
11074
8768
8767
8768
8774
9106
8774
8784
8794
9132
8798
8805
8806
9141
8820
9163
8837
8836
9171
9171
8841
10490
9182
8846
8851
10516
8867
10522
114239
9216
9223
10535
9225
9225
8889
9227
8896
8899
8897
9237
30449
10567
9259
9262
9260
29141
8933
113573
8953
8956
8957
11277
9304
8974
8974
8976
8978
8980
9314
9324
9326
8990
9328
8991
8993
8992
8993
9334
9330
9011
9015
9358
9358
9367
9038
13402
9042
9043
9384
9056
9397
10710
9400
9071
10720
10720
9409
9409
9087
9419
9424
10742
9098
9437
9109
9449
10761
9448
9120
9452
9458
9462
9129
10779
10779
9137
9476
9474
9148
10821
9177
9514
9190
9535
9204
9538
9554
9223
9562
9232
9235
11548
9578
9255
9269
10928
9616
9284
9296
10963
9652
9325
9327
9663
9338
9344
9347
9348
9351
9352
191
9692
9694
9695
9360
9699
9705
11679
9372
9380
9385
9389
9727
9404
9403
9405
9406
9408
9416
9756
9756
9428
9769
9771
9437
9777
9448
9784
9780
11100
9457
11107
9804
9467
9805
9804
9809
9481
11127
323
9486
9489
9827
9493
11144
9497
9499
9501
9838
9513
11824
30058
9854
9522
9527
9877
9544
9544
9883
9890
11213
9569
9568
11219
9907
22198
11890
9919
9936
9608
9614
11266
11266
11928
9618
9627
9635
9653
9672
10013
9683
9694
9696
10028
9707
10058
10058
9733
86
10076
10076
5446
10079
10080
9755
9759
10094
10108
10110
9781
9787
10122
9792
10130
10150
9816
10156
9819
9828
9834
10168
10189
10197
9865
10204
9874
10216
9900
9906
10244
9915
9919
9923
113342
12268
9988
116597
10017
10015
10354
10021
10032
10381
12355
10390
10396
10069
90768
11721
10084
10085
10457
10127
10469
10140
13845
10479
10153
12489
11834
10531
10199
82822
10536
11874
10587
10253
10583
10616
10296
10303
10330
113251
10344
115716
10690
10378
10425
10431
10776
12133
10516
10523
10873
10549
