8861
9199
36
36
9201
38
38
9220
9231
8254
9248
10245
8279
8282
8934
8938
7974
7639
9303
10962
10650
8664
9350
31147
9362
8708
9372
8053
8392
9383
9385
9385
7745
9413
8437
10080
6786
7775
6795
29259
10440
9457
8805
9468
5515
11130
10465
8497
9488
9493
9500
8847
10162
10838
9179
11166
7860
9184
9523
6884
8541
10185
36
37
38
6569
40
42
44
10546
6956
10255
6963
8945
9606
6967
9621
6984
9630
6991
551944
9310
11313
9332
9668
7034
11980
9351
10350
7054
9363
8044
9700
6774
10395
9412
7111
569
8452
9111
8471
7162
7176
9163
9832
9515
6573
38
39
39
39
41
42
10873
6924
7252
8242
7258
8248
6950
8266
9589
9922
10596
8962
7316
9659
9018
11000
7051
2076
9699
7393
6417
9386
7423
10066
9734
8418
9747
8463
10773
9465
6851
3
10812
5574
9534
39
40
40
42
10203
11540
6258
9558
7599
6284
6629
9296
8969
10303
10305
7676
7385
10349
11340
9374
7397
9709
8760
1256
7781
7139
7477
7482
7820
7504
1
10168
7219
7872
6897
12173
41
41
42
44
45
10544
7913
10233
7284
10580
7966
11277
19545
7003
7338
7665
7666
9313
10302
7026
8014
10657
8020
7052
8036
7719
7067
7749
7427
7438
553038
7444
8102
7127
9434
9461
10459
7510
10798
10801
10804
7519
8168
7187
10821
7859
7536
7541
7541
7543
9848
7549
7228
8213
7569
7569
826348
45
45
8220
47
7576
49
49
51
7579
8236
6602
9894
10889
7612
9247
12232
7621
7623
8271
8274
7974
7652
10285
7672
8325
9989
9325
9996
8029
7711
8363
7736
7737
10695
7757
7428
8090
9740
9405
7440
11081
7465
7800
7810
7145
11108
7152
8149
7495
7832
5516
7508
7508
7844
8172
7851
7520
7520
8502
8505
11149
10164
11169
7552
7890
7557
7559
7894
38
38
38
39
40
10525
42
7579
8564
7583
7586
7927
7596
7261
8259
8588
7618
11253
7632
7967
7969
8615
7640
9608
7646
6649
7659
8646
8338
7346
8344
7686
7690
8673
10661
7701
8040
8372
7719
8704
7724
7728
8390
9702
7734
7741
7411
7418
7759
7423
7765
7431
8766
8133
8457
7463
6806
8467
8147
7477
7482
8488
7831
8168
7501
7840
7186
7197
11147
7522
7525
7866
65625
7871
8545
8868
36
37
38
8228
40
41
44
7900
8238
8239
7910
7912
8895
7919
8580
8903
8907
7951
7967
8631
8644
7337
11615
7658
7998
7661
7663
7663
7670
11296
8676
8357
8023
7030
7694
7035
9023
8042
7392
8704
9027
8048
7747
7747
8420
8085
7437
7098
8097
8097
7767
8440
7768
9089
7777
9096
8776
8777
7795
7797
6814
8811
8155
7818
7500
7502
9137
8160
7823
7509
7510
8168
9151
7834
8508
10481
9162
7844
7527
7544
7548
6884
142186
7212
8216
37
38
38
39
9204
41
41
31656
8225
44
7229
6914
8241
8577
8248
7595
7260
8262
7930
7613
7270
7615
8272
7943
8282
7630
7630
7951
7291
10262
8296
8299
8959
8305
8318
7982
8655
7983
8986
7992
7999
8339
8008
9329
8352
8355
7702
7369
7716
7373
8713
8714
8048
8050
7738
8061
7095
8757
7769
9407
8089
8432
8098
8101
8775
8109
8116
7460
8461
7811
8473
12098
4889
7827
7830
8485
8827
8166
8512
8183
8188
8189
7873
7530
7210
9193
8874
8876
38
38
38
39
40
42
45
46
8222
8896
7566
9229
8907
7583
7928
7586
8599
9584
7614
7625
6636
9286
7634
8296
7979
7982
8977
8306
7000
7327
8315
8319
9328
8675
9012
8025
8027
8685
9668
7366
8690
7374
9355
9681
8709
9051
7070
9056
9705
7418
7420
8089
7426
8101
7760
9423
9426
9108
8773
9761
8131
8798
7801
8147
9139
66565
9146
8163
7821
7830
8494
8832
8178
9494
554774
7522
7528
7858
8206
7540
9844
7867
9524
8214
7229
8876
8541
37
37
9214
38
38
39
40
40
9864
41
9544
44
8235
8901
7257
9566
6264
9568
9893
7594
7596
8586
9582
9260
8592
8602
7943
6628
9927
6634
7952
9932
11914
9296
6971
9621
7643
7971
8971
7650
9315
8329
9321
8993
11955
8001
6027
8007
9016
9351
7370
8364
9676
8026
9361
10008
8030
12323
9036
9372
7724
7725
10028
10030
9710
9053
7407
9055
8060
7738
7741
9722
11370
7420
7747
9076
8739
9415
9081
9093
7448
8099
7775
9099
7777
8104
9440
8107
8108
8110
8458
7465
8120
8786
9461
8128
7808
8135
8481
7494
1589
9145
7503
8816
7507
9156
7838
7839
8166
7843
11804
7522
7848
9833
8839
8523
8181
9180
8188
8189
8191
7545
7546
8863
8546
9204
9865
8209
9544
9209
38
38
38
39
39
40
41
41
45
8567
7576
9231
6918
8237
8581
8906
8598
8254
7934
8919
7935
7268
8924
7941
8265
10244
7945
9278
6026
7641
8291
555222
8954
8639
9293
7978
9960
7312
7660
8973
7663
7666
7005
7999
8671
8005
6686
8335
8338
7347
9680
8023
8024
6372
8694
9684
9351
8029
8365
8367
7376
7726
8054
8725
9045
8386
10045
9052
8396
7748
9396
7750
8403
8079
9070
7761
7422
9076
9077
7424
7769
7774
8775
9430
8434
7786
8438
7448
7794
8121
7796
7798
7806
9457
8803
9460
8467
7819
7475
7479
8817
8150
7483
8826
8162
9484
7174
6844
8492
8168
8843
8177
8861
8196
7871
7528
8865
7532
10506
8527
8210
7887
8537
37
38
38
41
42
8222
8223
44
9209
9547
7901
47
9216
52
52
9894
9229
7922
7578
8254
9581
8583
9248
8595
8944
7288
8284
9271
7620
7972
9630
8978
6046
7991
9639
9975
7653
9309
9985
1774
9317
7348
8016
7354
10007
9348
555621
9353
8050
8379
9049
7390
8707
7395
10045
10049
8725
7739
7739
8735
8088
8093
9412
8103
7761
7761
8105
9103
8113
8763
7775
9118
9118
8452
10436
9128
7794
7795
7819
7496
7821
9160
8817
9163
8174
9823
10161
7839
6247
10171
8189
9837
8514
9185
1637
7858
8205
8205
8209
8859
9858
9206
8863
8214
7223
8222
8871
8222
39
39
9871
39
39
41
8227
42
42
44
47
8233
9883
8561
8888
8240
8898
9897
7583
9897
8250
7253
8907
8909
8586
9572
8596
9581
8276
6951
9598
8612
11906
8617
7949
8943
429
9607
8628
8639
7649
8975
7333
9642
7672
7995
7344
7686
9346
8014
8017
9013
9014
8365
8691
8377
7052
8038
8385
1826
9699
7391
8048
9049
7736
8404
1193
10057
7082
9722
10065
10065
8748
8751
7434
9427
8091
9085
8092
8094
7110
7451
8108
8108
9101
9762
11082
9104
8456
9450
9106
8782
10768
9459
9780
8803
7817
8811
7158
8149
8821
11126
7834
9497
8829
1
10157
9162
9507
9507
7185
7517
7517
9514
9174
8525
9835
8530
1971
8535
8535
8867
8201
8550
1340
37
38
38
39
40
8555
41
8213
43
9551
46
10210
6633
8577
8236
6970
9235
10570
8591
7595
7927
7606
7609
8265
8610
8953
9279
7972
8308
7985
7324
7661
8324
8001
8671
8328
9665
8014
9680
9680
8022
9692
8356
42039
9027
9039
8050
10368
7725
8725
8058
8063
10042
7124
9728
8069
7741
10063
8411
9404
8089
7761
9415
7769
7440
7444
7448
7780
10426
8439
9119
6216
9120
7468
8130
10108
9123
7475
7484
7486
7208
8478
11129
7215
8832
9481
7509
7511
2
6265
9173
7527
7246
7858
7528
7529
9515
10179
7260
8534
9528
7884
39
39
39
39
7555
39
40
9211
41
45
47
6953
9547
8900
9551
7903
7582
8917
7313
8583
7933
8940
9592
10595
9946
9604
9606
8957
8618
7635
9958
8972
9967
7979
8635
9305
7370
9979
7987
7988
10304
8330
8010
6736
7401
7401
7687
2132
9669
7410
7082
10025
11016
9360
9366
9368
8046
7721
8387
8057
6783
10053
7449
8395
6487
7740
10716
9394
7128
9720
8404
9072
9074
9724
1210
8735
8083
9407
9740
10403
7766
7768
7770
7490
9427
1567
6529
7497
9109
9761
7783
8769
7502
9118
9126
7517
7799
610
2568
9782
9459
1924
8796
8797
8475
9467
7813
1605
7821
9800
2265
8811
8812
7827
10803
5910
9484
9812
1635
8507
8513
6610
0
8196
9195
7256
8200
7590
9203
11189
8209
7268
38
38
38
39
39
9215
40
9540
41
41
44
8878
9223
9549
9549
11209
11210
7620
7903
9884
10229
8571
10240
11875
7645
10249
9914
7329
7661
7672
7673
8290
7347
10608
7024
2413
7697
7699
7037
11296
7996
9979
8668
9985
9664
9665
7732
8680
9003
2139
9678
2145
8032
11009
10018
2807
10686
7113
8389
9714
9715
9719
6826
8740
8741
7467
9065
7470
8416
9416
9072
10072
9423
9427
7487
8442
8443
9443
2234
28253
1909
9450
8123
8786
8456
10449
7515
8460
6887
8138
11116
9127
9136
8153
8485
1947
1624
9147
8162
8824
9147
9828
6928
7897
6932
7240
7908
7909
10839
11181
8874
38
38
38
40
43
2010
47
48
51
7284
54
11207
57
10213
9890
8237
9567
7626
9900
7304
7968
9904
10573
9582
7641
9910
8589
9914
11571
7980
8263
9921
1730
10590
9601
7660
7329
8606
7670
7678
8292
9951
8307
7697
7066
7706
9306
801
2115
7713
7715
9662
7090
28475
9996
9328
9678
9017
8083
7424
7757
8370
9710
7138
8389
1859
1860
9730
8122
2201
9743
10737
8134
9404
8140
9411
9755
10405
2219
580
7186
1575
9102
9770
7831
9431
10770
7838
2246
10435
9123
7519
10120
9800
7229
10133
7869
7235
8205
10466
7545
8214
8215
2620
9167
8226
8229
8230
9506
8860
8249
156712
9522
1675
7288
38
38
38
39
39
41
41
42
43
8267
1358
44
45
1360
10529
48
7306
9548
9552
7318
9901
9238
1715
8297
7331
7334
7976
7978
7980
9580
7982
8315
9259
1743
11248
10267
7364
7366
8625
2089
1435
2420
1770
8021
9622
8640
10619
8361
10623
9634
9315
7403
7708
7404
7060
7711
9642
8383
9995
9003
10330
7426
1814
11317
9668
7433
2149
8074
7742
8693
10349
2159
8698
9033
9689
8423
8424
9692
10366
1530
10705
7785
8733
1542
7789
7142
7487
9724
9082
7505
2552
8156
7827
1591
7542
7544
8182
7855
8805
7214
1949
1622
7564
10471
8206
2286
7231
10481
1641
8836
7894
8229
8843
1652
10821
8844
7599
7908
2316
10832
10185
7608
7611
11183
9849
7619
8869
9854
8869
39
39
39
40
40
40
42
43
43
8596
44
1358
45
2020
7288
49
9551
2028
9878
7956
8619
7652
7655
2369
830996
9894
7965
9241
9243
9244
7665
1725
9581
10250
7004
7671
10904
8313
1743
2402
8945
9612
9950
1444
7370
9296
8022
8691
2115
8365
7728
7390
43657
9979
10323
10648
8714
7405
1480
8060
8061
1816
8725
8397
7418
7097
10677
7429
8413
2818
9358
2493
9030
8086
1843
1520
6429
7796
8767
7801
11031
9717
8775
8444
7808
7464
9392
9395
10055
8126
7825
572
8468
7832
7833
8815
11424
2897
1919
8832
9445
9778
2912
7527
6833
7876
8183
8849
10786
9134
6842
7546
7893
8870
7558
9154
8541
7564
7250
8231
8232
7929
10510
10847
1675
7947
8584
9528
7281
7951
1682
39
39
40
40
9205
40
1685
42
43
43
45
7960
45
9211
7962
2364
1707
1708
2694
7983
9239
2054
7650
44244
6633
10583
8642
8010
2726
8018
8019
7354
8994
8028
8668
2098
2111
8691
8057
9638
2771
9976
8702
810
2779
8371
9042
8714
11311
7421
7422
30795
9673
7748
8733
8096
2487
7060
9685
9074
7762
7065
8109
9081
10031
8124
8430
9378
1858
9717
8446
9393
9111
8145
9397
8151
1553
8154
10391
1886
8157
8466
9413
2550
7819
8167
1571
7826
8481
8176
9756
8177
9759
8181
7517
7844
1592
7850
8195
7153
9164
10108
10445
10122
1943
8855
1948
2609
9472
7877
1624
157271
8227
9809
8231
1632
1962
7193
10471
7904
8251
10841
9237
7612
8282
7939
9255
9542
9874
7627
1696
2026
8305
7964
9279
6956
2062
10570
8972
8980
1754
8991
6994
9609
8361
447
2427
9006
3085
8029
8030
9352
7720
8052
7731
2140
9983
9042
1812
9386
7383
9680
1833
7391
11014
8740
9088
9093
9427
9434
2199
8776
7434
7821
8493
7450
9466
8500
8502
9479
1927
2591
9506
8540
11447
7501
9520
7190
6864
6864
8561
7896
10477
7904
10818
7542
2330
9851
9868
2682
3015
7961
8289
2043
9895
9897
2380
8654
11569
2068
2084
8993
7324
8690
7647
10301
8724
7685
9369
7690
9043
11650
9055
7391
3145
9073
8773
8111
9083
8434
8787
2516
8443
9430
11028
9432
9763
8801
10382
69794
10387
11044
7447
9122
9455
8167
11071
9475
1916
9811
7801
7480
9835
71229
7225
9558
9560
2010
8938
1683
7579
9583
2349
8607
7917
8961
8294
8294
2368
2374
8980
10233
8317
11565
2064
8325
9963
7632
9641
9646
9014
7972
7323
9021
9023
7980
9023
10274
8679
9024
9024
8679
7329
8682
9030
2105
7996
10619
2115
2450
7361
8394
2142
9081
7389
8746
8439
11021
8068
10691
9112
2521
1539
9125
8093
2211
1883
9139
2543
7789
2562
10412
11399
2238
8128
9175
9813
2252
2254
10762
9488
7493
9188
9498
8529
2597
8859
8538
2615
8175
7523
10491
8583
9259
10228
8217
8596
8234
11861
2684
7926
9301
9320
9963
8289
3062
9336
8992
2415
9344
7983
2424
7986
9356
9012
10327
10939
9664
10327
9664
2762
9362
10943
9365
9673
8008
2117
9681
9380
10965
1800
8028
9394
9395
8354
7702
8354
8035
8358
8359
9404
8744
9069
7724
10058
2495
8761
2172
8387
8764
9087
2178
10075
8401
301377
7758
1210
2857
9463
2212
10111
8809
146365
7784
8436
8814
10121
1241
9795
9492
10129
2236
11075
559657
8461
10142
10759
1923
7815
9514
2261
9518
8479
7828
8164
8165
9530
7847
9203
1319
2967
11156
2321
9237
8541
2332
2989
2335
1346
11506
8551
2673
2676
1697
2029
8575
2693
2041
8273
2713
8600
8607
10902
3088
9999
2771
1783
1457
2125
8020
9719
1148
9380
2140
8689
72389
10055
9421
2512
8407
2190
9787
9788
11374
1558
8439
3206
9139
8447
9813
10457
1581
9826
2243
2248
2581
9841
8156
2269
2268
8815
8494
9208
2294
2302
9889
1
9224
2
8533
9899
9232
8207
9237
10879
10880
8224
1361
8890
8244
1695
8245
2690
8262
2048
2058
9978
1411
45912
11247
11579
3075
441
11600
45939
9681
2116
9686
11002
3112
9374
3120
2810
45983
8373
1835
9040
8389
9425
1855
8738
2519
9439
8742
9442
10418
9447
10754
8422
2536
9081
2541
2212
2213
9092
2225
560315
9115
833496
10804
2915
2590
2590
9134
2265
9140
9521
9150
8504
3272
2948
8511
1961
1633
2298
8522
2305
2309
2666
2338
8891
11248
3331
10566
11258
11260
11262
8577
2032
3022
11269
2035
10282
3028
8926
9948
11285
11285
11544
9630
11294
3049
11298
2731
424
11319
9986
46582
2092
2427
117
2112
10362
2775
10035
10385
9348
10393
2147
10048
2479
9728
1492
2152
9730
3144
2156
833744
9368
2505
11388
10425
10433
536
2520
2529
2226
9809
11445
3226
9441
9119
10140
10148
9846
833852
2611
2625
2306
663
10220
9208
2659
9210
10578
10596
10605
3024
2698
2043
10626
2715
2729
10973
2424
2427
3419
1783
1786
9001
3120
9342
10365
11964
2141
3143
1829
3483
2506
2176
2180
1858
1870
1877
9089
3200
11756
3225
9451
2913
2588
2589
3252
1950
1956
1628
2619
1634
9178
12453
2629
1642
2644
2645
2320
1666
2663
9874
1690
10925
9237
9901
9255
1726
3382
3053
2729
561146
2745
9301
772
1763
9961
2762
2767
3759
9980
3111
1791
2456
11999
2791
9342
1804
9679
3130
2471
2473
2808
2816
2816
2818
11074
2831
3163
147968
1191
10421
9737
3190
2535
2866
1877
3861
2872
3210
1563
575
2894
2234
1912
9782
2244
3238
2912
3242
1936
2926
2597
2943
2944
10846
1964
1964
980
1970
2635
9515
2968
2970
1999
3344
2024
3674
11268
1051
11282
3040
3040
11295
11300
3391
11310
3065
1087
2738
561472
11325
11333
11335
11334
3096
2768
3101
2778
3115
3118
3118
3126
10705
10010
2146
3137
11394
3478
2492
11407
2836
10371
11070
3502
10374
1198
2188
3184
2197
1880
2213
1227
3539
47719
9779
1255
1253
4223
10125
2256
2276
3285
2626
1965
11843
3297
2316
2648
354
3000
12216
1689
11592
2366
1718
2047
1729
3382
1420
2416
3740
3748
12654
3096
12665
2114
3766
1142
12688
12693
12694
12699
3465
10016
2149
2816
2159
4147
11068
12727
12727
12729
12737
10708
3508
2187
3519
2211
2883
3221
1580
3571
1596
11822
47740
3262
1624
2282
3620
1971
3624
2305
3630
2317
3645
12898
2693
2047
1725
2381
2383
11956
2401
2415
2087
1760
1791
2135
2142
1814
2147
3148
2169
1842
1850
2185
10385
12395
2530
2207
2541
48032
3873
2226
1911
2571
2582
3575
3918
2612
1961
1963
2295
1638
1985
1995
2334
2016
2017
2030
2370
12273
2725
2741
2086
2088
2103
2117
3776
2462
1817
12402
2507
13047
12416
4171
12423
1869
12429
12434
12444
12448
12449
2558
12461
4223
3235
3908
12486
2272
2960
11174
2316
2321
2981
2681
2683
2367
2368
2702
2704
2389
2721
2744
11978
3080
3096
2782
2464
3129
3809
2161
11707
11711
2537
2876
2877
3247
2263
2277
2296
2959
12188
2966
2972
2324
1348
2326
2329
2335
2995
11859
2355
12920
12930
12936
12937
12938
149828
12946
12967
2411
12974
12977
149884
2443
2784
957
14025
14026
149939
3
13061
13066
2513
13076
2850
14068
13080
14071
13087
14076
13091
2534
14082
1878
14094
2552
14098
2562
14109
14109
13124
2570
3241
2589
2595
2614
3276
12527
2640
2641
2324
1686
1085
2681
2686
13263
2729
2730
13291
2079
2742
2757
3087
2758
14312
2436
2110
2777
14335
2796
14345
14346
14350
2150
14363
2161
14369
14371
1
2498
2833
13391
14381
2178
2839
14386
2182
1263
2852
2529
2866
2209
2873
2880
2884
2563
1915
3227
2897
2569
2900
2573
2904
2904
2914
2922
2925
2939
2941
2282
2615
2287
2950
2954
1671
2303
2634
2639
2977
2652
2653
2984
3000
3005
3017
3348
3019
3019
2361
75233
2703
3039
2714
1157
2387
2725
2731
3061
3066
3075
2746
3078
1191
2100
3091
3116
3131
2807
2488
4143
3175
2517
3182
2867
2544
3221
2568
2899
3233
1658
2587
3251
2274
2601
3262
2603
2939
2946
3286
480
2326
2648
2979
2981
2983
2987
3992
3337
