78
8025
5738
2799
3798
7106
13390
2624
3
3
3
3
3
3
5
5
1343
35
391
66
105
124
150
6507
2930
484089
3
3
3
3
3
3
4
4
4
8
47
10952
3448
2147
9740
4206
584
278
3
3
3
5
5
6
8
12
12
19
25
25
30
45
86
763
105
445
2
2
3
3
3
3
4
5
5
6
11
12
10926
60
64
64
70
100
1751
137
3118
523
2873
10811
10890
3
3
3
3
3
3
5
5
15
16
17
678
29
45
53
69
83
5082
7417
10837
7214
3
3
3
3
4
4
5
5
6
9
40
4672
8710
179
532
3
3
3
3
4
4
5
6
10
12
12
17
19
26
33
60
7668
5706
474532
140
4208
1292
474715
3
3
3
3
3
4
5
5
6
7
12
6633
34
2718
81
105
1554
10802
3
3
3
3
4
4
5
7
12
19
22
12603
73
1755
5064
781
1130
826
3
3
3
3
4
4
5
5
5
8
13
16
19
20
41
1377
720
5038
10868
3
3
3
3
4
4
5
5
1655
11
14
19
19
10909
29
40413
49
4018
62
7339
70905
69850
3
3
3
3
3
3
5
5
5
7
12
46373
10934
56567
40585
3
3
3
3
4
5
16
17
18
19
19
25
47
49
5678
403
1726
535
1894
4937
2
3
3
3
4
5
5
5
5
338
12
36
1721
146
1227
10802
7897
2
3
3
3
3
3
3
4
5
6
12
13
18
3
3
3
3
3
4
5
5
7
12
14
16
18
20
48
521
3
3
3
4
4954
5
5
9
9
10
15
20
20
20
26
32
32
47
48
66
9029
5480
3
3
3
4
4
489410
5
5
5
7
8
18
23
24
37
75
8031
1238
7851
3
3
3
3
3
3
3
5
20
58
3032
130552
6127
881
229531
10870
3
3
3
3
4
4
6
7
8
13
1676
43228
6572
2
3
3
3
3
3
3
3
4
83
4067
62037
5273
3
3
3
3
3
5
16
17
39
39
73356
43977
51425
1320
3
3
3
3
3
3
3
3
4
12
10924
62468
895
62659
442859
3
3
3
3
3
3
3
3
3643
19
34
1946
5582
2
3
3
3
3
3
3
3
3
3
355
36
45074
1114
7474
1
3
3
3
3
3
3
4
10
15
47815
690
81
467
48094
3
3
3
3
3
3
4
15
8948
39
492427
141
48263
7456
4217
918
3
3
3
3
3
3
3
3
4
30
5985
46
10968
38425
5508
3
3
3
3
3
3
3
15
1007
18
19
7634
75747
6824
1262
3
3
3
3
3
3
3
5
6
9
27
3491
1215
2
3
3
3
3
3
3
4
4
4
3723
49015
2
2
3
3
3
3
3
3
3
3
443
2
3
3
3
3
3
3
3
4
6
813
37118
37144
37164
37173
37181
37181
37182
37201
37205
37209
37209
37211
37212
37218
37220
37227
37236
297
37251
37255
37259
37263
37265
37266
37269
37270
37274
37275
37275
37278
37280
37283
3
3
37285
3
3
3
3
5
37287
5
6
6
37288
37288
37290
37291
37295
37297
37298
37301
37303
37305
37305
37306
37307
37307
37313
37313
37322
37325
37328
37335
37335
37337
37337
37337
37340
37344
37347
37353
37354
37356
37357
37359
37360
37361
37363
37362
37363
37365
37370
37370
37372
37375
37378
37378
37378
37379
37381
37382
37389
37389
37394
37396
37397
37397
37404
37415
37418
37420
37422
37432
37433
37433
37438
37442
37451
37126
37460
37463
37471
37476
37476
37482
37493
37506
37510
37186
37518
37521
37527
37531
911
37216
37549
37222
37229
37563
37564
37237
37238
37239
37572
37243
37584
37257
37257
37269
37271
37271
37280
37610
37282
3
3
3
4
4
4
5
5
5
6
37622
37295
37625
37299
37630
37301
37303
37633
37309
37313
37313
37314
37320
37320
37322
37323
37329
37333
37335
37666
37668
37340
37341
37674
37347
37349
37352
37352
37355
37357
37686
37360
37365
37366
37369
37702
37374
37376
37707
37707
37380
37384
37388
37390
37724
37739
37743
37414
37423
37427
37428
37431
37435
37764
37765
37439
37443
37776
37446
12378
37785
37456
37461
37796
37474
37479
37487
37821
37162
48509
37828
37831
37501
48517
37175
37505
37837
37509
37522
37853
37533
37536
37210
37211
37540
37549
37550
37223
37224
37553
37554
37886
37243
37246
37248
37249
37579
37579
37583
37916
37263
37266
37596
37269
37271
37277
37281
37941
37284
1
2
3
3
3
3
3
3
37286
5
5
5
5
37289
37293
37295
37296
37297
37297
37298
37299
37306
37307
37318
37979
37322
37324
37326
37326
37327
37329
37329
37331
37331
37334
37334
37335
37339
38000
37345
495404
37675
37346
37348
37348
37350
37351
37352
37354
37359
37361
37361
37362
37364
37365
37367
37367
37371
37372
37373
37702
37377
37379
37708
37379
37380
37709
37382
37384
37384
38049
37393
37725
37397
37401
37401
37401
37405
37406
37411
37417
37420
37421
37426
37426
37427
37427
37429
37430
37435
37436
6095
38096
37440
37443
38103
37448
4789
37454
37460
37466
37467
37470
37481
37483
37484
37485
37488
37492
37494
37495
37498
38157
37511
37517
37521
37524
37525
37537
3230
37554
37557
37561
11182
37578
37578
3272
3
3
3
3
3
3
3
4
37617
4
4
37626
37637
37642
37651
37653
38313
38314
37658
37997
10957
37681
37697
37724
37760
165
38149
38200
38259
38263
3
3
3
3
3
3
38277
5
5
5
5
10904
38352
38692
38780
38147
38806
38501
38503
38232
37258
37264
37270
37279
3
3
3
3
3
3
3
5
5
6945
38302
37313
37316
37319
37321
37328
53
37336
37336
37337
38993
37345
37347
37347
37352
37352
37355
37357
37363
37375
38372
17
17
22
37393
24
25
37397
37404
37404
37412
43
37418
37421
37423
37429
1478
37453
37460
37475
854
37490
38490
39151
2859
49837
37508
37187
37523
37529
37533
1818
2153
37221
37555
37564
37574
37245
37249
37251
37262
37265
37596
37597
37600
37280
37282
38932
37284
3
3
3
4
4
4
4
5
5
37297
37298
37298
37306
37309
26
37309
37311
37314
37319
37321
37655
37660
37334
51
1946
37339
37339
37359
37689
1981
1984
14
37379
37709
20
21
37388
37720
37392
39372
37727
37399
37402
37408
37410
2049
37440
37444
6435
2389
39111
2407
37469
37474
1762
37149
37482
37815
39469
37837
37507
37515
39519
2154
37549
37223
37896
37573
37585
2207
37601
37604
37937
37609
1574
37946
3
3
3
4
4
4
5
6
2230
1579
7
8
1923
37317
37655
2265
37340
38007
39003
13
37689
14
18
19
20
37696
37373
3718
38042
1673
37387
2330
37728
37731
2346
37416
37753
39080
2085
39783
5472
37806
1212
1797
1481
8161
37864
1825
10819
2162
39211
4
4
4
4
4
4
5
2541
5
10877
13
24
39936
1591
2257
37975
2267
1944
37329
2599
17
39982
37345
37351
2022
38063
38069
2683
38075
2365
1723
1418
2406
1794
2130
2794
10802
2799
1819
2171
38544
1853
3
3
4
4
4
4
4
4
6
6
38238
2198
37922
37264
5
6
6
6
6
6
6
12
37298
13
13
13
13
13
13
13
14
14
39937
18
21
23
1610
1614
1616
38317
403
10952
1644
38345
2956
4698
1659
8668
37373
40340
2976
1682
3332
2028
2365
2047
37434
2056
1741
2079
2122
2125
40151
4
4
4
4
4
4
6
6
8
9
37224
38547
40527
10507
2517
1860
37241
6
6
6
6
6
6
6
6
7
7
2199
1875
2202
15
16
16
16
17
37265
1885
37287
40618
37323
39965
137
2286
2290
37414
498127
2051
40740
1744
2400
3
3
3
3
3
3
3
4
4
5
2461
10802
37211
2165
37240
2518
3191
238043
2213
39253
2564
37302
1674
37335
37338
37339
37356
37361
37692
37364
37380
39410
3
4
4
4
4
4
4
5
5
37456
37464
2089
1198
39139
2777
39153
38827
1807
40496
938
1848
103
40849
39540
1865
39549
37247
40549
143
37265
37925
41243
1965
1984
41319
2004
40681
2
3
3
3
3
3
3
3
4
5
5
37761
864
2117
52141
37841
2144
694
37885
1878
2527
10858
10879
37967
37309
37315
37333
7639
38002
3612
1987
1
3
4
4
4
4
4
6
8
37392
37394
31
39
53
58
37432
5761
103
37481
1892
37563
1903
2255
2257
1959
10905
37311
4
4
4
4
4
4
4
5
5
6
40347
2383
2078
2081
2412
2439
39473
2464
37828
2177
2493
2191
37211
2209
2212
2233
14486
2248
2580
10887
37304
3
3
3
3
3
3
3
4
6
2303
7
2306
2619
40634
2361
2370
2681
2728
2740
40412
2446
2467
41774
3194
2808
88305
37194
2867
53210
2
2
2
2
2
3
3
3
3
4
52986
1483
38331
37351
40708
42405
2818
41183
3
4
4
4
4
4
4
4
4
4
7554
2635
10892
29629
37303
3261
53620
59322
58600
42723
37811
37516
3
3
3
3
3
3
3
3
3
3
37192
10803
38865
37229
3271
37244
37281
10903
37324
37334
40681
37405
43347
41378
37465
2
2
3
3
3
3
3
39130
3
3
3
37509
10802
5201
37244
83480
37316
43589
37343
37346
37360
3
3
4
4
4
4
4
4
6
7
43064
37647
37327
10942
42314
3
3
3
4
4
4
4
4
6
15
37761
37449
37799
54532
54596
37237
44184
43551
10918
41620
3
3
3
4
4
4
4
4
4
6
231415
37459
38145
40195
37238
42573
37341
4694
3
3
3
3
3
3
3
3
3
3
286777
61027
37476
37480
55200
37521
37208
37549
6249
2
2
2
2
3
3
3
3
3
3
3
39296
44361
45020
8469
44460
2
3
3
3
4
4
4
4
4
4
4
502653
45300
50132
203
45094
37215
3
3
3
3
3
3
37260
43532
4777
37441
37160
37178
3
3
2370
23
27
42549
10897
38623
39302
42398
37467
6461
51
54
60
6237
44496
37254
10862
37297
37417
37431
37144
37502
37176
127
37241
160
174
37290
37303
37306
37308
37314
37319
37332
37337
37344
37344
37347
37363
37365
37366
37368
37370
37375
37375
37381
37382
37383
37384
37385
37388
37389
37389
37395
37402
37402
37402
37405
37405
37408
37411
37418
37420
37424
37428
37429
318
37432
37433
37434
325
37437
37439
37441
37442
37442
37443
37443
37448
37450
96151
37454
55
37471
37476
37482
37485
37157
37491
37491
37492
37507
37510
37512
37519
37535
37538
37564
86441
37249
469
37587
37604
37285
57293
37643
45238
37665
37336
37677
37349
37369
37372
37376
37376
37710
48
37408
37412
37414
37755
37439
37442
37794
37802
37480
37818
37488
37843
37518
37526
37864
37865
37870
37871
37544
36150
515
37593
37923
37598
37610
37286
37304
37312
37315
37319
37658
37332
37335
37998
37343
37343
37350
37352
37366
37369
37371
37377
37381
37385
38048
37405
38072
37415
38078
37421
9107
504
37854
37529
37875
10822
256
37887
37911
38245
37596
37612
48
37641
289614
38978
37333
37664
5653
37715
37738
37854
1413
37561
505215
1470
37946
377
1556
38120
828
51
38181
38183
10802
47761
37886
37894
181
38965
38373
1655
39075
39471
108491
98
45356
48053
38918
4
38946
500
575
10863
59819
6020
5457
48890
1359
2
8903
40834
393
7540
10903
59963
76046
47968
42367
40442
40494
10865
176
192
118508
39992
239
50005
10858
288
328
61798
41152
4147
61203
49981
223
10819
86
1538
61605
592
41890
279
198291
508881
3010
62267
129
42077
189740
6842
6
6038
75
41995
322
79
5799
19495
933
2381
75
189027
98275
3
3
7
310
65
39347
7236
22376
281
561
42960
67
52743
5353
43
64
5252
282
42
174
494
38
44395
7309
36
91
142
43790
732
74499
511580
65082
328
53807
27228
6926
13709
319
843
212
46
7802
4756
371
55215
5936
502
71677
66076
9341
84683
2
51
66607
6011
6569
691
55448
2
212
5
5
5532
36
36
67230
67256
782
18
7511
1889
514604
1
1150
2563
52899
2981
205122
104121
3208
3238
1877
3696
202125
205801
17363
49182
507021
10
70076
2
864
49549
40990
274
24
50654
5452
8340
17568
7
518264
5122
5204
207916
19
19563
208094
5427
5440
6256
21
34
46
6308
49
63
63
64
4
69
5586
87
92
5614
110
6382
140
147
151
154
5665
165
178
2825
5713
204
210
5728
5746
237
5787
304
306
5825
317
5832
251
5847
5862
5876
36302
5969
486
19666
6087
6098
51723
599
6134
6168
2
15697
10
25
20677
694
6213
6248
6260
6286
6328
6356
880
6441
6468
5520
4
4
4
5
5
5
5
5
5
5
5
5
5
5
5
5
5
5
5
5
5
5
5
5
5
5
5
5
5
5
5
5
5
5
5
5
5
5
5
5
5
5
5
5
5
5
5
5
5
5
5
5
5
5
5
5
5
5
5
5
5
5
5
5
5
5
5
5
5
5
5
5
5
5
5
5
5
5
5
5
5
5
5
5
5
5
5
5
5
5
5
5
5
5
5
5
5
5
5
7
6508
9
6509
60730
1053
6582
23
5024
6672
6672
209400
10837
6754
6764
6764
6784
294
301
4
5
5
5
5
5
5
5
5
5
5
5
5
5
5
5
5
5
5
5
5
5
5
5
5
5
337
341
342
6847
348
358
361
363
363
1352
365
366
369
371
372
374
374
5595
388
6901
409
6911
413
415
420
428
430
433
434
448
448
449
458
458
52914
460
463
463
464
470
475
479
484
490
496
500
501
502
506
507
510
515
520
527
7035
21237
563
564
568
571
577
577
585
593
600
606
608
609
611
616
622
624
625
626
627
627
629
629
643
650
2
2
2
2
2
2
2
2
2
2
2
2
2
2
2
2
2
2
2
2
2
2
2
2
2
2
3
3
3
3
3
3
4
4
4
4
667
670
670
14
675
687
209902
699
7207
708
721
723
732
2718
739
742
21161
7306
7024
7423
3
3
3
3
3
3
3
3
3
3
3
3
3
3
3
3
3
3
3
3
3
3
3
3
3
3
3
3
3
3
3
3
3
3
3
3
3
3
3
3
3
3
3
3
3
3
3
3
3
3
3
3
3
3
3
3
4
4
4
4
4
4
4
4
4
4
4
4
4
4
4
4
4
4
4
4
4
4
4
4
4
4
4
4
4
4
4
4
4
4
4
4
4
4
4
4
4
4
4
5
5
5747
41390
519
539
547
547
1606
653
656
2
2
2
2
2
2
2
2
2
2
2
2
2
2
2
2
2
2
2
2
2
2
2
2
2
2
2
2
2
3
3
3
3
3
3
3
3
3
3
3
3
3
3
3
3
3
3
3
3
3
3
3
3
3
3
3
3
3
3
3
3
3
3
3
3
3
3
3
3
3
3
3
3
3
3
3
3
3
3
3
3
3
3
3
3
3
3
3
3
3
3
3
3
3
3
3
3
3
3
4
724
812
1644
984
2
2
2
2
2
2
2
2
2
2
2
2
2
2
2
2
2
2
2
2
3
3
3
3
3
3
3
3
3
3
3
3
3
3
3
3
3
3
3
3
3
3
3
3
3
3
3
3
3
3
3
3
3
3
3
3
3
3
3
3
3
3
3
3
3
3
3
3
3
3
3
3
3
3
3
3
3
3
3
3
3
3
3
3
3
3
3
3
3
3
3
3
3
3
3
4
4
4
4
7
22
15771
63811
47
8394
2
2
2
2
2
2
2
2
2
2
2
2
2
2
2
2
2
2
2
2
3
3
3
3
3
3
3
3
3
3
3
3
3
3
3
3
3
3
3
3
3
3
3
3
3
3
3
3
3
3
3
3
3
3
3
3
3
3
3
3
3
3
3
3
3
3
3
3
3
3
3
3
3
3
3
3
3
3
3
3
3
3
3
3
3
3
3
3
3
3
3
3
3
3
3
3
4
4
4
4
2045
68
211261
1164
9433
261
1266
202699
3
3
3
3
3
3
3
3
3
3
3
3
3
3
3
3
3
3
3
3
3
3
3
3
3
3
3
3
4
4
4
4
4
4
4
4
4
4
4
4
4
4
4
4
4
4
4
4
4
4
4
4
4
4
4
4
4
4
4
4
4
4
4
4
4
4
4
4
4
4
4
4
4
4
4
4
4
4
4
4
4
4
4
4
4
4
4
4
4
4
4
4
4
4
4
4
5
5
5
6
33
211813
3
3
3
3
3
3
3
3
3
3
3
3
3
3
3
3
3
3
3
3
3
3
3
3
3
3
4
4
4
4
4
4
4
4
4
4
4
4
4
4
4
4
4
4
4
4
4
4
4
4
4
4
4
4
4
4
4
4
4
4
4
4
4
4
4
4
4
4
4
4
4
4
4
4
4
4
4
4
4
4
4
4
4
4
4
4
4
4
4
4
4
4
4
4
4
4
4
4
5
5
50
1718
80
21064
75763
9239
208481
833
550
3
3
3
3
3
3
3
3
3
3
3
3
3
3
3
3
3
3
3
3
3
3
3
3
3
3
3
3
4
4
4
4
4
4
4
4
4
4
4
4
4
4
4
4
4
4
4
4
4
4
4
4
4
4
4
4
4
4
4
4
4
4
4
4
4
4
5
5
5
5
5
5
5
5
5
5
6
7
7
7
7
7
8
8
8
8
8
8
8
8
8
8
8
8
8
8
8
8
9
9
2338
2443
2480
9658
2547
948
65615
3
3
3
3
3
3
3
3
3
3
3
3
3
3
3
3
3
3
3
3
3
3
3
3
3
3
3
3
3
3
3
3
3
3
3
3
3
3
3
3
3
3
3
3
3
3
3
3
3
3
3
3
3
3
3
3
3
3
3
3
3
3
3
3
3
3
3
3
3
3
4
4
4
4
4
4
4
4
4
4
4
4
4
4
4
4
4
4
4
4
4
4
4
4
4
4
4
4
4
5
18
2748
216
257
260
1266
3
3
3
3
3
3
3
3
3
3
3
3
3
3
3
3
3
3
3
3
3
3
3
3
3
3
3
4
4
4
4
4
4
4
4
4
4
4
4
4
4
4
4
4
4
4
4
4
4
4
4
4
4
4
4
4
4
4
4
4
4
4
4
4
4
4
4
4
4
4
4
4
4
4
4
4
4
4
4
4
4
4
4
4
4
4
4
4
4
4
4
4
4
4
4
4
4
4
5
5
2990
17246
764
4745
213022
448
256
278
281
293
299
308
308
316
318
322
328
329
329
2
2
3
3
3
3
3
3
3
3
3
3
3
3
3
3
3
3
3
3
3
3
3
3
3
3
3
3
3
3
3
3
3
3
3
3
3
3
3
3
3
3
3
3
3
3
3
3
3
3
3
3
3
3
3
3
3
3
3
3
3
3
3
3
3
3
3
3
3
3
3
3
3
3
3
3
3
3
3
3
3
3
3
3
3
3
3
3
3
3
4
4
4
4
4
5
5
5
5
5
338
339
341
342
351
357
362
369
370
373
376
379
380
383
385
386
389
392
394
394
407
410
413
416
418
426
426
429
432
3092
523857
213329
533
540
545
547
560
561
616
57364
628
1
1
1
2
2
2
2
2
2
2
2
2
2
2
2
2
2
2
2
2
2
3
3
3
3
3
3
3
3
3
3
3
3
3
3
4
4
4
4
4
4
4
4
4
4
4
4
4
4
4
4
4
4
4
4
4
4
4
4
4
4
4
4
4
4
4
4
4
4
4
4
4
4
4
4
4
4
4
4
4
4
4
4
4
4
4
4
4
4
4
4
4
4
5
5
5
5
5
5
6
1053
81
10621
43141
2
2
2
2
2
2
2
2
2
2
2
2
2
2
2
2
2
2
2
2
2
2
2
3
2
2
2
3
2
3
2
3
3
2
3
2
3
2
2
3
2
2
3
2
2
2
2
2
2
3
2
3
2
2
3
2
3
2
2
2
2
2
2
2
3
2
2
2
2
2
3
2
2
2
3
2
2
2
2
2
2
2
3
3
3
3
4
3
3
3
4
4
4
4
403
413
431
436
452
463
472
814
1834
515
525
540
5476
228
575
5173
247
586
282
303
304
307
5567
310
314
327
327
330
331
5
5
5
5
5
6
6
338
342
344
351
351
358
361
361
361
363
363
364
366
378
381
393
65713
394
394
395
396
398
400
402
402
405
410
410
412
416
437
214270
445
448
454
456
520
527
549
222
4197
5190
3944
1
1
1
1
1
1
1
2
2
2
2
2
2
2
2
2
2
2
2
2
2
3
2
5922
5928
5319
701
48
726
214591
64441
1619
5723
6061
214638
5764
6142
224
6192
2
3
3
3
3
3
3
3
3
3
3
3
3
3
3
3
3
3
3
3
3
3
3
3
3
3
3
4
4
5
6261
73127
5055
214935
215066
1623
1634
3
3
3
3
4
4
4
4
4
4
4
4
4
4
4
4
4
4
4
4
4
4
4
4
4
4
4
4
4
4
4
4
4
4
4
4
4
4
4
4
4
4
4
4
4
4
4
4
5
5
5
5
5
5
5
4300
52
20875
911
2713
6073
62182
829
5454
5459
215336
225
42102
236
269
280
38532
289
293
298
303
313
315
319
320
323
324
327
327
327
1
1
1
1
2
2
2
2
2
2
2
2
2
2
2
2
2
2
2
2
2
2
1
1
1
1
1
1
1
1
1
1
1
1
2
2
2
2
2
2
2
2
2
2
2
2
2
2
2
2
2
2
2
2
2
2
2
3
3
3
3
4
336
340
349
350
352
361
361
30
370
371
373
375
377
379
384
386
387
391
393
394
394
399
401
407
411
414
215574
427
215579
432
434
215603
478
481
483
215672
215686
546
581
600
5528
215783
3
3
3
3
3
3
3
3
3
3
3
3
3
2
3
3
3
3
3
3
3
3
3
2
2
2
2
2
3
3
3
3
3
3
3
3
3
3
3
3
3
3
3
3
3
3
3
3
3
3
3
3
3
3
3
3
3
3
3
3
3
3
3
3
3
3
3
3
3
3
3
3
3
3
3
3
3
3
3
3
3
3
3
3
3
3
3
3
3
3
3
3
3
3
3
4
4
4
4
4
4
5603
20
215830
5614
5621
397
215901
5678
5733
5766
42077
5796
5509
6866
14163
4
4
4
4
4
4
4
4
4
4
4
4
4
4
4
4
4
4
4
4
4
4
4
4
4
4
4
4
4
4
4
4
4
4
4
4
4
4
4
4
4
4
4
4
4
4
5
5
5
5
5
5
5
5
5
5
5
5
5
5
5
5
5
5
5
5
5
5
5
5
5
5
5
5
5
5
5
5
5
5
5
5
5
5
5
5
5
5
5
5
5
5
5
5
5
5
5
5
6
6
6
5600
216186
2708
5667
21658
128
177
6126
216351
6528
216426
6563
6209
216431
215883
1
2
2
2
2
2
2
2
2
2
2
2
1
2
2
1
2
2
2
1
2
2
1
1
1
2
2
1
2
2
2
2
2
2
2
1
2
2
2
2
2
2
2
2
2
2
2
2
2
2
2
2
2
2
2
2
2
2
2
2
2
3
2
2
2
2
2
3
2
2
1
2
1
2
2
3
2
2
2
2
3
2
2
3
2
2
2
2
2
2
2
2
2
2
2
2
2
2
2
3
216509
6309
6334
216556
6036
216597
157
216400
174
7483
216725
216519
4915
3
3
3
3
3
3
3
3
3
3
3
3
3
3
3
3
3
3
3
3
3
3
3
3
3
3
3
3
3
3
3
3
3
3
3
3
3
3
3
3
3
3
3
3
3
3
3
3
3
3
4
4
4
4
4
4
4
4
4
4
4
4
4
4
4
4
4
4
4
4
4
4
4
4
4
4
4
4
4
4
4
4
4
4
4
4
4
4
4
4
4
4
4
4
4
4
4
4
4
4
4
4
4
5
5
5
5
5
5
5
5
5
5
5
5
5
5
5
6
6
6
6
6
6
7
6592
336
10
1007
216845
6629
216884
5068
2129
216991
216994
6773
216744
217007
217089
216841
216534
3
3
3
3
3
3
3
3
3
3
3
3
3
3
3
3
3
3
3
3
3
3
3
3
3
3
3
3
3
3
3
3
3
3
3
3
3
3
3
3
3
3
3
3
3
3
3
3
3
3
3
3
3
3
3
3
3
3
3
4
4
4
4
4
4
4
4
4
4
4
4
4
4
4
4
4
4
4
4
4
4
4
4
4
4
4
4
4
4
4
4
4
4
5
5
5
5
5
5
5
5
65675
10
10
10
217157
26594
217169
15226
8977
5655
216975
215699
217035
217055
217434
217182
217448
3
3
3
3
3
3
3
3
3
3
3
3
3
3
3
3
3
3
3
3
3
3
3
3
3
3
3
3
3
3
3
3
3
3
3
3
3
3
3
3
3
3
3
3
3
3
3
3
3
3
3
3
3
4
4
4
4
4
4
4
4
4
4
4
4
4
4
4
4
4
4
4
4
4
4
4
4
4
4
4
4
4
4
4
4
4
4
4
4
4
4
4
4
4
4
4
4
4
6
6
6
8
11
11
11
11
409
516751
24171
217705
217456
1581
217137
216814
217476
217766
23724
1
3
3
3
3
3
3
3
3
3
3
3
3
3
3
3
3
3
3
3
3
3
3
3
3
3
3
3
3
3
3
3
3
3
3
3
3
3
3
3
3
3
3
3
3
3
3
3
3
3
3
3
3
3
3
3
3
3
3
3
3
4
4
4
4
4
4
4
4
4
4
4
4
4
4
4
4
4
4
4
4
4
4
4
4
4
4
4
4
4
4
4
4
5
5
5
7569
5
5
6
6
6
7
217219
345
10
11
216920
217841
217300
25
217648
18254
163542
218088
217840
218103
234
2
2
2
3
3
3
3
3
3
3
3
3
3
3
3
3
3
3
3
3
3
3
3
3
3
3
3
3
3
3
3
3
3
3
3
3
3
3
3
3
3
3
3
3
3
3
3
3
3
3
3
3
3
3
3
3
3
3
3
3
3
3
3
3
3
3
3
3
3
3
3
3
3
3
3
3
3
3
3
4
4
4
4
4
4
4
4
4
4
4
4
4
4
4
4
4
4
4
4
5
9
218146
217566
682
217644
217978
218017
218296
215072
21
218135
5908
217528
2
2
2
2
2
2
2
2
3
3
3
3
3
3
3
3
3
3
3
3
3
3
3
3
3
3
3
3
3
3
3
3
3
3
3
3
3
3
3
3
3
3
3
3
3
3
3
3
3
3
3
3
3
3
3
3
3
3
3
3
3
3
3
3
3
3
3
3
3
3
3
3
3
3
3
3
3
3
3
3
4
4
4
4
4
4
4
4
4
4
4
4
4
4
4
4
4
4
4
4
217553
218476
6277
217901
218532
16
19
217956
218548
218562
218037
8100
10749
217735
218672
218673
218102
218685
218506
218516
1
1
1
1
1
1
1
2
2
2
2
2
2
2
2
2
2
2
2
2
2
2
2
2
3
5239
4297
20956
217567
218241
28558
218850
218867
8008
761
217639
810
819
825
218752
217765
217525
219108
1009
218555
17
218911
217277
219182
218621
218634
218970
217999
70768
27533
529834
218429
218763
218433
219097
6819
219355
1626
218842
219426
218846
218190
219443
218538
76882
5931
218893
219224
363
217933
218930
219527
219540
219557
118
219565
218994
7046
218705
219621
219044
218715
219648
219677
217128
219110
1943
7249
219207
218891
216593
219821
12263
219248
49
219268
1440
1458
219926
218360
20297
1512
1523
217416
219405
1547
220004
219447
1580
1580
219120
217479
1594
7216
1668
1680
40
218564
11925
2685
64054
381
1723
1743
1744
1756
1761
1767
1428
1773
1781
1436
1783
220235
1788
4071
1802
23747
1818
489
1477
12386
1831
219371
1835
1495
1499
1504
1517
220314
220342
220347
1552
217128
1903
1559
1912
1588
1602
1948
1951
1612
1622
1624
1634
220177
1644
219526
1653
1654
2001
1658
4601
1665
1673
2019
2019
1679
1683
220228
220485
220236
219911
1705
2057
220258
1722
1722
1724
2071
1729
1737
220539
1753
1756
1759
1764
1765
1766
220563
23259
1774
1776
1778
1791
2140
1799
1804
218369
1807
1807
220610
16007
1824
1828
1840
1841
1841
2186
1847
217419
1854
1860
1861
21778
1868
247
598
220118
1915
219812
1956
218520
1964
1974
1979
219536
220787
220791
44
48
220800
2013
2062
220277
220863
2081
2088
217660
2097
220000
4417
220664
29177
2141
218421
217462
5197
217483
221025
1
3
2927
8
295
220146
633
5216
2284
220245
2710
219605
162
218658
5055
1647
217438
221254
5080
218400
4809
221057
218095
8495
217825
3
3
3
5
5
6
210886
7
9
9
14
18
220803
12522
221413
37
221459
221480
3362
5003
9661
757
221518
3730
221560
218031
218039
218051
3788
221031
218087
218732
221044
221051
5143
1226
221435
4860
7
7
8
8
8
11
11
12
12
13
13
13
18
22
23
19756
25
27
5233
40
3627
220859
221777
102
221803
221844
221887
13683
4146
219387
14734
1541
2206
221412
309
322
2
2
2
2
3
5
6
337
7
7
337
8
340
10
11
344
344
17
3256
27
29
29
3933
366
367
370
221479
381
218538
365
398
402
411
420
420
423
424
98
433
436
440
222139
450
451
452
454
459
460
461
465
482
483
483
487
495
496
498
513
516
523
523
537
540
540
548
5083
4754
557
566
567
568
570
571
575
584
590
595
598
598
602
603
603
607
607
610
222307
24736
634
635
222327
637
3
665
8
8
8
10
10
10
11
13
14
15
18
18
19
21
26
28
5224
30
34
12522
699
700
704
704
24
714
726
726
731
2985
734
735
736
737
739
739
741
742
743
745
17
746
757
758
101
5296
767
770
776
4976
5312
5318
4986
789
222481
218674
218950
798
800
805
222505
816
5354
821
838
839
840
840
3737
845
121525
219005
873
926
222632
943
950
954
957
959
964
965
969
20704
973
976
977
221432
984
985
990
5233
9
181
11
12
2926
13
15
1005
15
17
18
19
221127
1010
20
20
352
23
1014
26
27
1018
1019
31
1023
1028
40
41
45
1044
1044
219200
2644
1060
1065
5272
1074
1080
1081
1086
1093
1097
1100
1102
5640
1107
220239
1118
5652
1128
1131
4027
1137
1137
1141
1142
222251
1164
4403
1167
1182
1186
1190
536
5736
1207
5746
4463
1227
1230
1250
1251
5454
1262
1267
1271
1279
1285
5491
1303
1311
1313
1315
1315
3572
1320
5858
10
1327
3581
13
13
14
15
15
16
16
3588
18
19
21
21
7
23
5873
9
9
3597
32
1352
363
38
222143
4259
1665
46
1378
13
1382
17
1385
18
5586
12554
4964
5933
1406
1413
1431
13262
4303
3708
1457
5659
1462
1116
5999
816
5685
5696
3773
220658
215
6097
5739
5751
1552
1571
1573
219729
266
1595
18046
33608
1610
6162
1632
4
1637
8
10
10
1642
11
13
14
14
16
16
17
3
3
19
20
20
26565
21
21
25
25
1657
27
4896
1664
6198
3921
1682
43
5261
4555
13
1700
1701
14
15
1706
1707
1707
223403
1718
1723
1728
1729
1732
1737
1738
1738
1745
6293
13583
1763
1779
4040
1790
1797
220268
154
1808
1810
222924
1818
6355
1823
223518
6361
1832
6373
1845
1846
1861
1865
1869
1869
5445
4737
1917
222039
1926
6464
1933
1934
1939
220409
1947
1957
11
13
15
15
18
18
20
21
21
21
1971
22
23
23
24
25
26
26
27
36
996
212453
40
58
2007
6549
14
15
17
2025
2035
223729
2037
2038
12877
223153
2047
10906
2065
2065
2073
6613
2087
4949
4950
2095
2097
10293
2105
4366
223227
3994
2132
2134
4412
2161
223856
5065
6374
4432
4710
221312
2187
2188
2202
246
2215
2231
2231
2241
2249
4129
2262
313
223960
2273
4467
3
4
6
8
10
2288
4816
4818
15
2292
15
16
16
2294
19
22
23
25
28
5169
2313
76491
40
1658
2323
220484
5200
2361
5260
4897
2373
2387
2388
6931
2404
2425
2436
2439
5319
5699
16926
2474
5341
2485
2489
5019
2507
2511
2531
2537
2540
2551
2553
4425
30485
4456
2589
5450
5119
2598
2600
14
14
14
16
17
19
20
20
24
24
26
27
28
29
29
29
30
40
5178
2656
222122
4868
2689
2709
5254
5624
2735
2746
2749
146
4627
2757
5619
2775
4648
2793
4998
2812
2817
2819
2822
2831
2844
5041
2859
2863
2864
2864
2867
2873
2883
2883
2883
5089
2909
2911
4784
4788
2916
2926
2
3
5135
4821
14
15
16
17
17
19
20
21
21
22
23
2962
2962
2962
32
35
44
2985
3000
1352
5200
1366
3017
1387
3036
3049
222181
3056
4930
3068
223188
4948
3077
3102
3106
17901
224797
1460
224802
3112
4997
224817
5001
1486
5667
1491
221608
5025
3154
1514
1516
3170
1521
1529
5379
1541
1549
1694
1555
14368
5732
5398
1561
1568
1570
1578
5101
5106
1586
1591
3242
1597
1601
1603
3257
4803
1616
1618
5461
1621
1622
6
8
1627
5469
11
1631
15
15
16
16
18
20
20
21
1640
22
1640
22
3290
1643
25
3298
221767
1657
224997
1660
1664
1664
1666
1668
5512
15145
5515
5850
1678
4874
1682
1690
1695
1698
1701
1701
1706
1709
1718
1730
3381
4926
5254
1736
1740
1751
1753
1754
3734
1757
1763
1766
5289
5613
1778
1778
1778
5303
1789
1798
1801
5000
1807
1812
1813
1817
1819
3470
1831
1831
1835
1838
3491
1843
230
1849
5373
1854
225199
1860
1863
1873
1874
1876
1886
5418
1903
1907
1912
1914
5767
1927
225268
3580
1931
6
1956
9
10
10
10
1960
1963
15
6853
19
20
21
21
22
22
23
24
25
1987
1991
45
1999
2004
2008
2024
2028
225375
2040
225398
2068
3732
5282
5940
221908
5311
14606
4432
3823
2176
5052
5375
3831
1871
30980
5452
5470
2
6123
6
2284
225625
10
12
18
20
20
20
24
24
25
5826
28
28
29
36
39
536199
221863
225679
222146
225129
447
6263
20530
214570
5333
222271
5029
21205
225822
225848
5099
225893
225931
225939
225947
8
5489
11
12
13
15
5184
17
20
20
20
22
69878
23
24
26
29
35
225985
89810
5233
373
8251
226066
4418
226158
84398
6684
214737
5792
5478
225348
5489
226021
12
13
13
13
13
15
15
16
17
226299
19
5831
22
24
5525
31
225731
36
37
38
40
41
3298
226320
225481
5620
5315
29364
8609
225840
6289
7665
6002
5701
226231
225928
2549
226311
5794
5487
225688
3
5
6
226363
8
10
10
11
11
5837
13
14
14
16
18
19
20
21
5850
24
25
26
35
5867
226650
70562
8535
226666
5895
1709
19469
226452
71
226505
226181
226769
6011
6331
215825
5740
565
226266
217471
226869
226876
76
5971
127
1781
131
134
135
135
135
136
137
139
139
139
139
227079
141
13913
142
145
145
146
147
149
226839
155
158
158
164
165
71010
165
167
226854
1462
226858
226535
6650
3801
1503
6696
226603
6415
227234
226992
1601
537805
3
6
7
9
14
15
15
216803
16
13
14
14
14
14
15
19
17
17
17
18
18
19
21
22
23
26
33
38
40
71215
40
41
37
8866
52
227357
226780
8571
225815
227392
227141
226505
226836
218034
226847
227445
172
175
227221
226905
227240
226916
226925
9065
16037
6780
227563
227571
227003
4
5
227605
9
10
8
227029
9
16
17
227615
19
19
13
14
15
22
22
18
18
24
19
19
19
19
21
22
22
23
24
24
24
24
26
27
28
28
31
32
34
36
226400
39
47
7183
227423
226765
226771
227713
227468
227483
227754
227787
227800
226904
6736
126819
217102
589
227302
2239
2
4
4
6
7
8
8
10
8
9
10
643
11
12
14
15
16
14
14
14
14
15
18
17
18
19
20
22
20
22
20
23
23
22
22
24
26
26
29
30
37
38
227715
42
43
45
45
226410
227403
80802
227996
228011
217029
226781
217562
227492
8977
14611
14282
228126
226566
226568
227558
228185
227601
227307
226977
227650
25782
2
2
228262
227680
6
9
11
12
12
12
13
13
13
14
15
15
15
16
16
18
18
18
19
19
20
20
20
20
21
22
22
22
23
23
24
24
24
25
25
25
25
25
25
26
227372
27
218071
28
28
29
29
29
31
32
32
33
33
34
40
41
42
43
46
226757
79825
228331
101301
418
36910
227465
217652
227521
530
228467
227903
217263
227580
227925
218305
227943
228536
227627
73475
228584
228333
217610
72500
6
6
6
5
6
9
10
10
11
11
11
11
11
12
12
10
11
13
13
11
14
12
15
15
13
15
15
16
14
14
16
228605
16
17
15
17
18
228605
18
19
17
19
19
21
21
21
19
19
22
22
23
21
24
24
23
24
24
26
27
28
26
27
32
228625
34
36
37
42
44
45
47
50
59
5653
228411
8251
228689
95
228695
129
217741
228734
228501
227241
228577
228830
218113
228865
228290
1717
4585
228640
227994
228907
3
3
4
5
4
5
5
6
7
8
8
8
8
9
10
10
11
10
10
10
12
11
11
11
12
12
12
12
12
13
13
13
14
14
14
15
15
15
16
17
17
17
18
18
18
20
21
21
22
21
22
22
22
22
24
24
25
25
27
27
27
28
28
28
30
30
31
32
32
32
32
37
39
39
40
41
42
226730
50
53
228975
9195
225770
15169
79
228755
761
229038
1448
5079
225843
5074
218592
8312
229077
11308
590
229203
225980
964
229236
219571
228659
4
7
7
10
8
10
10
11
13
11
13
11
12
12
12
14
13
15
13
14
16
14
15
15
15
15
15
16
16
16
16
16
16
17
17
18
19
19
21
19
19
19
20
20
20
21
21
21
22
22
22
22
22
23
23
23
24
24
25
25
25
25
26
27
28
28
29
30
33
35
36
38
40
40
41
42
44
44
44
46
2001
50
53
57
228747
85
229363
225848
218169
218669
218180
10281
228517
229431
220085
220115
73442
218315
226988
226989
228974
228317
229571
228993
3
3
3
5
4
7
5
8
7
7
7
7
7
10
10
8
8
9
10
10
12
13
12
12
13
13
14
14
14
14
14
14
14
14
14
15
15
15
15
15
17
18
16
16
16
19
17
18
19
19
20
20
20
21
22
22
22
23
23
24
26
25
25
26
26
22
26
29
27
29
29
30
30
31
33
34
35
35
36
218150
39
38
39
39
40
41
42
43
44
125
46
49
56
61
229059
229672
226474
10578
2500
73701
228552
552
1599
229861
294
227325
219153
4
7
8
6
9
7
8
11
9
12
12
11
13
11
12
12
12
12
12
12
13
14
14
16
14
14
14
14
16
15
16
16
17
17
17
17
18
18
20
18
18
18
19
19
19
19
22
20
20
20
20
20
21
21
22
22
22
22
23
23
229680
23
23
23
23
23
23
23
24
24
24
25
25
26
26
26
27
27
29
30
30
31
31
33
35
34
34
36
36
40
40
42
49
62
65
66
64
226187
229748
90
123
226498
227480
14580
6412
229842
10982
230115
229890
230152
230192
218973
226673
3
7
7
10
8
10
9
10
10
12
11
11
12
12
12
12
14
13
13
13
13
15
13
14
14
14
14
17
15
15
15
18
16
16
16
16
17
17
17
17
17
17
18
18
20
19
20
20
20
20
23
19
21
21
21
21
21
21
21
21
22
22
23
23
24
24
25
25
25
25
26
26
26
27
27
30
30
32
34
33
34
34
35
35
36
229364
364
37
38
39
40
42
42
43
44
45
46
49
219815
57
230304
230333
40
228793
219402
219650
226850
227852
219953
201
5828
230519
230541
3
6
6
5
6
6
7
7
7
7
8
9
11
10
11
11
13
12
12
13
13
13
13
13
13
14
14
14
14
14
14
15
15
15
15
16
16
15
17
17
17
17
19
17
19
18
19
19
20
22
20
20
21
21
21
23
22
23
227370
23
24
25
25
25
25
25
27
28
28
30
29
29
3311
31
34
32
33
33
34
34
35
36
36
37
37
38
39
39
40
40
41
41
46
47
230035
48
49
12181
1708
111
227163
228143
220227
227180
173
230781
2854
230200
227579
10701
228924
230254
220384
3
5
6
5
8
8
10
8
10
9
10
11
12
12
14
12
12
12
13
13
13
14
14
14
14
14
15
17
15
16
16
16
16
16
16
17
19
18
18
18
18
19
19
20
20
20
20
20
20
20
21
21
21
23
22
22
22
74829
23
23
23
25
23
24
24
24
24
25
25
25
25
26
26
26
27
27
28
28
28
29
29
3631
29
30
30
31
31
35
36
37
37
41
44
45
48
47
47
59
61
220247
110
227786
112
1616
6
4
5
6
9
9
9
9
9
9
12
9
9
11
11
11
11
12
12
15
13
14
14
13
15
15
17
15
15
14
15
16
15
16
16
16
17
17
17
17
17
18
18
18
19
21
18
18
19
19
20
19
20
21
21
24
22
23
23
23
25
24
24
24
23
230341
24
24
27
24
26
26
29
27
26
27
26
28
28
30
30
32
33
34
229692
35
230682
35
35
38
38
39
42
39
40
42
227735
45
46
51
51
51
82
105
230758
231345
124
75262
220130
130
1136
231394
231397
1828
3816
1850
230857
18277
231468
20620
6522
9766
595
85872
1931
7
12
13
14
15
15
4
228036
16
6
7
7
7
8
10
11
11
12
12
12
12
12
12
13
13
24
13
13
14
14
14
14
14
14
14
15
16
16
16
16
16
17
17
28
17
17
18
18
18
19
20
20
22
22
22
22
23
23
23
34
23
24
24
24
24
25
32
25
25
26
26
27
27
28
28
28
29
30
30
30
31
42
32
32
36
37
37
231606
38
39
40
41
41
44
45
48
51
231368
53
53
82
228115
228440
228141
231688
231126
228194
35279
591
304
317
324
326
2312
2
2
5
3
7
4
5
10
7
7
11
8
8
9
13
231902
10
10
11
12
12
12
12
12
14
14
14
19
15
15
15
19
16
16
16
16
17
17
17
17
21
18
18
18
18
22
18
19
19
23
19
20
20
20
20
20
21
21
21
21
21
21
25
22
22
22
22
23
28
24
24
25
26
26
27
27
31
28
29
29
29
29
29
30
31
31
31
34
41
41
42
42
43
43
228400
47
396
6318
418
428
429
431
450
451
230112
462
232031
230795
229477
493
494
495
497
499
501
4132
509
514
515
229512
533
534
3504
232095
541
547
548
2529
553
559
561
565
228589
568
10770
575
38934
252
3214
587
232145
589
30194
599
601
601
602
608
618
619
623
625
20006
626
231274
634
636
638
641
650
652
660
660
661
663
664
664
664
3
3
3
3
7
668
10
7
7
7
670
11
8
8
672
12
9
672
12
9
10
10
10
10
12
12
15
12
15
13
13
13
13
13
676
13
13
14
14
15
15
15
16
19
16
16
16
16
680
17
17
680
18
18
18
19
19
20
20
20
683
20
21
21
21
21
21
22
23
23
23
23
26
23
24
24
24
24
24
24
24
26
29
27
27
31
29
29
29
33
32
30
34
34
35
38
39
5319
38
38
38
39
39
38
40
41
42
43
51
51
714
722
727
730
748
751
751
232316
771
775
778
781
781
784
788
789
790
83
794
803
807
808
812
812
228836
818
822
229836
842
846
848
851
853
863
864
864
871
873
877
880
881
881
231526
887
892
5856
231232
918
919
6535
930
930
944
946
963
3
4
7
7
333
8
8
9
9
9
9
9
10
10
11
11
15
12
15
12
12
12
13
13
13
13
13
13
14
14
14
14
15
15
16
16
16
19
17
17
18
18
22
19
19
19
19
20
23
20
21
24
21
22
26
23
23
27
24
24
24
24
24
27
25
25
25
25
26
26
26
26
26
27
31
28
29
29
29
29
31
31
31
32
32
32
32
32
33
34
34
34
34
35
35
36
37
40
43
48
1044
1049
229386
12823
231370
1056
1079
6031
1083
29619
1716
1106
3740
126
1116
3755
16213
1131
1134
1134
1137
1138
1140
11951
1142
1142
1145
1149
1151
1152
1156
1159
1159
1161
232722
1164
1165
1168
1170
1176
1179
1181
1186
1187
1207
1214
1222
1223
1227
1234
1235
1237
1243
1244
1244
1248
1255
1258
3242
1289
1293
304
3277
232865
1312
4596
1652
4
4
4
1329
10
10
8
8
8
12
9
9
9
9
1332
9
9
10
10
1334
11
11
11
12
12
12
12
12
13
13
16
13
14
14
14
15
15
15
15
15
16
16
20
17
1340
17
17
17
18
18
18
18
1341
18
18
19
19
19
23
20
20
20
20
20
21
1344
21
21
21
21
22
22
22
22
22
23
26
24
27
24
25
25
25
29
26
27
27
27
30
28
28
28
30
30
31
32
32
32
32
33
34
35
36
37
40
42
45
1366
45
45
46
47
47
131914
1398
1397
84
823
1443
61
1463
1465
1465
75
1803
76
230477
1483
1486
8437
127
1529
1532
1562
1564
1565
1587
1589
1602
1605
534
11452
1610
230616
1643
1647
1649
3
6
4
4
7
1654
1654
6
229994
7
11
8
8
8
11
9
9
9
9
10
10
10
10
9
10
10
11
11
11
11
11
1661
12
11
12
15
12
13
12
16
12
13
13
12
14
17
14
15
15
16
16
16
16
19
16
16
16
3650
17
18
18
21
18
18
18
22
18
19
19
19
19
20
20
20
20
20
20
20
20
20
20
21
21
21
22
22
25
23
23
26
23
23
23
23
24
24
24
24
25
26
27
27
27
27
1676
233241
32
29
30
30
31
32
33
1683
36
37
15462
1688
39
41
41
46
48
50
53
53
1705
56
1714
3712
413
1734
1738
1739
232726
1766
9031
1777
222114
31384
3767
1786
1796
1799
1802
1806
1815
1841
1876
1889
1893
1894
1897
1900
1916
10788
1933
1950
1982
4
4
4
5
5
6
10
7
1986
7
7
8
8
11
11
9
12
9
12
9
10
13
11
11
11
11
13
13
13
14
14
15
15
15
15
15
16
16
17
17
17
17
20
18
18
19
1998
22
19
19
20
20
20
20
20
20
23
20
21
21
21
21
21
21
22
25
22
22
23
23
26
24
27
24
24
24
24
27
24
25
25
25
29
26
2006
27
28
28
32
29
29
30
31
31
31
32
33
33
33
35
35
35
36
10872
38
231346
39
40
2020
43
232671
49
51
2031
59
58
61
4
2060
2067
2071
230125
4111
4112
17883
507
17263
222306
229981
12435
230307
2288
2291
2294
2
7
7
12
9
13
9
9
13
14
10
14
11
11
11
12
16
12
13
13
13
13
13
13
14
18
14
15
15
15
16
16
16
17
18
18
18
18
18
18
18
18
19
19
19
20
20
20
20
20
20
20
20
20
21
21
21
21
21
21
22
22
22
22
22
22
22
22
23
23
23
23
23
25
25
25
25
25
25
25
26
26
26
27
32
28
29
30
31
32
32
35
36
40
37
41
38
42
42
39
43
44
2351
42
44
44
46
88288
18451
2382
2390
2407
2434
2440
2449
2452
2461
2470
2485
2496
2498
855
2519
2558
2579
2580
2609
2615
6251
2619
6
7
7
7
4
8
8
2645
230670
7
8
8
2647
13
10
13
12
13
13
14
14
14
15
15
15
16
16
16
16
16
17
17
17
17
18
18
18
21
18
21
18
19
19
20
20
20
20
21
21
24
21
22
22
22
22
22
11517
22
22
23
23
23
23
23
23
23
23
23
27
24
24
24
24
25
25
25
25
29
26
26
26
26
26
26
30
27
27
27
27
27
28
31
28
31
29
29
30
31
31
35
36
34
36
40
40
40
41
42
43
44
44
45
2684
49
46
48
50
2702
73
2711
2758
2760
2768
2769
2793
2798
2799
2809
18235
234378
5466
2840
2865
2871
2887
2891
586
1721
2910
2927
12775
2957
4282
2
6
6
6
6
6
6
3
2973
8
8
2975
9
4296
7
7
7
12
8
2978
9
9
10
10
10
10
9
10
11
11
11
11
11
12
12
11
17
18
14
14
14
14
18
14
15
15
16
16
16
16
16
20
15
16
16
16
17
17
17
16
21
21
17
2988
19
20
20
20
20
20
20
20
20
20
21
21
22
22
22
22
22
22
23
23
23
23
24
25
25
26
26
27
26
26
28
28
28
32
29
29
28
28
30
29
3000
30
34
34
35
38
40
685
43
47
48
48
48
6020
418
3066
4342
3115
3129
4467
3155
3161
14611
4413
3180
3198
3209
3221
3243
3245
3262
3282
19373
3293
2
3
7
3
3
3
5
10
7
7
7
8
8
9
9
9
10
11
12
12
13
13
4633
13
13
14
14
14
19
15
19
15
15
15
16
16
16
16
16
16
17
17
17
17
4637
18
18
18
18
22
19
19
19
19
19
20
20
20
20
20
20
20
20
20
20
20
25
25
21
22
22
22
22
23
23
4643
23
24
24
24
28
24
25
26
26
26
27
27
28
28
29
34
35
40
37
37
42
39
40
41
42
3343
43
44
3364
8657
232055
23763
3408
3408
13585
3425
234988
4750
3436
4761
4782
3465
3478
235045
235057
4736
4819
3529
3529
225700
134090
3547
235112
4904
4925
4927
15059
41683
4
4
4
4
4
9
7
7
11
8
8
8
8
9
9
13
9
13
9
10
10
11
15
15
11
11
11
12
12
16
12
12
17
13
13
13
14
14
14
14
14
15
15
15
15
15
19
15
19
16
16
16
16
16
16
17
17
17
17
18
18
23
19
19
19
19
19
20
20
20
20
20
21
21
21
21
21
22
22
23
23
23
23
23
24
24
25
4977
27
31
28
29
30
32
37
38
39
39
39
40
41
43
48
51
134270
86790
3737
3756
13354
3864
5256
8
8
10
12
9
10
16
13
18
14
14
15
15
15
15
16
16
16
17
17
17
17
17
18
18
18
18
18
19
19
19
20
20
20
20
20
21
21
21
21
21
21
21
21
26
22
22
22
22
22
22
27
22
22
27
23
23
23
23
23
23
23
23
24
24
24
24
24
24
24
25
25
25
25
25
26
26
31
26
27
28
28
29
5313
29
1355
30
35
30
30
31
32
32
32
34
38
40
41
4003
5324
46
47
5331
4012
51
19781
77
4041
81
224391
2415
31652
4136
10410
5474
223
5522
6861
5558
32801
6941
5617
6
6
11
9
10
18
13
18
13
13
13
13
14
14
14
14
15
20
15
15
15
16
16
16
16
16
21
16
16
21
16
16
16
17
17
17
17
18
18
18
19
24
19
19
20
20
20
20
21
21
26
21
22
22
22
22
22
23
23
29
24
24
25
25
25
26
26
26
26
26
26
33
28
28
28
28
29
29
29
29
31
32
33
34
35
36
37
38
5652
39
39
40
43
43
44
44
45
46
46
50
4343
59
4375
1752
225736
4407
4483
5809
5844
5897
5917
5941
17
18
19
21
4651
5987
2041
6007
1745
7367
6064
6113
4798
15301
4837
225672
236422
4907
16727
15766
10
1322
236606
5056
1369
1402
5112
1408
7429
1490
1501
5242
7564
5267
547377
1
10
19
22
236876
6642
43125
225715
18494
1679
226216
14284
6759
6784
226078
3542
12782
8217
5
11
15
17
18
225721
237188
547733
21
226720
6990
13922
120
15267
7091
237358
22202
226380
226198
1268
7219
24638
227007
7271
7276
20
24022
7387
7371
227215
7535
606
228393
7918
35371
7592
10
11
18
20
7624
21096
5681
548478
8037
227481
8409
228641
238089
7878
3
1763
5
7
11
29633
238193
711
227476
8006
5100
8079
15643
8119
4187
3115
8226
118066
238481
8
10
10
12
12
15
15
16
3230
227557
36667
227531
8524
10
11
15
25
27
238851
227916
19127
8627
8725
17948
264
1
6
9
89
227977
9034
228864
8125
4118
14113
9238
2
14
9258
4262
9228
229358
8350
4323
4359
4423
239732
3904
239810
11
239827
4582
4618
4701
1766
230662
9816
9823
28557
10
4891
35
229696
4901
4375
9989
1757
5084
240384
26958
37445
240467
11
11
14
18
229838
5306
9030
10462
289
10545
5512
5513
9
13
17
20
22
5564
5568
10606
229880
5593
5645
5650
8049
19901
5704
19
21713
10939
230474
1154
11107
241438
8
10
24674
9259
11246
88
231382
8774
18988
13
14
15
23
31
36
45
6594
11711
6702
21251
11846
20701
11856
230883
231628
7
7
13
17
6862
9605
6930
552750
7031
7119
9
7183
11
38835
233143
8719
7421
2
11
553336
24
12573
7629
7664
5819
7767
231825
7778
7797
2
7908
7914
7922
7947
4748
1774
1291
13196
10
24
8391
11
66
28067
8669
8818
8894
10724
180
9032
266
9103
9881
10
34
36
22775
9222
9223
25069
9489
24
24
22138
14605
9712
10148
9783
24306
9796
9801
22
23
28
14920
9907
9914
43277
9998
10038
10067
15107
12
24
29
10286
15244
30010
7
10
10
46903
1486
14368
10738
11
14
2
39
10882
15934
15999
60133
25234
279
11135
14
38
18
88
9368
246622
16
18
19
5347
8338
246890
169
16733
2222
1908
10200
13
16
17
19
20
25
38
23882
4
11990
17029
4
4
26635
8
15
16
17
17
25
3
12231
10760
4
31222
650
11218
1
7
9
11
13
15
17
4
4
3
11
11
13
14
14
34
32320
17924
46212
12348
7431
18041
9
13
14
16
19
20
21
12638
12655
4
13251
12678
12711
3
12782
12836
12838
3
12851
4950
12867
15
16
17
18
21
23
25
12892
12900
12912
28010
12930
12947
12955
12961
12968
12971
13550
12977
12983
12994
13012
13015
13020
12691
13038
13049
13065
12414
5165
13087
13091
13099
13102
13109
13114
13119
13121
13123
13133
13136
13137
13138
13145
13156
13163
13167
1624
13172
13178
13190
13195
13195
14
15
16
17
18
13219
27
16
28
13223
13225
13229
40
13238
13241
13242
13245
13257
13261
13268
12949
12951
12953
12953
13286
13286
13293
13870
13297
13298
13305
12979
13318
13318
13320
13328
13338
13340
13012
13344
13347
13347
13350
13363
13365
13374
13043
13374
13378
13388
13391
13393
13394
13396
13399
13398
13403
13405
13075
13416
13086
13422
13428
13431
13432
13443
13444
13445
13448
13452
13457
32845
249316
13463
13466
13464
13466
13467
13470
13471
13469
13472
13476
13477
13481
13481
13482
13487
13161
13495
13496
13497
13505
13503
13504
13502
13174
13506
13181
13518
14100
13535
13530
13533
13535
12
13536
14
12884
16
16
17
17
13542
17
18
18
18
13218
13548
13219
27
13551
28
13555
13555
30
13556
13559
13233
13243
13575
13578
13582
205
13594
13602
13602
13272
13611
13282
13614
13622
13620
13619
13621
13624
13292
13627
13296
13297
13629
13630
13633
13636
14215
13637
13638
13640
13308
13312
13643
13312
13314
13317
13648
13655
13648
13320
13651
13654
13654
13667
13661
13333
13665
13674
13688
19299
13688
13363
13371
13695
13696
13366
13700
13374
13378
13378
13709
13710
13711
13715
13385
13717
13727
13407
13731
13407
13745
13745
13421
13414
13748
13420
13754
13423
13755
13766
13760
13761
13443
13773
13446
13446
13777
13448
13452
13455
13791
13467
13798
13807
24368
13801
13803
13477
13485
13485
13487
13488
13819
13824
13493
13496
13826
13826
13499
13502
13505
13511
6
8
9
9
9
9
13863
6
6
11
1
12
13536
13
13866
13
13866
14
13869
10
14
15
15
15
16
13540
17
17
18
14
18
18
13541
19
19
19
19
19
19
13872
20
21
21
21
21
17
18
19
13546
20
13547
25
26
13549
28
30
13556
38
39
39
13565
42
13566
13577
13587
13916
13918
13920
13923
13927
13603
13933
13935
13608
13939
13944
13614
13628
13631
13632
13969
13640
13640
13643
13644
13647
13648
13649
13652
13657
13987
13660
19606
13668
13674
13673
13680
13687
13688
14020
14018
13689
14028
14026
14027
13697
13699
14031
13703
13708
14048
13719
13724
13731
12748
13732
13735
13735
13736
14066
14072
13418
13750
13754
14085
14094
13764
13765
13780
14110
13786
13791
14122
13796
13796
13805
13799
13800
14132
13803
13805
14136
13815
13817
13819
13824
13833
14164
13837
14752
13856
13849
13851
13864
8
3
3
4
10
5
13864
13864
13
7
7
13
13866
8
8
9
15
10
10
10
12886
16
10
17
17
17
17
18
18
12
12
12
12
12
19
13
13
20
14
14
14
14
14
15
15
15
15
16
13875
16
16
17
17
17
17
17
17
18
18
13878
19
19
19
19
19
19
20
20
20
20
21
21
21
21
21
27
21
21
22
23
23
13883
25
32
28
13896
30
32
32
13899
33
33
34
34
34
34
41
13895
36
37
38
38
39
39
13901
13917
14247
13938
13936
13942
14272
13957
14288
13960
14293
13964
13966
13969
14303
13974
13976
13977
13987
13988
13989
13992
13996
14329
14019
14034
13377
14032
13049
14365
14385
250239
14062
14066
14398
14069
14075
14085
13778
14109
14440
14129
14140
14475
14484
14169
14502
14168
14508
3
10
5
6
7
7
13873
8
15
9
15
9
15
15
10
10
10
16
17
11
11
17
17
18
18
12
12
12
12
12
13
13
15111
13
19
19
19
13
14532
14
20
14
14
15
15
15
21
15
16
16
22
16
13881
17
18
18
18
18
12894
18
18
18
19
19
19
19
19
19
20
20
20
20
20
20
21
22
22
22
22
23
25
25
25
26
26
26
26
26
27
27
27
27
27
28
29
29
30
30
32
32
12909
33
33
34
34
35
35
36
39
39
40
41
41
13925
12611
14258
14259
14272
14272
13307
14356
14692
13068
14135
4
4
12
12
12
12
6
7
7
13
7
31923
8
14
15
9
14858
15
10
10
10
16
10
10
11
17
11
17
18
12
12
18
13
13
13
13
13
13
14
14
14
15
15
17
12894
18
19
14868
19
19
19
19
20
20
20
20
20
20
21
21
21
21
21
21
21
22
22
22
22
22
22
22
28
22
23
23
23
29
24
24
24
24
30
24
24
25
26
26
26
27
27
27
14876
27
28
28
28
34
28
29
29
30
32
32
33
33
35
37
37
37
38
38
14557
14897
14609
14944
14615
12669
250843
14664
14355
15030
14701
15043
15047
15047
13756
12805
15727
15745
14520
3
6
6
9
9
14
10
14
10
10
11
15
11
12
16
16
12
16
12
12
13
13
17
13
13
17
18
14
14
14
14
15
15
15
15
15
15
15
15
15
16
17
21
17
17
21
18
22
19
19
19
20
20
20
20
20
20
21
21
21
22
22
22
22
23
23
23
24
24
24
25
25
25
25
25
25
26
26
26
26
27
27
27
27
27
27
33
34
31
32
33
38
34
34
35
36
42
38
38
39
39
39
39
41
41
15219
42
13599
12966
15276
15318
13680
13384
15948
13396
14405
14739
12778
13442
14130
13809
12823
5237
15472
15487
4
4
4
4
10
11
11
7
7
8
8
9
14
10
11
11
16
16
16
12
16
13
17
13
17
13
14
15
15
15
15
19
16
16
16
20
16
16
16
16
17
17
17
17
17
18
18
19
16105
19
20
20
20
20
20
20
20
20
21
21
21
21
21
21
25
22
14875
22
22
22
27
27
23
23
23
23
24
24
24
25
25
25
26
26
26
26
27
27
28
28
28
28
13562
30
30
30
30
37
33
37
38
38
38
39
40
40
40
40
41
43
14239
13580
14249
16166
12971
21245
14006
13731
13420
14087
251595
14756
13811
15809
28357
1
15839
7
3
10
6
6
11
7
8
9
14
10
14
15
11
15
11
11
12
12
16
12
16
12
13
14
18
14
14
15
19
15
15
15
15
15
15
15
17
17
17
21
18
18
18
18
19
19
19
19
19
20
20
20
20
20
21
21
21
21
22
22
22
22
22
22
22
22
22
22
23
23
27
23
23
24
24
24
24
24
25
26
26
28
28
29
29
29
29
29
34
30
32
32
34
37
39
39
40
40
42
42
43
49
45
48
53
57
14328
13702
15695
14404
28267
15739
114794
14819
16169
3
3
10
7
7
13542
9
13
9
14
14
11
15
10
11
11
16
16
12
11
16
12
13
13
12
12
13
12
12
12
13
18
18
14
15
14
14
15
20
16
15
21
16
16
18
22
17
18
22
18
18
18
19
19
23
19
20
20
19
19
20
20
21
20
21
20
20
20
21
21
21
22
22
22
22
22
23
23
23
24
25
25
25
26
27
27
28
29
29
30
30
30
31
31
31
31
37
33
33
34
33
37
39
40
41
41
16209
65
30415
13965
21896
14978
15646
13009
13702
28281
13108
13525
8
9
3
3
5
12
12
7
7
7
14
14
8
8
14
8
10
15
15
10
16
10
10
10
11
11
11
11
11
13
12
12
13
19
13
13
13
13
20
14
21
16
15
16
16
16
16
17
18
18
17
18
18
18
18
18
19
19
20
19
19
20
20
20
21
21
21
21
21
21
22
23
22
23
24
24
24
24
13560
25
25
25
26
27
26
26
13231
26
27
27
28
28
29
34
29
29
29
29
30
36
32
38
33
34
35
36
36
38
14574
14261
95
14624
13648
252480
13005
14382
13779
13784
13807
13153
13843
3
7
4
4
4
11
12
7
7
13
8
8
14
8
8
8
9
9
16
17
17
11
12
15198
13
14209
13
13
13
13
14
20
14
14
14
14
14
15
15
16
16
16
17
17
14214
18
18
19
19
19
19
20
20
20
21
21
21
21
21
21
21
21
21
22
22
22
22
22
22
22
23
24
24
24
24
24
24
25
25
25
25
25
26
26
33
27
27
27
36
30
31
32
32
33
34
34
35
35
36
36
37
37
38
39
41
16627
13704
78283
22621
13750
13761
14093
14096
13440
1589
16114
13858
7
4
10
5
5
10
10
5
6
12
7
8
8
9
9
9
15
11
11
16
11
12
13
13
18
14
14
14
15
15
16
16
16
21
17
17
17
17
18
18
18
23
19
19
20
20
20
20
20
20
20
20
21
21
21
21
21
22
22
22
22
22
23
23
23
23
23
24
24
24
24
24
24
24
24
30
25
25
26
26
26
26
26
26
27
28
28
28
28
29
29
31
32
32
39
35
35
35
36
38
40
41
48
14603
14303
14704
13741
16084
14114
14117
3
3
3
3
11
12
6
7
7
7
7
7
14
8
9
15
9
9
9
9
16
11
11
11
11
12
12
12
12
18
12
13
13
13
13
19
13
13
14
14
14
15
16
16
17
17
17
17
17
17
18
24
18
24
18
18
18
18
18
19
19
25
19
19
19
53187
20
26
20
20
20
20
21
21
21
21
22
22
22
22
23
24
24
24
24
25
25
26
27
27
27
28
29
30
31
32
33
33
34
36
37
37
38
38
14941
15274
23271
242808
41041
14420
16751
13841
8
9
10
4
4
12
13
7
13
8
8
9
9
10
16
11
11
11
11
11
11
12
12
12
12
13
13
19
13
13
13
13
14
14
14
14
14
14
14
14
15
15
15
16
16
16
17
17
17
17
17
18
18
18
19
20
20
20
21
21
22
22
22
22
22
22
22
23
23
23
23
29
23
24
24
31
31
27
27
28
29
29
36
30
32
32
32
32
33
33
33
33
33
33
35
37
38
39
42
44
44
17220
15912
16248
16267
101
13000
13044
16028
15089
12783
15444
1950
13188
16162
2
7
13
14
10
10
16
12
18
12
13
13
13
14
20
20
15
15
15
15
16
16
16
16
17
17
18
24
18
18
19
19
19
19
19
19
19
20
20
20
20
21
21
21
21
21
21
21
21
22
22
22
22
22
22
22
22
22
23
23
23
24
24
25
25
25
25
25
25
26
26
26
26
27
27
27
27
27
33
29
29
30
30
30
30
31
33
34
34
40
36
37
40
40
41
41
42
43
43
44
14251
14257
13639
12983
12985
14337
13016
13687
13053
14055
13067
1911
14122
13477
30944
15790
9
3
3
12
12
12
7
7
8
16
9
10
10
10
11
11
11
11
12
11
11
12
12
18
12
13
13
14
14
13
14
14
14
14
15
15
21
15
15
16
17
16
17
23
24
17
17
19
19
18
19
19
19
20
20
20
21
21
21
22
21
23
23
22
23
23
23
23
24
23
25
25
26
25
25
26
26
33
27
27
28
34
28
28
28
29
29
30
30
31
31
32
14560
35
35
35
37
13575
39
40
41
42
14617
14632
13659
13342
14030
13703
13434
13767
1899
14109
18727
2
7
10
10
10
10
5
6
6
7
7
8
9
10
10
10
10
16
10
17
11
11
11
12
12
12
13
13
19
14
14
14
14
14
14
15
15
15
21
16
17
17
17
17
17
17
24
18
19
19
20
20
20
20
20
26
20
21
21
21
21
22
22
22
22
23
23
23
23
23
24
24
24
24
24
25
25
25
25
26
26
26
26
28
29
29
30
32
34
34
34
35
36
37
37
37
38
38
41
45
47
70608
13650
13036
13372
14697
12815
12817
14154
12834
2
9
4
4
5
6
12
7
8
8
8
9
12
12
18
12
12
12
12
13
13
19
13
13
13
14
14
20
14
14
15
15
15
15
15
16
16
16
22
16
17
17
18
18
24
18
18
18
19
20
20
21
21
21
21
21
21
23
29
23
23
23
23
23
25
25
25
25
26
26
26
26
27
33
28
28
30
30
31
31
31
32
32
32
32
32
33
34
34
35
35
37
14564
40
40
40
40
41
41
13577
43
44
14574
19781
14919
14590
12951
14933
111993
14345
13703
14695
14381
13744
1910
7
8
9
4
13211
11
12
7
10
11
11
11
11
17
11
17
12
12
13
13
13
13
14
14
14
14
14
15
15
15
21
23
17
17
17
17
18
18
18
18
18
19
19
19
19
20
20
21
21
21
21
21
21
22
22
22
22
22
22
28
23
23
23
23
23
23
23
24
24
24
24
24
24
24
24
31
25
25
25
26
27
27
28
28
29
30
30
14886
31
31
32
32
33
33
35
36
37
15553
38
39
39
42
42
44
255384
13286
14369
15383
15088
13791
13476
15168
10
3
3
10
3
3
10
25418
5
5
5
6
6
14
7
7
7
7
7
8
9
9
9
9
10
10
10
10
18
12
12
13
13
13
20
20
13
14
14
15
15
15
15
15
16
16
16
23
17
17
17
24
18
18
18
19
26
19
19
19
19
20
20
20
20
21
21
21
21
23
23
24
24
24
25
25
26
26
27
27
28
28
29
30
30
37
33
33
35
36
37
39
40
40
41
14573
14626
13675
13678
13690
14083
14123
15154
13846
14844
4
7
8
15
15
15
10
18
18
12
19
12
12
20
13
14
14
14
14
14
14
15
15
15
22
16
16
16
18
18
19
19
19
19
19
19
19
21
21
21
21
22
22
22
22
22
22
22
22
23
23
23
23
23
24
24
24
24
25
25
25
25
25
26
26
26
26
27
27
27
28
28
28
29
30
37
37
30
30
31
31
31
13568
31
31
32
32
32
32
32
33
33
34
34
35
37
37
38
39
15227
42
44
12927
13310
13663
14375
13748
14411
15087
13772
13808
13812
13154
13821
14154
3
3
3
3
11
5
6
13
6
6
13
14
8
15
10
11
11
12
12
11
11
12
12
12
19
14
14
14
13
13
14
13
13
14
16
15
22
15
16
16
17
17
17
17
17
18
18
19
21
20
20
20
20
21
21
21
21
21
21
22
22
23
24
24
25
26
26
27
26
27
27
27
27
28
27
27
28
30
30
29
29
36
37
31
31
31
32
33
33
33
34
41
35
35
38
39
40
12917
44
15232
13914
14261
12967
13680
13403
13157
57985
13524
3
10
12
12
8
15
9
10
10
11
11
18
11
12
12
19
12
12
12
12
13
13
14
15
22
15
16
16
17
17
17
18
18
18
14546
19
26
19
20
20
20
20
20
20
20
21
21
21
21
21
22
22
29
22
22
23
23
23
23
23
23
24
24
24
24
24
24
24
24
24
31
25
25
25
25
25
25
26
26
26
27
27
27
27
28
29
14227
30
30
30
31
31
35
35
35
37
39
41
13282
256742
13309
13684
168
13730
203
13421
2
3
4
6
8
10
10
12
12
12
13
13
13
13
21
13
14
14
14
22
14
15
16
16
17
17
17
16
16
16
16
17
17
18
17
18
25
19
19
18
19
20
19
20
28
21
21
20
20
20
22
29
22
22
22
22
22
30
22
23
23
24
24
32
25
32
24
25
33
26
27
34
27
27
28
28
28
36
29
29
29
30
30
31
32
33
33
33
34
34
35
35
35
39
39
39
39
41
13991
14004
14043
13714
13404
13743
14462
14474
13816
17139
8557
10
15
15
16
17
17
17
25
19
19
19
19
20
20
23
32
15878
14566
46
39
43
15234
67
98
100
101
103
109
110
121
127
127
129
131
131
135
135
14335
138
141
144
147
148
151
153
166
160
166
170
173
176
178
194
187
188
15051
194
195
204
204
205
205
208
212
212
213
214
216
216
216
225
225
226
226
227
236
239
242
245
248
248
251
260
260
266
292
299
301
303
306
310
2
326
55675
10
340
342
11
11
22
348
352
357
364
365
42
43
46
382
66
403
73
408
14608
89
90
100
99
101
105
108
115
120
14650
125
137
152
154
484
155
158
167
172
172
1820
174
177
186
181
184
517
189
190
191
192
193
195
197
198
207
208
208
210
211
212
212
213
214
216
216
217
223
228
230
231
241
236
237
238
245
246
249
255
256
258
269
270
272
285
297
312
313
315
325
324
332
333
19
11
344
14
27
19
363
25
37
41
44
51
383
53
53
405
258036
68
68
402
83
74
84
79
108
258067
103
118
121
122
124
457
131
141
135
14666
139
151
145
154
167
488
162
173
163
164
170
173
173
185
14710
192
183
189
190
190
193
195
196
201
205
205
209
210
211
212
213
215
217
3
222
222
236
567
237
243
244
248
250
254
254
259
260
1261
263
265
268
272
273
279
280
283
283
284
287
291
307
14
11
11
340
11
21
343
351
356
31
37
368
54
54
61
63
73
74
78
78
408
80
412
102
99
48205
116
117
118
120
123
133
135
140
134
135
149
141
143
146
151
152
153
153
157
169
175
178
171
171
172
177
176
178
180
182
183
184
184
184
197
189
190
191
191
193
194
195
195
198
200
203
204
210
210
213
217
218
221
224
227
227
230
240
240
241
244
245
254
257
258
260
264
272
281
292
295
324
328
12
343
22
22
29
35
53
62
77
77
77
87
419
428
1
103
105
108
110
122
125
126
128
133
133
135
140
152
155
155
156
156
156
164
158
160
160
163
163
165
168
168
168
170
173
173
174
178
187
184
187
194
188
195
189
189
190
191
194
194
202
200
200
39369
201
205
212
209
212
219
216
224
224
223
225
227
228
228
229
229
253
249
254
254
255
256
268
10160
269
283
298
307
312
316
320
324
329
12
12
345
345
16
23
16
25
32
356
38
51
51
387
57
59
65
396
69
74
76
78
83
93
103
15952
43586
116
121
128
130
133
136
138
141
145
146
150
151
156
158
161
161
161
164
165
165
166
169
175
185
179
186
187
189
190
193
205
205
199
202
203
211
204
212
206
214
217
211
211
8468
222
215
227
233
237
242
249
245
247
252
260
256
257
263
263
277
283
10506
287
623
295
305
307
312
332
14
11
11
19
13
10570
26
367
43
50
54
56
56
57
40558
75
79
