168
169
661
902
179
200
212
703
221
729
740
499
752
271
766
766
37
38
41
41
5120
305
803
376
630
1126
411
428
1170
187
693
947
956
1204
524
95741
537
1045
1049
1060
41
627
628
635
1132
657
669
1191
969
1222
5608
5656
5475
1161
4
930
314646
1535
5640
5945
1143
1642
269
6034
2
313254
1271
96504
1853
1855
130196
2214
2217
97839
6778
312671
2725
2243
97456
86402
2782
2843
2953
2756
3011
122682
97922
97964
191948
3722
3723
7853
3562
3616
3643
98560
8077
4003
45115
45355
1803
45355
20588
25501
3853
8684
8738
4703
4475
3743
99359
4709
10769
316742
99504
82
5019
129964
5098
4858
4644
3
5386
24442
616
15116
55583
5623
3
67
9872
9896
5602
5633
593
5338
6057
134363
24001
6250
5584
66
320002
6756
0
221301
598
101437
66
317047
103
318934
102232
8029
820814
12516
12526
7993
322219
319746
600
12860
2
8727
8252
87
2
43206
9069
4637
4911
4947
319592
5036
105056
9626
5059
5064
5070
31568
5083
5100
5112
5115
86400
5138
319772
5165
5178
5184
5202
5204
5209
5216
5220
104514
5226
5234
5251
5269
5280
5292
5309
5325
5331
5348
5351
5351
5360
5365
5368
5372
5383
5384
9957
5396
5403
5407
5416
5419
5426
5434
5437
5439
5444
5449
5458
5461
5461
5462
5468
5488
27874
5494
5508
5510
5512
5524
5527
5529
5530
5531
5536
5544
5549
5553
5557
5557
5559
5567
5573
5576
5579
5593
5601
5602
5604
5606
5612
5615
5616
5631
5632
5636
5636
5637
5639
5645
5647
5649
5651
5646
5653
5656
5658
5659
5661
5663
5663
5670
5671
5672
5673
5675
5675
5681
5683
5684
5686
5686
5686
5688
5688
5689
5692
5686
5696
5709
5709
5711
5722
5722
5724
5725
5158
5727
5732
5732
5734
5735
5744
5747
5751
5755
5759
5760
5762
5765
5769
5770
5206
5777
5778
5779
5780
5782
5783
5784
5786
5788
5793
5799
5803
5804
5805
5806
5807
5815
5823
5817
5824
5817
5834
5834
5835
5837
5840
5843
5857
5857
5860
5871
5875
5876
5880
5881
5881
5882
5883
5885
5887
5895
5897
5905
5906
5911
5912
5917
5918
5918
5913
5919
5919
5923
5928
5929
5935
224925
5935
5949
5955
5957
5966
5970
5417
5984
5986
5980
5989
5990
5986
5996
5996
5999
6000
6000
6009
6011
6006
105306
6014
6021
6022
6022
6024
6025
6026
6031
6036
6046
6040
6058
6059
6061
6061
6060
6069
6071
6072
6076
6079
6082
6083
5815
6102
6110
6110
6110
6111
6111
6112
6121
6116
6117
6124
5559
6129
6131
985691
6142
6150
6146
6148
5871
6152
6152
6162
6164
6161
6183
6180
6188
6194
6189
6198
6194
5638
6202
6207
6207
6213
6216
6223
6226
6222
6229
6236
6232
6238
5963
6244
6250
6245
6255
6250
5975
6256
6265
6265
6269
6269
6264
6265
5987
6275
6272
6278
6278
6273
6279
6274
6280
6286
6279
6282
6293
6297
6293
6305
6299
6022
6301
6301
6304
6312
6307
6033
6035
6320
6316
6316
6039
6317
6324
6041
6331
6327
6334
6334
6334
6338
6333
6341
6335
6341
6336
6338
6064
6351
6352
6355
6352
6074
6354
6356
6359
6367
6091
6370
6092
6095
6381
6376
6384
5817
6379
15292
6386
6384
6386
6387
6397
6392
6399
6115
6117
6402
6396
6403
6404
6405
6407
6401
6134
6422
6423
6141
6421
6421
6431
5870
6432
6434
6440
6441
6443
6444
6450
6453
6178
6474
6469
6193
6471
6472
6479
6475
6474
6482
6489
6491
6207
6489
6212
6506
5943
6518
6235
6521
6515
6515
6244
6245
6531
6247
6526
6253
6540
6260
6262
6546
6264
29170
6265
6270
6553
6564
6565
6005
6566
6297
6582
6592
6589
6030
6323
6324
6047
6055
6057
6629
6355
6358
6089
6102
6109
6112
6417
6140
6426
6144
51007
6160
6449
322809
6177
6470
6194
6200
6208
6209
6493
5924
6214
6500
6217
6220
6224
6226
5947
6237
6239
6242
6247
6249
6252
6259
6262
5982
6283
6293
6297
6007
6008
6309
6314
6028
6031
6327
6037
6328
6328
6341
6058
6058
6353
6066
6359
6071
6362
5783
6084
6374
6376
6086
6090
6095
6096
6103
6397
6108
6120
6120
6122
6414
6415
6415
6127
6130
6423
6138
6432
6150
6152
5862
6159
6159
6162
6167
5876
5877
5878
6171
6461
6463
6179
6182
6182
6184
6188
6189
6489
6201
31853
6202
5910
5910
6205
6206
6208
5625
6216
6220
6220
6224
6225
6225
5639
6230
6230
6232
6235
6237
5944
5946
6240
6531
6241
6536
5657
6247
6251
6252
6253
6253
6254
6256
5972
6555
6273
6280
6283
6288
6300
6300
6305
6015
6311
6312
6314
6316
6318
6620
6331
6038
6340
6345
6349
6355
6355
5770
6072
6373
6084
5492
6387
6095
6388
6389
6398
6106
5516
6110
6114
6119
6124
6418
6131
6429
323355
6436
6441
6447
6448
6449
6158
6159
5870
6462
6464
6175
5584
6182
6188
6189
6490
6200
6205
6206
6209
6506
6220
29757
6227
6228
6240
6240
6240
6243
6243
6245
6246
6247
6255
6255
6266
6267
6270
6270
6277
6286
6293
6593
6301
6302
6305
6309
6311
6316
6317
6318
6320
6324
6326
6329
6338
6349
6360
6364
6375
6375
6394
106834
6402
6407
6414
6424
6425
6435
6444
6450
6454
6468
6468
2
6482
6492
6537
5061
6549
6608
107064
6063
107850
5816
7848
2
6144
6156
6167
6175
6177
6178
6185
5297
6203
6205
6220
6225
6267
6268
12616
6318
6052
6056
6354
6062
1
6090
6093
6101
6109
6405
6116
6413
6133
6135
6140
6140
6141
30567
6155
6168
6190
6191
6203
6501
6208
6208
6212
6230
6241
6242
6538
6245
6248
6250
6283
6285
5992
12900
6002
6307
6316
6325
6326
6357
6358
17306
6080
6093
6397
6401
6116
6137
6445
6172
6471
6184
6185
6217
6238
5961
6272
5987
6287
12969
6040
6343
6051
6061
6063
6067
6071
6079
6381
6098
6101
6103
6107
6116
6135
6436
6439
6152
6156
6163
6165
6175
6176
6477
6183
6191
6225
6237
6241
6254
6267
6270
6310
6321
108253
6332
6407
5829
5886
5891
8293
6527
108458
5937
6539
5939
6571
5982
5983
6036
18044
6184
6204
228464
5954
5687
5990
6013
6042
4864
6092
6105
5832
6155
5872
6178
5897
5898
6198
5911
5917
6232
5972
6278
6284
5998
6021
6024
6325
6031
6331
6335
6336
6040
6046
6051
6055
6062
6373
6084
6386
6405
6121
6122
6189
6194
6194
6198
6200
6204
6212
6511
6230
6231
6232
6234
6236
6251
6255
6268
6278
6279
6285
6286
6292
6301
6302
6313
6314
6317
6322
6329
6335
6337
6359
6361
6368
5465
6400
6413
6427
6438
6442
6452
6461
6497
5597
5903
5914
5932
14695
5966
6019
6024
6029
174752
6079
6083
6098
6106
6121
6146
6146
6156
6178
6188
6188
6200
6204
6209
6211
6230
6233
6237
6251
6253
5951
6258
6259
6260
6262
6266
6271
6282
6284
6302
6318
6322
6324
6326
6327
6330
6331
6333
6333
6338
6339
6341
6347
6048
6354
6374
6393
6399
6097
6403
6406
6104
110873
6132
6157
6478
6193
6193
6506
6211
6213
11491
6220
6228
6231
6239
6243
6262
6267
6271
6592
6305
6610
6317
6319
6326
6326
6343
6361
6361
6362
6366
6377
61679
6425
2
6544
1
328354
111465
34788
232166
37624
17421
327722
231897
113347
18279
367263
36166
18415
333302
1
1
331996
42347
369425
175
235727
335355
116996
34765
150771
332552
40779
1
27413
18565
1
333588
43828
28783
119502
334849
206
12745
15
16
19
58
58
60
60
60
60
60
60
63
63
64
64
64
68
68
68
70
70
70
70
70
70
71
71
71
71
71
71
71
71
72
72
72
72
72
72
72
72
72
72
73
73
73
73
73
73
73
73
73
73
73
73
73
73
73
73
73
73
73
73
73
73
73
73
73
73
73
73
73
74
74
74
75
75
75
75
75
75
75
75
75
75
75
75
75
75
76
76
76
76
76
76
76
76
76
76
77
77
77
77
77
77
77
77
77
77
77
77
77
77
78
78
78
78
78
78
78
78
78
79
79
79
80
80
82
82
82
85
85
85
85
85
85
105
105
105
105
105
105
123
141
141
141
141
141
142
142
21183
46618
66176
340466
3
1
27727
242512
329121
339241
21
346
158417
158417
158417
158417
2
340308
1618
161
915
2
48525
128362
497
81158
775
36030
36023
36023
36023
642
642
642
642
642
642
642
642
642
642
642
642
642
642
642
642
642
642
642
642
642
642
642
642
642
642
642
642
642
642
642
642
642
642
642
642
642
642
642
642
642
642
642
642
642
642
643
643
643
643
643
643
643
643
643
643
643
643
643
643
643
643
643
643
643
643
643
643
643
643
643
643
643
643
643
643
643
643
643
643
643
643
643
643
643
643
643
643
643
643
643
643
643
643
643
643
643
643
643
643
643
643
643
643
643
643
643
643
643
643
643
643
643
643
643
643
643
643
643
643
643
643
643
643
643
643
643
643
643
643
643
643
643
643
643
643
643
643
643
644
644
644
644
644
643
643
643
643
643
643
643
643
643
643
643
643
643
643
643
643
643
643
643
643
643
864009
247113
333360
46001
0
2
129620
2
288008
864014
531
864007
157800
1087
203
317
35820
130
36016
36016
565
565
565
565
565
565
565
566
566
566
566
566
566
566
566
566
566
566
566
566
566
566
566
566
566
566
566
566
566
566
566
566
566
566
566
566
566
566
566
566
566
566
566
566
566
571
1292
1292
334
580
591
1353
1353
0
508
36016
536
540
1505
1506
1511
1512
570
0
121
469
753
808
922
952
219
1155
1170
1173
36022
36022
36022
686
686
686
686
685
686
685
686
686
685
685
685
685
685
685
686
685
685
685
685
686
686
685
685
686
686
685
686
687
686
686
846
846
846
846
846
846
846
846
846
846
846
846
846
846
846
846
846
846
846
600
601
853
854
1343
613
1601
1602
1604
1609
172
425
428
953
487
986
503
1046
1046
1046
1046
1046
1046
1085
1085
1085
1085
1085
1085
1085
1086
1086
1087
1087
1093
1828
1099
1104
1108
1109
1121
1121
1121
136
1132
1135
1135
155
156
157
1149
1151
1152
1162
1169
188
1179
1179
1187
1189
1190
1197
1208
1223
1231
2
254
1285
1314
864015
864015
864015
1320
1326
1329
1082
1337
1340
1342
360
1355
1359
373
1365
1367
1370
1381
395
1385
1391
1391
1397
1404
1415
675
1424
1437
1454
1456
226
1466
2
1482
1491
508
1497
266
1505
1507
1511
1519
1521
1527
1527
1527
1527
1527
1527
1527
1527
1527
1527
1527
1527
1527
1527
1527
1527
1527
1527
1527
1527
1527
1527
1527
1527
1527
1527
1527
1527
1527
1527
1527
1527
1527
1527
1527
1527
1527
1527
1527
1527
1527
1527
1527
1527
1527
1527
1527
1527
1527
1527
1527
1527
1527
1527
1527
1527
1527
1527
1527
1527
1527
1527
1527
1527
1527
1527
1527
1527
1527
1527
1527
1527
1527
1527
1527
1527
1527
1527
1527
1527
1527
1527
1527
1527
1527
1527
1527
1527
1527
1527
1527
1527
1527
1527
1527
1527
1527
1527
1527
1527
1527
1527
1527
1527
1527
1527
1527
1527
1527
1527
1527
1527
1527
1527
1527
1527
1527
1527
1527
1527
1527
1527
1527
1527
1527
1527
1527
1527
1527
1527
1527
1527
1527
1527
1527
1527
1527
1527
1527
1527
1527
1527
1527
1527
1527
1527
1527
1527
1527
1527
1527
1527
1527
1527
1278
314
1329
2318
644
899
935
2440
725
1480
539
0
93
126041
130
878
878
884
847133
702
471
1710
1007
1008
1029
864023
864023
864023
864023
864023
854
2832
1372
421
1173
1203
1226
1232
1249
1255
1272
49
51
58
1292
801
73
74
1299
0
342
356
357
636
1408
252793
705
500
0
101
1573
132
140
179
204
969
1021
0
0
0
0
0
0
3628
1816
7635
1852
611
134015
865
627
387
630
635
1863
1629
3109
426
4580
3137
454
464
501
0
531
4044
4074
665
4862
4937
803
396
399
415
925
5081
172816
997
322
1335
254443
376
5255
4536
379
630
2089
3138
221
718
5
6
6
20
21
31
758
105
3095
1385
3338
213
6
6
6
6
6
6
6
6
6
6
6
6
5609
560
498
994
5643
5649
70
70
5673
76
820
5701
5735
153
155
162
2833
447
712
1
1711
1711
5157
525
52
1268
63
5202
5937
1064
107
5986
869
5994
3063
717
4
7
1982
4926
52482
310
244
2066
1124
2103
2119
2129
0
1
2222
1755
1285
2264
5713
833
1339
3125
2397
0
0
0
1
1
9
99
10109
3818
617
7
7
9
9
27
6123
4409
1561
861
2794
1618
6306
718
6
6
6
6
6
7
7
7
7
7
7
7
9
10
10
10
10
10
10
10
11
16
17
19
96
5706
1252
326
3392
418188
418188
418188
418188
418188
418188
418188
418188
418188
418188
418188
417528
417528
417528
417528
417528
417528
417528
417528
417528
417528
417528
417198
417198
417198
417198
417198
416868
416868
416868
416868
416868
416868
416868
416868
416868
416538
416868
416538
416868
6454
10409
352599
13
2913
808
1557
343070
7211
7211
7211
0
17
1225
1286
854
3605
1202
60828
3
3
3
3
4
4
6
8
3
2
3
3
498
3
2
2
3
2
3
4
3
3
4
4
5
3
4
3
4
3
3
3
359
4984
392169
7202
1192
257
305
296
312
314
318
304
3
335
286
8
5415
316
31
350
349
293
287
371
315
323
1586
352
366
383
397
409
3
2
422
402
428
424
7227
61281
436
503
196
535
266840
348962
266840
348962
348962
348962
266840
266840
266840
348962
266840
266840
561
232
2
3
3
7216
7216
21
685
281
9182
3
3
7521
2
3
745
755
454
3236
333122
333122
259570
259570
333122
259570
0
215
2445
5720
1143
579
593
13259
4322
315
316
242
669
14
15
3605
354
615
2231
295
61881
327
17
2
2
369
400
821
414
443
524
12
869
899
62060
4117
244
575
506
253
1274
290
0
64531
0
569
0
11
323
1
4
603
14
15
364
364
304
634
67
424
457
515
524
1557
5907
0
1307
3
0
10
12
377
1371
39612
3
4
7540
1441
2269
11
491
196
5467
7688
1569
1570
7219
1587
1590
1961
0
2
6
1660
4877
1664
2014
1410
1749
1763
1110
7215
7215
2148
1836
1548
567
394266
70
1613
1944
2768
652
2
4
5
6
7
8
8
12
2038
63
2055
7211
7211
7211
412
63247
137
706
505
506
257
63399
275
1654
6
6
7
7
7
7
7
7
7
7
27
9
9
9
9
9
9
9
1346
969
864015
864015
2093
1437
5706
1504
880
1210
551
1260
1266
1196
0
0
0
654
1315
5
1353
63
1389
1394
2
2
2
2
2
2
3
3
3
3
3
3
3
1416
1417
1417
1438
448
5978
260536
1453
814
1387
1480
1484
1485
1485
497
10184
1503
1510
1519
1442
1449
1536
1462
1468
1564
1567
1568
1490
1584
1594
1510
1527
1627
230
243
1650
5
5
5
5
6
6
1577
1677
1679
359
275
277
282
283
370
284
1690
288
291
294
294
299
1630
3
3
4
4
4
4
4
4
4
4
1646
1743
339
1752
352
1759
770
1681
1771
1773
1775
1777
5356
380
1790
1795
71
74
70
1481
1839
1842
1844
1846
1856
1770
1777
1900
1917
1925
1931
1932
1934
1943
3597
240
250
1975
1978
990
258
3632
1984
5
5
5
5
5
5
6
6
6
6
1987
8
8
268
1990
671
271
13
283
2009
291
293
2017
1359
2021
2025
51
316
2
2048
3
3
3
3
3
3
3
3
3
3
3
3
3
3
2
3
2078
2090
2097
57
360016
2133
2139
2179
2183
2186
2190
2193
2196
1536
2198
2206
2216
2225
2234
2243
2243
2251
2264
2266
2266
224
2271
228
0
235
237
642
887
252
259
264
2313
5
5
5
5
6
271
277
279
280
288
290
2341
2344
300
2349
307
705
64838
2372
328
3
3
3
4
3
7
3
11073
3
2392
3
3
3
4
7
4
2396
2
2
2
2
2
2
3
3
3
3
5
3
5
5
5
5
3
3
3
671
3
3
3
3
3
3
4
360
18
2435
2439
45
53
497
2492
2502
13845
2522
2530
1556
2553
2563
1587
2583
2599
2934
217
230
2613
223
235
232
2624
2626
230
234
2629
236
243
237
243
243
2640
247
251
247
262
250
5
254
262
260
2658
264
264
281
284
275
269
271
5765
281
282
2679
285
293
7219
7219
7219
7219
7219
289
292
303
310
2705
2708
3
6
3
5
2715
2
2
2
3
3
3
3
3
4
4
4
4
4
4
4
3
4
4
4
4
4
4
4
4
4
2721
7
368
458
54
11202
72
74
2790
79
2817
2828
2851
2853
2853
2854
2858
2867
2886
2893
2899
1493
197
198
2917
203
2920
1516
209
210
219
2935
229
1618
227
10644
233
241
233
2952
65434
238
2955
239
244
252
247
247
2963
249
251
261
266
2983
2984
269
269
270
270
274
276
2997
1615
318
4687
3044
3
1725
3046
4
4
4
4
4
4
4
4
4
4
4
4
4
4
4
4
4
4
4
4
4
4
4
4
4
4
4
4
4
4
8
3062
441
369
117
56
57
60
1375
3110
70
76
86
3137
3140
3144
3156
3166
1521
3171
537
3186
3192
1555
3208
1490
194
194
204
208
209
210
213
214
215
215
224
225
226
227
228
231
232
232
234
235
238
243
245
241
246
249
3305
261
274
279
3329
3340
304
3353
3364
1638
2
2
2
2
3
3
3
3
3
3
3
10830
2
3
2
3
3
4
4
4
4
4
6
2
2
2
2
3
3
3
3
3
3
9
344
5
3395
427
6017
12581
35
37
3412
39
50
51
60
3438
66
1163
106
1749
5379
3498
3501
1547
162
173
176
66039
178
190
184
1515
2583
202
203
204
204
195
208
1274
210
1526
204
218
217
219
224
222
215
225
225
229
228
221
223
234
234
234
0
0
0
0
0
0
0
1
1
1
1
1
1
1
1
1
1
1
1
1
1
1
1
271
264
1671
279
300
375
1302
395
1386
2
2
2
2
2
3
3
3
3
3
2
2
2
2
3
3
2
3
3
2
4
2
2
2
3
3
2
2
3
4
5
11
1333
5378
31
33
33
32
33
47
69
1137
83
102
6433
1436
1439
0
48016
10817
6956
2138
2223
172
172
176
176
186
181
192
191
199
193
207
195
204
205
203
198
205
210
214
223
224
222
1878
224
225
5591
231
240
241
1554
246
279
62
1392
3
6652
3
2724
2
3
2
3
2
2
2
2
2
2
3
3
3
4
2
3
9
9
9
9
9
9
9
9
9
9
9
9
9
9
10
12
32
32
30
31
38
1713
65
486
86
4831
7024
138
161
177
180
178
188
186
194
196
194
197
202
204
205
207
211
212
212
333
12
12
12
12
12
13
13
13
16
88694
5989
1658
6062
1397
0
0
0
832
67035
67048
7420
325
336
340
11
342
0
1625
144058
383
386
397
401
402
406
409
411
3
419
420
422
434
439
440
440
442
444
445
449
450
453
454
454
455
457
460
463
7856
487
488
488
489
1816
498
499
501
502
503
503
505
506
508
1428
540
543
554
561
567
573
579
579
586
588
590
268
598
599
4234
605
608
198
295
638
639
316
649
649
320
659
662
332
664
669
674
686
363
364
695
696
372
375
378
382
2038
722
395
728
730
400
733
733
736
746
417
419
423
755
756
111
443
781
790
794
797
797
469
805
813
1724
814
814
815
817
820
820
2721
827
832
834
837
838
840
841
845
849
145248
856
856
1024790
863
8005
0
868
870
875
875
1869
880
899
899
900
901
906
67676
909
932
604
6874
944
949
1573
679
1033
1693
1037
1042
1303
2
2
2
2
2
2
2
3
3
3
2
2
2
4
4
7
264443
1658
1076
1077
1080
1083
30
3398
1096
1098
1098
44
1106
1108
1111
1118
1118
1134
1136
1141
1148
1149
1156
1163
1165
1167
1175
1181
1181
1187
1195
149
153
154
157
1025146
160
1226
167
1229
172
1233
184
181
1244
184
188
1249
1250
192
1252
194
7195
201
203
1262
219
222
1284
1291
289
1298
1298
1333
1334
15
1354
1361
1363
1370
3941
1378
1383
1390
1392
1398
412
1404
1405
2
3
3
3
3
3
3
3
3
3
3
3
3
3
3
3
5
2
3
1424
1429
1434
1447
1453
1465
1472
1472
78
1486
1487
1487
86
1491
506
1501
1501
1508
1517
1526
1537
1560
154
1562
3461
168
168
169
174
180
181
188
192
1597
190
196
202
200
203
199
209
208
208
19
1669
687
1685
1695
1702
1702
1712
1722
0
1731
2
1737
2
2
2
2
2
2
2
2
3
3
3
3
3
3
3
3
2
2
2
2
4
6
2
3
2
4
3
4
4
15
1752
30
33
30
46
47
0
59
73
7749
454
531
1885
151
153
156
154
154
158
159
0
173
179
181
181
182
186
186
187
189
193
193
196
194
196
200
201
205
212
1620
60
1262
65
67
67
67
67
68
70
70
74
76
76
76
77
77
77
78
78
78
78
78
79
79
79
79
79
79
79
79
80
80
80
81
81
81
81
82
82
82
82
82
82
83
83
84
89
2
3
3
90
3
3
3
3
3
3
3
3
3
3
3
3
3
3
3
3
3
68851
30
32
47
50
74
1496
2505
1536
8381
135
140
144
145
0
151
153
161
1164
69001
164
164
165
167
0
1578
172
173
173
173
175
175
176
1585
178
190
69031
194
1655
9
16
18
18
18
19
19
0
1694
1697
1699
2
2
2
2
2
3
2
2
2
3
3
3
4
4
5
1729
80
27
1080
29
27
40
18
1760
1762
47
1436
1775
410
81
71642
152
152
152
152
152
152
152
152
152
152
152
152
152
152
152
152
152
152
152
152
152
152
152
152
152
152
152
152
152
152
152
152
152
152
152
152
152
152
152
152
152
152
152
152
152
152
152
152
152
152
152
152
152
152
152
152
152
152
152
152
152
152
152
152
152
152
152
152
152
152
152
152
152
152
152
152
152
152
152
152
152
152
152
152
152
152
152
152
152
152
1484
140
1850
144
149
152
154
152
162
160
162
167
168
174
174
1890
1892
181
1897
1898
189
1902
193
1923
2593
1945
1951
1952
1960
1981
1997
2030
2031
2035
9837
2041
2042
2044
2046
7659
2051
0
3
3
3
4
2059
2059
4
4
4
4
4
4
4
5
2063
15463
29
15962
40
2094
2095
40
45
2122
2122
2126
72
2133
2142
167
2158
2163
105
2174
112
122
115
127
203
131
135
134
215
133
2200
146
147
224
152
158
155
233
161
243
168
2225
171
172
172
251
177
257
2237
183
260
187
2243
188
194
195
2255
202
202
203
205
2262
207
207
284
209
286
211
1611
215
222
2285
231
231
233
243
244
245
247
251
254
255
2316
262
338
1988
263
264
2326
1671
275
275
276
277
2008
2339
283
287
288
289
290
294
296
2355
307
311
312
2371
391
2379
327
327
2387
331
2388
2390
335
3
3
3
3
3
3
3
3
4
4
3
340
3
3
3
3
3
4
4
4
4
4
4
4
3
6
3
3
393
356
360
439
363
2419
364
26
368
36
384
2446
391
396
400
1398
2486
506
2820
514
441
521
2503
450
2506
362178
451
2512
536
2518
128
2525
132
2529
477
142
144
144
144
487
144
151
153
147
154
492
155
157
159
496
160
159
162
161
162
164
2558
2559
169
174
512
182
182
185
523
197
283
207
550
2607
551
2609
2611
222
0
2641
2643
1653
2645
591
2655
362339
2673
2688
2689
2689
344890
651
2710
3
4
4
4
4
4
4
4
4
4
4
4
4
4
4
4
3
669
673
25
28
2745
20
23
33
116
41
129
2776
136
146
2786
2457
2805
2810
2812
2835
203
128
128
207
209
134
134
134
215
140
135
144
222
149
152
159
160
11879
164
242
167
168
246
246
171
2891
583
257
188
191
201
277
863
203
583
285
286
0
0
0
0
0
0
0
0
0
0
0
0
290
215
294
298
300
226
2942
306
307
311
236
9548
328
4
334
264
268
268
356
359
2670
3001
285
1022
287
367
292
372
373
299
299
9618
3018
339
384
3033
398
2
2
3
402
3
3
3
3
3
3
2
2
3
3
3
3
3
3
1069
409
409
1076
25
25
23
33
39
2760
3091
375
389
470
403
3126
486
491
2804
105
110
1098
515
119
120
193
126
126
127
527
451
129
129
1119
136
136
143
213
214
146
147
148
151
225
2870
231
163
236
170
177
251
254
260
266
267
267
2914
275
278
279
280
281
284
286
2929
290
19547
291
291
300
300
301
301
310
317
319
319
320
321
2969
334
11
306
347
2991
352
354
2997
365
366
369
374
709
3033
69
400
2
2
2
2
3
3
3
3
3
411
3051
3382
3
3
4
419
3
3
2
2
3
424
23
22
19
21
19
23
22
3078
21
37
132
5413
137
721
483
163
164
170
8996
508
104
187
188
520
117
110
200
121
130
538
124
138
142
135
135
553
145
146
224
556
150
151
232
236
243
251
583
257
257
263
278
279
3254
617
3266
6237
298
3272
3275
312
6
337
9
303
343
674
0
0
0
0
0
0
0
0
0
0
0
0
0
0
0
0
0
0
0
0
0
0
0
0
0
0
0
0
0
0
0
0
0
0
0
3319
683
354
3326
359
359
363
3338
3340
380
386
3359
395
1645
4039
3382
415
3386
417
419
757
503
3490
3499
115
3511
541
3530
896
4888
7
3639
11
2357
268070
3723
762
20591
607
20416
2156
9756
101
3854
0
1252
0
12811
71752
699
1044
71783
2766
1130
1795
1511
20794
283
0
20855
6174
6197
365257
6
6
6
6
629
0
688
9293
12498
20984
1084
425
72154
6724
7091
2164
7464
21199
6845
5
5
5
6
6
6
1986
21245
14
21253
8513
23
21263
21308
8583
11325
7641
8316
21381
21401
72588
8457
8461
8864
21547
21559
6
7
7
3307
8
21583
8868
21623
72805
21667
21681
399
72833
21700
437403
437405
21709
21715
21753
21759
21786
8120
21853
7219
0
6
6
6
8279
11298
558
22007
22039
22047
22064
0
8359
9760
7836
9422
5888
22201
329
22231
6
7
342
346
8927
16
18
352
364
365
365
22266
376
381
392
397
401
402
413
416
417
421
2735
425
433
8597
434
439
449
449
450
450
457
463
463
479
479
482
491
22391
498
500
500
502
504
509
511
515
515
515
516
520
520
522
523
523
525
22445
553
9717
10797
569
569
571
576
73619
580
583
584
586
586
587
591
594
594
598
22506
610
8864
22514
22515
22523
627
628
633
22534
642
658
3
3
7
667
8
11891
691
691
695
697
702
11934
525
737
18018
742
742
82
750
751
753
754
761
766
772
774
73818
786
799
22711
821
22722
22736
842
869
881
884
885
22783
894
894
896
10797
896
903
904
904
906
910
924
932
935
22834
953
967
977
22875
980
982
22886
22886
4
5
5
4
6
6
996
998
1000
29
1023
1027
1028
1031
1034
1034
22932
1035
10286
1051
1057
1058
1064
614
1076
22974
74135
1100
1108
1113
1114
23027
74175
23036
1152
1152
1152
492
1484
23051
1157
1159
1167
23073
1188
1190
1191
204
1203
1207
0
1226
1228
1232
1234
1243
1264
1272
23171
1275
1276
23179
1287
23187
1290
1302
5
6
6
6
6
6
23234
1341
1341
1346
23249
702
23259
23260
1369
10949
1378
366667
23283
1390
1397
1399
1409
1417
1417
7359
1419
23323
23324
1427
766
1431
1432
1452
1458
23378
23380
1487
1489
0
23390
1495
1495
1499
1504
1507
1510
23414
11090
541
1535
23441
1554
1577
23489
1593
1600
12162
74644
1612
1613
1614
23512
13498
1627
23529
10879
1640
23539
23545
6
6
0
6
7
1661
1666
1668
1668
1670
1673
1677
1692
1693
9947
12587
7319
12273
1733
1734
1736
1741
2072
23647
23649
449
1775
1776
1779
1791
1805
23713
23718
23718
1823
23720
1824
23730
1846
23746
74894
23787
1898
10508
1931
1935
1952
1958
23856
4603
1965
10224
23871
1980
6
6
6
6
7
9
1993
3602
2002
2007
4902
23904
3663
33
34
2018
370
23916
23918
2031
387
5254
2041
2041
2050
12952
25173
12974
23985
2096
2098
2117
2118
2119
2138
2147
3625
2151
2151
2154
24055
2160
2164
2171
2174
2172
2179
24080
2200
24109
2221
12784
6186
2230
5130
8509
2239
2249
607
2254
2264
24171
24182
24182
2287
24200
5
6
24212
2316
13537
16
24222
2329
2353
2361
24272
68
2384
3
3
3
3
3
3
3
3
3
24296
2
2
2
14281
426
24308
24309
19
21
21
24
5641
2423
35
2433
5344
24347
2454
480
7107
2159
100
24403
528
112
116
24411
120
120
122
123
132
487
132
135
135
137
24441
24456
24472
24473
2586
2267
2594
10851
2597
24502
2608
367896
321
5272
5531
24535
273
2666
24570
2688
12597
2369
2375
2710
24613
24617
24625
2726
2731
24645
24693
11049
1156
14031
2816
525
2508
24743
541
2847
24784
2579
11167
2274
640
24856
24867
12553
152932
20
11591
11594
2354
24919
24932
24935
2382
413
5044
2748
2419
13975
24985
2430
5734
2765
473
2465
2467
14025
15347
2823
2824
2523
4177
12435
507
25120
2583
12816
5234
25160
2604
6500
10884
2637
25193
2638
271
25198
14198
6210
2658
2664
25239
2692
6249
2697
388
25255
2706
0
25296
25304
0
25313
6060
11011
424
25359
2829
2835
867
2897
2908
6480
2935
2941
2956
647
2966
327
2977
345
13894
39
41
3013
3042
12293
3057
420
3079
3083
3089
454
3099
3109
3126
3129
3142
12402
25725
3182
3187
4178
10780
3192
562
3206
574
3220
3252
3257
3589
622
3601
3276
5602
320
6851
2
6
25869
25872
3323
370
64
67
71
74
75
80
90
11895
96
3404
15868
440
3471
26046
190
3494
3507
537
13431
11786
572
3559
13473
613
26140
11214
8251
2
5
26207
38
3681
63
70
74
74
75
79
7011
90
94
11342
5785
546
920
26460
10834
12815
364
49
52
59
63
65
71
10657
17
17
18
35
26642
16956
4418
2793
7684
7687
14044
559
4192
77907
26766
1605
275
26794
13173
641
644
6
670
3650
354
3658
58
68
68
71
8239
3
3
3
3
3
80
85
89
97
30
30
3421
4754
0
7746
8082
94
95
92
0
110
115
120
5497
556
229
13429
8091
2229
0
1347
28
3351
397
68
27248
75
77
87
88
3720
93
6
114
13006
8057
51
65
15005
5142
12116
583
282
1312
6
11567
348
371
13246
65
6030
6
3413
8683
11434
27834
27839
3
3608
22
4312
3661
3679
9631
3701
7
12961
101
9260
2752
2100
3618
60
1482
28043
28079
584
4220
620
315
5
4
5
5
5
5
5
5
5
5
5
5
5
5
5
5
5
5
6
6
6
6
6
6
6
6
6
7
9
9
9
9
9
9
9
9
9
9
9
9
9
9
9
9
10
10
10
10
11
11
3647
16866
4344
61
393
0
0
0
0
0
0
0
0
0
0
0
0
0
0
0
0
0
0
0
0
0
0
0
0
0
0
0
0
0
0
0
0
0
0
0
0
0
0
0
0
0
0
0
0
0
0
0
0
0
0
0
0
0
0
0
0
0
0
0
0
0
0
0
0
0
0
0
0
0
0
0
0
0
0
0
0
0
0
0
0
0
0
0
0
0
0
0
0
0
0
0
0
0
0
0
0
0
0
0
0
0
0
0
0
0
0
0
0
0
0
0
0
0
0
0
0
0
0
0
0
0
0
0
0
0
0
0
0
0
0
0
0
0
0
0
0
0
0
0
0
0
0
0
0
0
0
0
0
0
0
0
0
0
0
0
0
0
0
0
0
0
0
0
0
0
0
0
0
0
0
0
0
0
0
0
0
0
0
0
0
0
0
0
0
0
0
0
0
0
0
0
0
0
0
0
0
0
0
0
0
0
0
0
0
0
0
0
0
0
0
0
0
0
0
0
0
0
0
0
0
0
0
0
0
0
0
0
0
0
0
0
0
0
0
0
0
0
0
0
0
0
0
0
0
0
0
0
0
0
0
0
0
0
0
0
0
0
0
0
0
0
0
0
0
0
0
0
0
0
0
0
0
0
0
0
0
0
0
0
0
0
0
0
0
0
0
0
0
0
0
0
0
0
0
0
0
0
0
0
0
0
0
0
0
0
0
0
0
0
0
0
0
0
0
0
0
0
0
0
0
0
0
0
0
0
0
0
0
0
0
0
0
0
0
0
0
0
0
0
0
0
0
0
0
0
0
0
0
0
0
0
0
0
0
0
0
0
0
0
0
0
0
0
0
0
0
0
0
0
0
0
0
0
0
0
0
0
0
0
0
0
0
0
0
0
0
0
0
0
0
0
0
0
0
0
0
0
0
0
0
0
0
0
0
0
0
0
0
0
0
0
0
0
0
0
0
0
0
0
0
0
0
0
0
0
0
0
0
0
0
0
0
0
0
0
0
0
0
0
0
0
0
0
0
0
0
0
0
0
0
0
0
0
0
0
0
0
0
0
0
0
0
0
0
0
0
0
0
0
0
0
0
0
0
0
0
0
0
0
0
0
0
0
0
0
0
0
0
0
0
0
0
0
0
0
0
0
0
0
0
0
0
0
0
0
0
0
0
0
0
0
0
0
0
0
0
0
0
0
0
0
0
0
0
0
0
0
0
0
0
0
0
0
0
0
0
0
0
0
0
0
0
0
0
0
0
0
0
0
0
0
0
0
0
0
0
0
0
0
0
0
0
0
0
0
0
0
0
0
0
0
0
0
0
0
0
0
0
0
0
0
0
0
0
0
0
0
0
0
0
0
0
0
0
0
0
0
0
0
0
0
0
0
0
0
0
0
0
0
0
0
0
0
0
0
0
0
0
0
0
0
0
0
0
0
0
0
0
0
0
0
0
0
0
0
0
0
0
0
0
0
0
0
0
0
0
0
0
0
0
0
0
0
0
0
0
0
0
0
0
0
0
0
0
0
0
0
0
0
0
0
0
0
0
0
0
0
0
0
0
0
0
0
0
0
0
0
0
0
0
0
0
0
0
0
0
0
0
0
0
0
0
0
0
0
0
0
0
0
0
0
0
0
0
0
0
0
0
0
0
0
0
0
0
0
0
0
0
0
0
0
0
0
0
0
0
0
0
0
0
0
0
0
0
0
0
0
0
0
0
0
0
0
0
0
0
0
0
0
0
0
0
0
0
0
0
0
0
0
0
0
0
0
0
0
0
0
0
0
0
0
0
0
0
0
0
0
0
0
0
0
0
0
0
0
0
0
0
0
0
0
0
0
0
0
0
0
0
0
0
0
0
0
0
0
0
0
0
0
0
0
0
0
0
0
0
0
0
0
0
0
0
0
0
0
0
0
0
0
0
0
0
0
0
0
0
0
0
0
0
0
0
0
0
0
0
0
0
0
0
0
0
0
0
0
0
0
0
0
0
0
0
0
0
0
0
0
0
0
0
0
0
0
0
0
0
0
0
0
0
0
430
430
430
430
430
430
430
430
430
430
430
430
430
430
430
430
430
430
430
430
430
430
430
430
430
430
430
430
430
430
430
430
430
430
430
430
430
430
430
430
430
430
430
430
430
430
430
430
430
430
430
430
430
430
430
430
430
430
430
430
430
430
430
430
100
100
100
100
100
100
100
100
100
107
107
107
107
107
107
3737
113
113
113
113
113
113
113
113
113
113
113
113
114
114
114
114
114
114
114
114
114
114
115
115
42
115
115
115
115
115
115
115
115
116
116
116
116
116
116
116
116
116
116
117
117
117
117
117
117
117
4088
9039
483
522
2202
2203
561
11829
371828
3626
15820
24609
2
2
2
2
2
2
2
2
2
2
2
2
2
2
2
2
2
2
2
2
2
2
3
3
3
3
3
3
3
3
3
4
11884
6
6
6
6
6
6
6
48
56
57
12613
4373
419
11644
7
8
18577
11999
450
456
42
473
9968
9433
12762
13110
9496
13165
7228
4263
306
315
647
246
333
4
5
5
5
5
5
5
5
5
5
5
5
5
5
5
5
5
5
5
5
5
5
5
5
5
5
5
5
5
6
6
6
6
6
6
27876
15
21
22
24
26
27
27
28
29
32
32
33
34
34
35
35
36
36
36
37
37
38
38
38
692
41
44
45
45
50
50
408
97
109
110
111
114
28952
456
468
158
178
185
9432
193
197
208
544
216
606
252
257
258
265
274
1816
3
3
3
4
4
4
7
7
12549
9
25
26
26
27
28
28
28
30
30
31
31
33
33
33
33
34
35
35
35
35
38
39
39
41
42
46
47
53
58
59
59
62
65
66
66
77
79
98
106
107
107
108
114
116
5096
838
180
186
210
222
372870
4
4
4
4
4
4
4
4
4
4
4
4
4
4
5
5
5
5
5
5
5
5
5
335
5
5
5
5
5
5
6
6
6
6
9
6
83112
91
102
107
114
120
14332
80850
10468
253
285
12178
1619
311
10547
3
3
3
3
3
3
3
3
3
4
4
4
4
4
4
4
4
4
4
4
4
4
4
4
4
4
4
4
5
5
8
8
8
2669
90
3068
10932
164
6443
182
28824
279
295
21630
277892
5
6
6
6
6
6
6
6
6
6
6
6
6
6
6
6
6
6
6
6
6
6
6
6
6
6
6
6
5286
7
7
7
7
7
7
7
7
7
7
8
12
13
11482
21
23
23
23
23
24
24
24
25
25
25
25
26
27
28
34
35
46
71
405
79
36000
94
98
99
99
100
101
102
107
108
108
115
22979
122
22994
13369
172
201
234
31827
6213
58653
3
3
3
3
3
3
3
3
3
3
3
4
4
4
4
4
4
4
4
4
4
4
4
4
4
4
4
4
4
5
6
8
12895
28824
86
91
96
11572
2444
23090
3117
31826
5809
23219
13839
3
4
4
4
4
4
4
4
4
4
4
4
4
4
4
5
5
5
5
5
5
6
6
6
6
6
6
6
6
81957
8
8
8
9
9
9
92
92
425
99
99
106
2466
28824
189
0
0
0
0
231
6510
0
5
5
5
5
5
5
5
5
5
5
5
5
5
6
20
22
41
41
56
65
66
7
12215
92
92
93
101
101
104
107
107
107
107
107
108
108
110
110
113
3092
16362
1222
12134
16097
2
2
2
2
2
2
2
3
3
3
3
3
3
3
3
3
3
3
3
3
3
3
3
3
3
3
3
3
3
3
3
4
4
4
4
5288
0
365281
89
26450
95
99
100
101
12455
6
21434
12525
36
4
4
4
4
4
4
4
4
4
5
5
9
22
23
66
85429
78
80
81
81
85
88
88
89
89
94
95
95
97
99
102
1129
474
150
180
21007
249
3
3
3
3
3
3
3
3
3
3
3
3
3
3
3
3
3
4
4
4
4
4
4
4
4
4
4
4
4
4
4
4
4
7264
4
179
18550
78
88
160035
83493
0
6840
36
592
2
3
17
8620
0
0
79
91
13553
104
140
144
3
3
3
3
3
3
3
3
3
4
4
4
4
33
10275
66
68
73
74
75
75
75
76
79
83
85
86
95
22873
197
7487
14429
3884
2
2
2
2
2
2
2
2
2
2
2
2
2
2
2
2
2
31
31
31
31
31
32
366915
28802
3613
14217
99
0
366987
86862
14149
1
1
1
1
1
1
2
2
2
2
2
2
2
2
3
8255
8
25
26
29
32
0
42
1900
0
5
5
5
5
5
6
6
14532
0
5
5
5
5
5
5
5
15444
2405
3095
6478
5582
4
5
40
40
83
97
98
15589
15600
378106
306
30
30
30
30
30
30
31
31
31
31
31
31
31
31
31
31
31
31
31
33
33
33
33
34
35
35
35
282819
4352
1434
2
2
2
2
2
2
2
2
2
3
3
6
15852
23
27
28
30
33
33
33
33
33
34
34
378532
0
378624
9062
5136
10470
16396
2971
2
6
6
6
6
6
6
24
43
108
132
288013
86736
9444
12103
9143
2942
14
24
25
27
27
27
27
28
29
29
30
11630
86
86
28802
98
8035
10711
21614
7485
9137
379407
2
2
2
2
2
3
3
17
10908
9588
25
25
26
27
27
28
28
28
28
28
28
29
29
29
29
29
29
30
30
30
30
30
30
31
31
31
32
33
44
9969
1829
21629
2
2
2
2
15
15
10247
24
26
26
6014
82
5377
17267
111
2744
152
17578
2
2
3
3
3
3
3
2
21
25
31
31
31
31
32
10678
14440
13502
304
8581
1
2
2
2
2
2
2
2
2
2
2
2
3
2959
24
25
25
25
25
25
25
26
26
26
27
27
27
27
27
27
27
28
28
28
28
28
30
30
34
17883
285479
2755
0
7229
2
2
2
2
3
3
3
24
25
27
89
90
19503
2752
21629
12482
2
2
2
353
18563
2705
24104
501
28292
2
2
2
2
3
3
3
3
3
3
28
10598
11262
11391
2802
371760
25965
12114
4531
2247
27690
3
3
3
4
25
25
25
26
26
26
26
27
27
27
27
27
27
27
27
28
28
29
30
30
31
31
31
31
31
31
31
32
32
32
2698
82
95
441
93523
2
2
2
2
2
2
2
2
2
2
2
2
2
2
2
3
3
3
3
3
24
25461
2695
23827
2458
12427
6507
2
2
2
2
2
2
2
2
2
2
2
2
3
27724
13866
7
21
22
24
25
25
26
27
28
28
28
28
28
28
29
29
29
29
29
29
30
30
30
30
30
30
30
30
30
30
31
33
36
39
2700
89
93
22221
448
29522
11726
12411
20053
943
3
3
3
3
3
3
3
3
3
3
3
3
3
3
3
3
3
3
3
3
3
3
3
3
3
3
3
3
3
3
4
4
14195
20
22
22
23
23
23
24
24
24
24
26
26
27
27
27
27
31
2660
65
67
69
13285
88
90
1832
586
20656
2
2
2
2
2
2
2
2
2
2
2
2
2
2
2
2
2
3
3
3
3
3
3
3
3
3
3
3
3
3
3
4
2637
681
22
23
23
23
24
24
24
24
26
27
27
28
28
28
28
28
29
29
30
34
34
35
372018
36
38
39
40
41
42
43
43
43
43
47
49
49
381
52
52
52
53
54
12276
71
30106
77
3367
88
93
449
23913
30187
2594
13192
2
2
2
2
2
2
2
2
2
2
2
2
2
2
2
2
2
2
2
2
2
2
2
2
3
3
3
3
3
3
3
3
13220
21
2
74
75
78
16
16
17
17
19
85
85
22
18
89
39
103
39
119
2577
2
2
2
2
3
3
3
3
3
3
3
3
3
3
3
3
3
3
3
3
3
3
3
3
3
3
3
3
3
3
3
3
3
348
354
21146
18
18
17
17
18
18
18
18
21
31
10985
94042
55
13363
198
10111
2528
13453
268
13138
950
14515
2
2
2
2
2
2
2
2
2
2
2
2
2
2
2
2
2
2
2
2
2
2
2
2
2
2
3
3
3
3
3
3
3
6
16
17
17
18
18
18
18
18
19
16
16
19
16
19
17
19
19
19
19
21799
37
41
36
162
30873
197
2522
21741
2
2
2
2
2
2
2
2
2
2
2
2
2
2
2
2
2
2
2
2
2
2
2
2
2
2
2
3
3
3
3
4
28750
22086
13
14
15
15
15
16
16
16
16
17
92
20
107
107
113
472
2531
3575
15497
14191
2
2
2
2
2
2
2
2
2
2
2
2
2
2
2
2
2
2
2
2
2
2
2
2
2
2
2
2
2
2
2
3
14
14
15
15
15
15
15
16
17
17
17
17
17
17
17
17
75
22765
83
84
87
88
91
443
53
120
14481
1
1
1
1
2
2
12
12
12
2
13
14
14
14
14
15
15
15
15
15
16
15
16
16
16
16
16
16
16
16
12
15
12
16
16
17
13
16
17
17
18
15
15
15
15
16
17
73
78
89
89
96
97
43
101
103
103
107
492
2222
278
1
1
2
2
2
2
2
3
2
13
13
13
14
12
12
13
15
13
13
13
13
15
13
13
15
16
16
16
15
15
15
15
15
15
15
15
16
16
17
17
32393
18
18
18
39
79
82
22196
87
94
97
100
26
101
103
22
120
179
4876
19424
1
1
1
1
1
2
641
1
1
1
1
1
1
2
2
2
2
1
1
2
1
2
2
2
12
14
12
12
13
13
13
13
13
13
13
14
14
15
15
2
2
2
2
2
5
5
5
74
2
2
2
80
83
15
27
112
147
165
193
213
252
5884
7214
15181
2
2
6
15206
1
1
2
2
2
2
3
2
2
2
2
1
2
3
2
1
1
13
13
13
14
14
14
14
14
15
15
15
15
15
16
16
16
12
16
16
17
17
18
385
79
84
16917
90
93
93
94
97
97
16
13634
53
16293
10414
16355
27673
43229
6595
2
2
3
5
6
6
16844
1
2
2
2
12
12
12
12
12
12
12
12
12
12
13
13
13
13
14
14
14
14
14
14
14
15
15
15
15
15
15
15
15
15
15
16
16
16
16
16
16
16
16
16
16
16
17
17
77
79
81
82
86
88
90
90
95
96
97
4718
53
120
459
136
152
154
2
2
2
6
9
6610
1
1
1
1
2
2
1
26748
2
2
3
3
3
3
3
3
3
3
3
3
3
4
24368
35
71
32
75
76
78
7669
80
82
27802
83
6
87
88
91
752
143
139
139
498
13708
243
240
278
267
271
272
24404
300
301
305
309
1
2
2
6
1
3
3
3
2
3
3
3
3
2
2
3
2
3
2
2
3
3
3
14
328
19
332
13
360
353
355
29
82
83
396
741
86
30778
403
21568
18601
99
127
474
173
173
190
1231
258
14794
272
0
292
4620
2
2
2
5
1
1
1
1
1
1
1
336
1
1
1
1
1
1
1
1
2
1
3
1
1
1
1
1
1
2
2
3
2
2
2
2
2
2
18
339
23
352
369
6
29
394
59
414
87
87
433
125
134
134
136
130
160
21629
514
534
605
29692
2
2
3
3
1
6
1
2
2
2
2
2
2
2
3
3
3
3
3
3
1
1
1
1
1
1
1
4
2
2
2
2
2
2
2
2
2
5
20
15213
26
29
30
34
387
55
77
83
88
91
94
99
25437
4351
108
1363
130
1385
166
560
614
639
309
1
1
1
2
663
1
2
6
2
2
2
2
2
2
2
2
3
2
2
3
1
1
1
2
1
1
2
2
3
2
2
2
2
2
3
1
1
1
2
2
2
17
2
2
2
27
687
16
34
33
38
379
6354
84
90
99
107
26863
490
497
35150
182
15377
34879
241
235
2
2
3
6
2
12
668
2
2
2
2
2
2
2
1
2
2
2
2
2
2
3
32
35
44
24
26
25
709
28
77
90
91
97
98
20571
450
108
97
43227
15689
846
5844
582
26018
646
2
2
2
6
6
1
2
2
2
2
2
2
2
2
2
2
2
2
2
2
2
2
2
2
2
2
2
29
30
2270
26
27
30
31
31
35
92
94
98
87
97
388845
114
115
820
508
5514
26374
2
2
3
3
8
11
30
2
2
2
2
2
2
2
2
2
3
3
3
3
3
3
3
3
3
3
3
3
3
3
3
3
3
3
1064
78
32093
98
2409
101
475
32182
172
172
172
172
172
172
173
174
177
177
18658
181
182
184
490
188
188
193
195
203
206
207
212
214
214
215
220
220
19053
1251
17791
1
2
3
6
8
8
10
1
2
2
2
2
2
2
2
2
2
2
2
2
2
2
2
17
2
2
2
2
2
3
3
3
3
3
3
3
4
4
4
4
21
24
32
66
714
81
96
90
124
146
199
3
595
31998
1
1
2
7
10
12
2
2
2
2
2
2
2
2
2
2
2
2
2
2
2
2
2
2
2
2
2
2
2
2
2
2
2
2
2
2
2
2
2
2
3
2
2
17
23
24
36
25
38
3676
401
105
122
155
2856
10792
583
1500
267
284
629
1
2
8
9
2
2
2
1
13
1
15
2325
1
1
2
1582
18
2
1
2
2
20
21
23
28
2
34
34
77
87
107
101
807
18684
1511
1
1
9
10
11
12
1
21
27998
2
1
28
1
2
1
2
2
2
2
1
1
2
2
35
43
1669
88
42982
3
181
186
547
27952
35888
34587
1224
1238
2
2
12
15
16
390709
17
19
23
17516
27
1
1
2
2
2
1282
1
1
2
2
2
34
3
1
33
1081
94
1375
22922
160
1416
1119
178
1472
232
37530
1256
28585
1
1
11
13
17
19
22
319
25
1
1
34
2
1
49
28445
1353
96
106
139
181
29162
1179
391241
184
1509
1531
3
3
11
13
16
17
21
23
25
2
1
2
37
18270
95
791
142
203
20107
8899
1
1
15
15
17
19
19
21
23
25
26
1
2
376
735
74
12982
459
8153
272
612
1
1
3
7
8
10
13
16
19
24
26
9596
26
34
36
3338
1
2
381
84
85
2756
120
170
33551
194
1570
5244
327
382698
44341
3
3
10
12
19153
13
14
1635
25
25
28
29
1
2
2
2
2
2
2
2
2
38
45
64
80
9009
107
157
1525
295
300
310
311
2
2
338
45907
343
18
22
27
27
366
2
2
2
2
2
2
2
2
2
3
3
3
3
3
3
3
3
3
378
386
393
398
398
401
402
405
419
419
421
7688
428
439
439
443
457
468
470
475
150
815
165
171
5402
548
19711
1161
9182
608
1
2
1236
12
15
1
2
17
18
19
1
21
2
2
2
2
2
2
2
2
2
2
2
2
2
2
2
2
2
2
2
23
24
25
26
362
1271
24129
1283
33
1302
1306
92
1353
432057
112
9374
1368
30496
152
154
1397
1398
1448
1479
231
253
6784
1570
304
1556
2
2
2
6
1576
15
16
2
2
2
2
2
2
2
2
2
2
2
2
2
2
2
2
2
2
2
2
2
2
2
2
2
2
2
2
2
20
2
2
21
3
1586
23
1591
16
39
43205
3677
85
73
6742
30844
194
233
5517
30356
1
1
4
9
10
14
17
2
2
2
2
2
2
2
2
2
2
2
2
2
2
2
2
2
2
2
2
2
2
2
2
2
2
3
3
3
3
3
3
3
3
3
3
3
3
3
19
3
6612
353
26
27
14
9938
45720
62
545
34883
641
2
2
2
2
2
2
2
2
2
2
2
2
2
2
2
2
2
2
2
2
2
2
2
2
2
2
2
2
2
2
2
2
2
2
2
2
2
2
2
2
2
2
2
2
2
2
3
3
3
11
3
5
13
19
24
24
25
26
27
27
3663
29
35371
76
81
98
4049
223
1546
2451
22684
1
2
2
2
2
2
2
2
2
2
2
2
2
2
3
3
3
3
3
3
3
3
3
3
3
3
3
3
3
3
3
3
3
3
3
3
3
3
3
3
3
3
3
3
3
3
3
3
3
3
3
3
3
3
4
4
4
13
13
17
17
18
14
26
31
31
32
1009
2615
20860
71
22845
71
7927
2667
160
169
2724
545
2784
2809
2863
1968
2
2
2
3
3
3
3
3
3
3
3
3
3
3
3
3
3
3
3
3
3
3
3
3
3
3
3
3
3
3
3
3
3
3
3
3
3
3
3
3
4
4
4
4
4
4
4
4
4
4
4
4
4
4
4
4
4
4
4
4
4
4
4
4
4
4
4
4
15
17
18
19
19
21
21
22
23
24
35
2922
60
10951
33392
18
101
114
3014
32396
32401
135
37436
4701
0
3083
506842
263
4813
3245
645
2
2
2
2
2
2
2
2
2
2
2
2
2
2
2
2
2
2
2
2
2
3
3
3
3
3
3
3
3
3
3
3
3
3
3
3
3
3
3
3
3
3
3
3
3
3
3
3
3
3
3
3
3
3
3
3
3
3
3
3
3
3
3
3
3
3
3
4
4
4
4
4
4
4
4
4
4877
8
11
15
16
16
16
18
679
20
22
23
10917
3243
4936
105
11017
3448
283
3
3
3
3
3
3
3
3
3
3
3
3
3
3
3
3
3
3
3
3
3
3
3
3
3
3
3
3
3
3
3
3
3
3
3
3
3
3
3
3
3
3
3
3
3
4
4
4
4
4
4
4
4
4
4
4
4
4
4
5
10
11
13
15
16
20
22
24
25
27
8850
361
36
40
46
95
113
3657
28875
5389
6113
540
3807
282
9117
299
629
3
3
3
3
3
3
4
4
4
4
4
4
4
4
4
4
4
4
4
4
4
4
4
4
4
4
4
4
4
4
4
4
4
4
4
4
4
4
4
4
4
4
4
4
4
4
4
4
4
4
4
4
4
4
4
4
4
4
4
4
4
4
4
4
4
4
4
4
4
4
4
4
4
4
4
4
5
5
5
5
5
5
5
5
5
5
5
5
5
5
5
5
5
5
5
5
6
7
8
14
18
348
19
353
353
3899
34
365
38
33071
71
402
74
3
3949
410
418
90
427
430
430
436
438
441
33369
450
455
457
464
21580
469
469
0
474
475
11703
484
12050
507
514
514
531
5845
395896
2917
955
3
3
3
3
3
3
3
3
3
3
3
3
3
3
3
3
3
3
3
3
3
3
3
3
3
3
3
3
3
3
3
3
3
3
3
3
3
3
3
3
3
3
3
3
4
4
4
4
4
4
4
4
4
4
4
4
4
4
4
4
4
4
4
4
4
4
4
4
4
4
4
4
4
4
4
4
4
4
4
4
4
4
4
4
4
4
4
4
4207
4
4
4
4
4
4
4
4
6
8
12
12
5887
1347
2928
60
3
3
83
87
4300
100
2994
24977
579
6858
2572
272
29647
277
26687
623
3
3
3
3
3
3
3
3
3
3
3
3
3
3
3
3
3
3
3
3
3
3
3
3
3
3
3
3
3
3
3
3
3
3
3
3
3
3
3
3
3
3
3
3
3
3
3
3
3
3
3
3
3
3
3
3
3
3
3
3
3
4
4
4
4
4
4
4
4
4
4
4
4
4
4
4
4
4
4
4
4
4
4
4
4
4
4
4
4
4
4
4
4
4
4
4
5
5
5
5
19
19
35
25135
4589
726
73
73
83
98
12312
3326
160
25244
25606
201
6417
10094
12499
2
3
3
3
3
3
3
3
3
3
3
3
3
3
3
3
3
3
3
3
3
3
3
3
3
3
3
3
3
3
3
3
3
3
3
3
3
3
3
3
3
3
3
3
3
3
3
3
3
3
3
3
3
3
3
3
3
3
3
3
3
3
3
3
3
3
3
3
3
3
3
3
3
3
3
3
3
4
4
4
4
4
4
4
4
4
4
4
4
4
4
4
4
4
4
4
4
4
4
4
4906
27768
2377
10215
81
84
400656
111
453
4987
463
484
172
516
17025
528
532
532
533
551
552
229
563
566
246
577
581
5122
591
594
594
602
606
613
614
3838
616
622
4922
641
3864
8477
646
3
3
3
3
3
3
3
3
3
3
3
3
3
3
3
3
3
3
3
3
3
3
3
3
3
3
3
3
3
3
3
3
3
3
3
3
3
3
3
3
3
3
3
3
3
3
3
3
3
3
3
3
3
3
3
3
3
3
3
3
3
3
3
3
3
3
3
3
3
3
3
4
4
4
4
4
4
4
4
4
4
4
4
4
4
4
4
4
4
4
4
4
4
4
4
5
5
5
6
7
17
351
707
64
77
80
43571
747
25513
5308
448
466
