9344
9052
8056
9411
9453
8236
9533
9864
8209
10860
9298
7989
25202
8737
8761
7417
9769
8777
9432
7788
8870
8864
24435
7555
8908
7569
9613
65
18925
8429
7784
9163
8175
6872
2
8906
8905
8273
11915
24847
24875
50992
7353
5766
8208
7163
1
6285
258016
7318
8339
9695
8162
9535
7577
359288
361847
8619
9354
7513
6911
8965
7983
10094
9121
9111
9811
10863
360903
9294
255533
7913
8253
7647
9621
8435
9812
10494
8913
9393
7198
8343
10356
8163
6852
8532
353286
45444
7954
8852
7558
7401
8508
2
9556
8576
7301
9616
11645
23260
7720
9715
10383
9815
358547
1
363286
10404
12084
33656
7232
7568
55445
7326
9437
25401
11866
92351
259815
20
7258
8058
8119
8134
56415
8826
10864
7983
8025
8026
8108
8128
10457
916
8283
8288
10557
8338
8373
8375
8500
7488
8543
8659
8936
260991
8721
8065
8803
8476
6501
10513
9542
57282
8127
8768
8559
362909
9121
7787
8516
9259
8346
6703
8613
6608
8301
26796
7632
7630
33084
7393
8446
2
38
10260
33398
7674
7468
10466
13
13
9540
27
11308
8023
8133
8202
7
7
8292
8956
7974
111
112
8318
114
115
118
124
124
124
125
7
7
8
8
14
15
15
15
7243
9292
99
107
9312
108
108
109
113
116
117
118
118
119
120
120
121
124
8151
8856
9241
263977
8385
8044
6841
7538
2
8
16
52885
95499
9475
8
8
14
14
818
11029
8777
870
9112
8824
8825
916
950
6
6
7
7
8
14
15
15
1008
22
8282
1055
1070
7318
1076
1448
1138
9029
1141
1168
188
9422
1199
213
1246
1273
7
7
7
8
1327
9242
370816
29861
1481
1485
178
186
203
1529
6792
219
1579
1593
1603
1648
4
5
5
5
7
6
6
6
6
1658
345
170
187
213
244
2
5
5
5
5
7
7
7
8
9
11
15
347
8373
264012
194
10806
1
4
5
8
9
12
12
10
9639
234
7542
6
7
8
6
7
8633
378392
224
8123
9130
7191
9852
7
8
7
8
14
15
9927
196
63275
209
9157
31654
5
7
7
7
6
6
6
7
8
12
13
10582
8307
31788
6728
7054
8046
183
204
8849
5
7
7
6
7
7
16
185
191
8775
4
5
5
6
7961
7661
178
8762
188
7781
197
6886
8236
9245
5
6
6
6
7
8
7308
6431
8155
9554
7612
7634
46
7873
7921
8600
8291
9362
205
218
8474
229
237
249
9192
33620
7195
8571
33703
9355
8409
185
7090
204
209
213
8139
226
8590
7640
6993
8037
8407
7420
8420
193
200
8450
8785
213
239
240
1
8603
9353
9070
189
203
209
215
252
9486
1916
8563
8617
7380
181
7790
219
219
221
236
7858
34920
7863
8681
9348
179
215
219
220
237
8050
188
202
215
221
236
7994
9974
187
196
220
224
235
7213
186
215
221
221
237
7970
7988
10380
188
216
223
225
226
69101
10027
177
8435
219
220
225
242
9511
7528
9596
7721
189
272630
8779
218
218
68914
242
249
6520
7580
2
37315
8622
8349
9052
9081
191
6773
219
221
223
236
1322
8853
2
69417
192
193
212
221
222
8205
1
9
22
28
189
205
222
226
248
8563
8
5044
7658
8698
9329
186
214
220
229
239
8846
193
197
217
233
240
7960
8055
197
224
227
7128
234
246
7388
8345
189
198
216
222
231
8263
192
201
7817
229
234
6889
7200
9862
40372
8436
7125
8490
6162
7871
49541
8331
10019
8121
6804
8859
72602
371466
7414
7398
8196
6538
1
2
8611
7625
8683
7716
73024
8386
8824
8015
6805
9808
8827
10501
73647
7254
8289
8717
8386
9060
8436
8508
8510
8908
7957
8321
7959
9011
8734
7131
8179
7193
9240
60813
10342
9060
8451
8209
8878
8722
9055
64538
11503
8615
7309
7738
8133
7213
1
9226
380868
7774
8785
8792
8578
2
7624
8295
7338
7038
7898
8589
8344
36403
8047
6088
376969
8537
106582
8232
8618
56145
7643
9210
7962
6739
8852
223981
6991
282458
2
2
2
2
12
7948
10281
8739
1
1
2
8
9
10
10
15
19
9231
6016
79403
5480
79439
6229
8542
2
2
5
8
11
11
8269
19
7286
37040
8085
8267
7283
7648
8300
75
7667
9639
1
8655
8015
7082
6551
8025
7372
8031
5784
7439
6146
6829
7205
8208
7558
6244
5990
7009
6708
8074
81051
6768
7437
6451
7124
8454
7480
5858
40190
6223
8218
5583
7255
7300
6362
8074
7417
7098
7442
7447
7481
6837
6523
6854
6874
7205
8544
6899
7562
8236
8267
7283
8273
7028
7039
7050
7724
7097
7758
7786
7127
6811
8175
7847
7209
7886
7899
7901
8265
7292
7322
9627
7336
7343
7350
7362
8027
7384
7407
8405
7777
6792
6829
8186
5555
7542
8540
7552
7559
7237
7570
7591
7931
7933
7284
7320
7677
7356
7687
7360
8056
7422
7422
7426
7434
7112
7796
7467
7150
7815
7487
7824
7168
7531
7537
7544
7570
7246
7912
7283
7631
8291
7641
7313
8633
7695
8026
7411
8403
7415
7416
8077
7755
8091
8098
8100
7116
7448
7779
7456
7787
8778
7791
7793
8788
7805
8140
7493
7836
7854
7196
8862
7550
7552
7885
7907
7910
7914
7914
9233
8246
7265
7927
7609
7620
7951
8288
7633
8292
8297
8963
7648
8311
8006
7688
9020
7711
8375
7732
8399
9064
7745
7442
7775
8782
7799
8463
9132
7499
7500
7527
8197
8197
8197
7869
7884
8219
7896
8237
8240
8571
8245
8247
7593
8257
7602
8603
7945
7948
8287
9277
7961
8315
7657
8319
7993
7666
8329
8008
8339
8013
8355
8362
7703
8703
8055
8388
8721
8394
8394
8066
8072
8081
8742
8413
8425
8755
8097
8763
8115
7785
8778
9443
8793
8469
8146
8498
8498
7841
8195
7871
8203
8539
8248
10227
8250
9906
9586
7944
8943
8285
8645
8980
8986
8327
7997
9318
8669
8686
9696
6048
8059
9050
8391
8065
8399
9060
8072
8408
8741
9730
8427
8097
8115
8447
8789
8140
8470
8472
9142
8164
8499
8503
8848
8521
9187
8869
9859
8544
9540
9218
8563
8569
1
8595
8935
9264
8946
8297
8978
9017
8688
8394
84666
8733
8749
8420
9415
8461
8482
9809
8846
8191
8860
8861
8551
9916
9259
9600
9283
8959
9325
8005
6655
8698
9361
10023
10364
9064
9736
8752
10081
9123
9129
9814
10500
9196
9532
9861
9213
7937
9259
9275
9636
9678
9374
9383
9400
7751
7443
9756
9432
9459
9467
9808
9152
10143
9163
9171
9513
10837
9541
8554
9884
9889
9560
9231
10581
9602
9274
9613
9616
10301
7314
9343
9351
10012
9686
10075
9791
10476
10158
10159
9842
10192
10202
9549
9558
10288
9967
10042
10060
8430
10089
9766
10759
10431
10118
10130
10466
9809
8493
9813
9834
10172
11190
10213
6922
6956
220679
8634
7974
388369
10339
10380
10411
11737
10760
9119
9804
288839
11144
10488
10178
2
7284
10847
11011
9013
11159
288999
10971
12292
60805
11325
11010
71744
12458
9829
11501
11319
7460
12108
892
11540
38366
11650
11738
310
2
12060
6802
87859
1083
6784
8114
8133
5
7585
7363
331
7258
7275
386360
7154
2
1
153
6886
1027
8336
3576
9950
9401
329554
774
1243
7128
1
889
1040
77641
295296
91555
1803
1199
7758
1620
1311
1322
722
1397
802
9649
1166
1407
795
1670
1399
824
1177
876
1258
2929
968
1659
714
1411
1186
1277
1282
960
1297
1415
1431
1772
509
545
1558
903
1673
1110
832
4143
843
1197
1214
1231
945
968
1969
3666
2025
1714
1437
1113
1123
1123
1134
1198
907
1904
1268
623
1631
987
335
1338
1018
1040
714
742
1075
2416
836
527
1188
2
9859
1024
2032
61475
1093
1444
1519
1530
912
1250
925
616
1301
1696
1371
400
749
749
1450
1159
2826
1182
1849
1232
936
1292
971
979
1648
1323
1013
1344
387
1088
1421
7637
769
2421
1103
1771
1462
1133
490
1489
9422
846
9464
883
2206
1258
1269
304
9560
1298
1301
1634
976
1
9578
1010
1710
771
776
1440
2445
1469
1484
837
847
858
1519
885
580
1252
952
1288
1618
9890
648
6
9906
1334
1358
1385
767
2419
812
1488
1167
1498
1836
877
1247
1588
616
1295
2
1655
1009
2016
1359
1040
1054
1390
733
1426
770
802
825
1831
1837
1215
10477
1886
1227
1232
1237
923
937
1301
1310
5
4
15
1667
1009
1342
9962
2038
10641
2103
2122
1480
1152
10869
988
5
1696
4999
10958
8938
2084
2135
1512
66213
2197
2905
959
1616
4262
2313
2026
2069
1784
97915
1588
2914
1939
309
315
2684
2049
2052
1393
1742
2086
2111
1488
1819
1179
1852
1226
11804
1245
1625
1960
1645
5276
1661
1675
2021
1365
11938
2364
2112
2507
2196
1876
1578
8523
2254
1603
982
1
5
1974
1011
1329
1331
1710
2053
2073
408167
1225
2237
1584
1620
1967
1312
992
1660
2338
1698
2693
2705
1758
1466
1831
1557
1245
322
329
1649
1682
2010
2679
1361
1033
9966
1393
2079
2093
2756
2117
2477
3153
1176
2516
1876
2554
1902
1571
2575
1586
1919
301092
951
10525
3253
3591
1282
2275
2288
327
2
2641
1985
1988
1697
1712
1059
3048
2390
2396
3073
2411
1425
3405
2752
1438
2435
73733
3116
2140
2146
2154
3154
2845
2197
2895
2240
409897
1593
1615
318
1638
2965
2974
9261
2651
2326
2010
1351
1363
5011
1743
1438
1111
2764
1778
2108
2448
1486
1818
2150
1178
1174
2829
1844
2835
2513
2539
3865
1896
1566
2242
1590
933
954
1940
1345
1676
1348
1380
2049
1724
1765
1437
2098
9711
2115
1126
2791
2461
2462
2138
3134
1495
3478
1172
2182
2862
1877
1560
1235
1566
3880
2893
1573
2235
2242
279
1597
951
958
2935
1942
1294
2290
1647
1332
367
2665
1678
1030
3682
1382
2057
1082
2077
2416
2419
2141
1169
4136
2155
1198
3201
1911
280
1267
1268
2267
2268
1296
2609
968
2946
4
4
1643
3
4
5
5
5
4
5
6
1327
11
13
13
1349
1366
55
1693
52
2027
2697
1075
1731
1416
2741
1107
3430
2105
1145
5445
1181
1218
2213
1243
1581
2571
1590
2265
1295
1641
990
998
1673
1677
2346
3689
1717
11623
2046
1400
3709
3050
1738
3061
2087
2091
2092
1445
1116
2110
53605
1467
2486
1556
3861
2542
1900
1571
3214
1242
1580
2896
1256
926
2577
1598
944
2254
3588
2930
1622
1293
2603
4924
326
5
1323
1984
336
1686
2032
1384
2059
1752
11018
2115
2122
1472
1151
1492
2499
1195
5149
1202
1864
2533
2211
1230
1568
260
1921
3241
2595
1945
1619
1628
1959
1959
315
974
3629
1995
1671
2338
1355
1705
4669
1058
1385
1391
2066
2397
1420
1094
1107
2431
2439
3098
1461
1468
2487
2508
1848
1530
1532
881
1202
1538
3841
1541
1215
1878
1912
941
943
1938
1294
969
2295
1635
1304
1315
2303
1
2316
1658
1991
1660
1671
1675
2007
2015
1359
2347
2688
2034
1041
1053
2059
2385
2394
2403
102
3062
6371
1766
1439
3086
2113
1790
1812
1496
1831
1833
2171
1848
1225
1563
2888
1570
4530
2234
1908
916
277
1591
1598
1936
1953
1290
1619
1626
10867
1963
11
1990
15
14
15
2338
1015
1678
2351
1368
2032
1706
1383
1395
2396
2400
1738
1738
4046
1739
2739
1417
1753
2430
1109
1142
816
1808
2156
2164
2828
1175
848
1842
2840
1852
2518
1195
3184
2535
1870
1218
1894
10821
918
2575
950
321908
1294
2306
1311
986
2968
5
1320
4945
2646
2316
1985
1328
353
2666
2007
2016
1357
1692
2373
1394
1074
3066
2088
1440
2449
1144
2482
1490
1823
1823
2493
1844
1854
1533
1207
884
1212
1213
1541
2203
3199
1545
2880
3211
1896
1243
1588
1263
2599
1280
1940
1289
1947
1626
1306
1307
7248
1641
2
1656
2004
3000
2012
2038
1711
1385
1387
1063
1404
4377
1752
1752
2421
3751
1440
3433
2440
1457
1461
1462
2121
2122
5419
1467
1149
2137
1482
1808
1811
1490
1817
1494
2490
1178
1842
858
3176
1526
1859
2196
1214
1548
1219
1553
1556
1559
1563
1564
1895
913
1574
2239
1582
2571
1260
1268
1602
952
2276
313
1630
2961
4623
1331
1332
1003
3317
1336
1345
1346
1679
2005
2008
1025
1032
1048
2039
1057
3044
3378
1402
1403
1407
2069
3400
1115
1782
2116
3110
1792
407231
1800
1473
1150
1151
1484
1815
2156
2501
1186
1847
2512
1543
1229
1229
1565
1895
1236
907
1916
1587
1589
1262
1263
2253
1928
3583
943
1939
2598
1955
969
2287
1321
6926
1654
1652
1664
2004
1016
1347
1024
1695
2699
1380
1384
1744
3414
2751
1105
1436
2427
784
2761
1114
785
794
1452
1791
2124
2790
1169
1166
1829
3147
1844
1847
1519
1190
868
870
872
1207
1543
555
1543
1876
1218
2544
1883
2551
1564
910
3216
1577
932
1271
1936
950
963
4921
969
983
2303
1978
993
337
1004
1662
2008
1351
1358
1707
1378
1382
3368
77966
1068
1401
1746
1420
3077
1099
1430
1108
1441
2430
1775
1141
1471
2789
817
1480
2157
1171
514
1838
1200
875
1206
3191
1548
899
1234
9148
2229
915
1250
1909
925
1921
1265
1926
2270
1288
1288
961
963
1625
967
1320
1322
1326
1338
4968
1016
2999
704
2354
1037
2360
5325
1373
3018
1042
1376
1713
3033
730
1723
1726
1069
1740
1415
1416
1085
1085
1423
2756
783
2762
1776
1457
1783
798
1787
1480
1486
1488
1166
1163
1826
1171
1171
1171
1519
1217
2866
1877
2212
2540
1225
2220
1231
1231
1232
1571
1573
921
2584
935
2917
1268
1927
1927
1931
1274
1606
958
1621
4261
1620
1295
3605
1630
1970
983
652
1318
1650
1318
997
1651
1651
998
1660
996
1003
1342
1672
1675
1671
1355
1027
1031
1036
3675
1046
1048
3362
1051
1382
1389
1067
2714
1396
1743
1414
759
1089
2092
1108
3095
1472
1470
1471
1803
1473
1809
1150
1478
827
1815
1485
1162
1171
1504
857
1514
3164
1517
861
2845
2522
2523
1874
1546
1547
1220
1228
1890
1561
1237
2221
1249
924
3242
938
1267
1923
941
1268
942
943
1272
617
5892
1937
961
306
2616
1302
1634
2622
1311
983
2960
1972
1309
3956
1327
3303
2646
1006
1007
679
1014
1016
2669
3335
702
1033
1036
1699
1044
2037
1712
1386
1386
1717
1719
728
1721
1725
1072
1075
1739
1737
1744
2728
3067
1094
1099
2087
1100
1102
3423
786
1116
2106
2770
1455
1125
1461
2122
1793
1147
1817
827
8755
1504
1837
1177
1515
1521
1193
2188
1529
2847
9123
1870
1545
1217
890
3199
1233
2223
1574
913
918
3556
1251
1253
2243
925
1259
1591
936
1268
1930
1927
610
2272
1286
1290
3930
1628
968
1307
1309
983
2
1325
2974
2647
1007
1673
9596
1018
1019
2012
1026
1688
2676
1030
1033
2684
2355
1369
1368
2031
719
1053
1053
729
1063
1070
1728
1408
1079
1418
2075
1091
1431
1433
2099
1441
1118
2115
795
1130
1464
1137
1466
1137
1139
1801
9396
1145
1476
1144
2794
820
1156
831
1502
1507
1507
1184
1839
2170
861
2182
1532
1532
1536
2194
878
3515
3194
1212
1871
1216
891
1222
2214
1242
584
1905
1577
2570
1256
1298
2576
1913
9841
599
1607
1607
1278
1284
2274
962
1627
4260
1300
3281
1639
984
1316
1978
1
989
669
1332
1001
1007
1677
1672
1350
1352
2347
1689
5320
1693
704
1368
1701
1375
1375
1047
1049
1052
65
1382
2043
1065
2382
1396
2387
3708
1075
5701
1422
2087
1097
1106
2095
1113
2764
1777
790
1122
1127
1130
1466
1140
2463
1475
2795
1476
1479
1151
1816
1488
830
835
839
1169
512
1839
1186
860
1521
3172
866
1196
867
1539
1537
1207
1550
563
896
1228
1231
1562
1233
1233
904
1236
923
2579
933
3572
1265
1931
944
946
619
1612
1282
953
1286
963
2947
1961
2949
1962
2622
1304
980
986
982
2309
2638
989
2970
993
1654
1656
1334
2002
2663
1349
1351
1021
5639
2671
1686
1688
1360
714
1046
1059
1059
3042
1395
1401
1075
1407
1738
1740
1412
1410
1412
1415
1417
1087
1087
1089
1089
761
1422
1422
2416
766
1425
1099
1103
1762
1768
1119
1120
1453
1126
1139
1472
1806
820
1494
835
6447
3156
1508
1839
2172
853
2503
1522
1852
3177
2518
879
1212
1545
1547
1219
895
1556
5184
900
1233
1236
1239
1250
594
1915
1255
2581
932
1924
1596
939
1599
939
941
948
1611
3258
1285
2285
965
1955
968
1299
975
1969
988
1661
4630
1006
1343
2336
1349
1019
2013
1027
8955
5321
1368
1703
1375
1709
1383
1389
1389
2056
2057
1067
1067
1402
1403
1072
1404
1733
1409
1080
1748
1425
3074
1098
1426
1100
1103
1106
1438
1438
2100
5727
1777
1117
1137
1140
2461
1141
1473
1473
1145
1806
1479
2797
1151
1161
3147
2160
3152
1174
1504
1505
1186
858
1186
2838
1191
868
1531
5157
1212
1217
2212
1887
2557
1896
1244
1578
1580
1585
1920
1264
1267
2918
1929
1929
1274
1289
1290
2612
1293
1299
1304
1966
1307
1641
1972
1327
1330
1341
1347
2015
2017
1363
1036
1696
53
1374
1378
2366
1378
1713
1385
1385
2050
1724
1727
1728
1401
2067
2065
9662
1426
1435
2095
1438
1446
1453
1458
1798
1474
2796
2141
2806
2476
1829
1502
1834
1185
2188
3507
1862
1534
1540
1211
1213
2200
2859
1558
1567
2229
1605
1603
3586
1949
1622
6239
1959
2619
2310
2322
1667
2010
1684
3344
2694
1706
1726
2389
1742
1765
1772
2764
2106
1782
1806
5103
2811
10407
11090
5156
1863
2193
2220
2885
1895
1570
1904
1909
3239
2944
1631
2298
1969
2638
1983
2003
9937
2018
2025
3368
2723
3386
2073
3074
2111
2517
4526
3539
2548
2220
2224
2561
2248
2250
2586
2606
2942
2956
2675
3377
2746
5109
2851
121692
2570
2575
4580
4650
11309
3420
3495
2867
3536
2883
3578
3338
1151
2705
3148
3186
11585
3344
30
9962
3690
3394
1256
1258
1143
3941
3941
3
14
109768
9465
1
11056
11435
3208
99391
4741
5778
412974
7696
111382
1349
6815
31
85857
6673
5117
315576
8575
421850
10657
98151
6383
6404
6651
6694
1
6783
6984
7005
6056
5768
7062
2
7070
30
31
32
32
32
33
33
7212
9899
7234
7260
7270
5511
7345
7358
7381
7427
7446
7453
7457
6235
6238
7532
7541
7575
7617
7644
7687
7723
7725
7756
41
7774
7794
6872
7830
140
5487
7865
6918
6660
6952
7906
195
7919
6985
7951
7953
7956
6716
7004
6720
112989
259
7050
8005
6768
7070
8029
7097
6830
6837
8082
6854
6855
8112
6607
404
8123
8135
7190
8149
8149
6353
114
8191
8194
8210
6971
8212
8217
501
8227
6995
8251
8253
536
6747
8261
7317
7336
7058
8304
6792
8304
8313
7409
8369
7128
7423
7136
7138
8402
8405
8407
7463
7481
8435
7483
67
6934
6935
7210
7499
8455
7248
8505
8506
479
7578
8534
8539
7588
6456
7320
7322
8577
7342
7648
8602
7655
7657
7665
7676
9136
8652
7411
603
7422
7152
6872
7432
7724
960
8680
8683
6889
7447
7465
8706
8716
8721
7774
7774
7491
8735
7790
7233
7236
8761
7520
8762
8767
7533
6401
7826
8791
7281
8793
7558
100
7859
7863
7304
7575
7578
7582
7584
7324
7883
7600
115185
7607
7607
7897
7057
8904
7911
7919
7632
7929
7930
7643
7644
7644
7934
7935
7935
7940
8895
7941
7661
8904
7393
7666
7399
7958
7964
7678
7967
7679
8920
7415
7130
7709
7712
8002
8006
7727
8970
7460
275
8031
8032
7189
7751
7480
7488
7766
8057
633
7214
7775
8071
6650
8075
8076
7231
9041
8099
7813
7265
7823
7823
8111
7271
7836
8127
7573
7847
387
7854
8145
8145
7587
7860
8155
7870
7024
7874
7321
7607
6163
7883
7883
7613
7891
8181
7896
8184
7060
7910
8199
7640
7357
7920
7922
6797
7662
7934
7936
8226
8227
7668
6806
5919
7103
7952
8245
9200
7403
7961
7963
8254
7972
7416
9221
8273
8281
8282
7151
7732
9251
9294
8012
8014
7745
9262
8021
9262
7179
7475
7768
7769
8329
8043
586
8060
8070
7516
7804
7804
8078
9324
8082
8085
7815
8087
8088
7535
8384
9336
7543
7829
7837
9349
7555
52
7558
8406
7847
8123
7567
8124
7854
8126
8131
8420
7862
6711
372
8143
8444
8166
8455
9408
7322
8170
8172
8460
8461
9465
8479
9442
8200
7930
8497
7940
7940
8216
8223
8223
7954
7671
6216
7394
7969
7395
9485
8248
7978
8253
8541
7697
7410
8561
8275
8276
8005
8574
8583
1157
8296
8029
8034
8315
8315
8607
8048
7764
8321
8060
7769
8327
8331
7486
8340
9585
8072
8348
8351
8640
8640
7218
8082
8359
8363
7517
7517
9605
7810
8375
8378
7826
8671
8675
7255
7834
1258
8686
9641
7555
8412
8142
7857
8148
8423
7581
7871
7294
7586
6719
8724
8439
7308
8733
8449
8450
8455
9698
8458
8747
8750
8469
8200
7339
8204
7630
8764
8482
8775
7646
7655
8792
8506
8235
8246
7674
8251
7970
8258
7975
7690
8538
8276
7992
8550
7706
7707
6537
8848
9801
8005
8566
8012
8860
7728
813
8308
7446
8581
7449
8038
7753
8048
8606
8607
8346
8618
8355
8909
8622
7489
8358
7209
7787
7220
8088
8933
7804
9893
8656
8109
8666
8671
8672
8116
8679
8419
8136
8424
7851
8998
7881
8170
8457
7885
9025
8180
7318
8183
8750
8750
10017
8220
8229
8788
9076
1023
8248
8253
7973
8820
8826
8556
8831
7986
8834
7991
9125
8285
7709
8583
8013
8860
7725
8305
8318
8884
7752
8892
8622
8051
8902
8057
8906
8367
8079
9214
8082
8657
8372
9221
7802
7804
10181
8942
10186
8948
7526
1
8103
10191
9239
9239
8394
10193
8108
7822
9247
8115
10246
8423
9272
7852
8140
7863
8152
8736
8161
9008
9020
9020
9025
8468
7605
9029
8758
7897
8763
9324
9038
8769
7620
9049
7628
8796
9068
8797
8226
7651
9078
7656
7660
8528
8532
9378
8533
7672
8251
9389
8839
8265
9112
8268
9405
8277
7702
8857
7706
8289
9138
8294
8870
8298
8880
7130
9440
8307
10397
9452
9454
9168
10414
8907
10420
8916
9190
9193
8922
9482
9195
8063
8352
10440
8069
9494
9207
8362
8365
8078
8368
8945
9508
8950
8092
8094
9518
10472
8097
7516
9239
7218
8395
8976
7827
8407
8411
2
9259
9260
8127
8428
9274
8431
8143
9575
9576
9020
8448
9311
9313
7892
7609
8770
8771
9336
9339
9342
7628
8216
7930
8511
9094
8521
9664
8244
8246
8536
8252
9675
9121
7973
9688
8267
8268
9134
8852
9411
7698
7394
9152
8007
9430
8587
9169
9735
8026
9739
8029
7147
8325
8331
8334
8048
8057
8345
9774
8068
9495
9501
8086
8376
9515
7211
8965
8110
9535
8402
8981
9827
9828
7826
8697
9545
7239
8997
8994
8135
10804
8718
9012
8147
9857
7855
9015
9024
9586
8165
9318
8745
7574
9602
9894
7300
9608
9056
8195
7595
7595
8773
8489
8498
8232
9660
9104
9106
8531
8532
9955
9112
9399
7650
10917
9406
9417
8561
7391
9703
7397
7992
10000
10007
8005
6852
9730
10019
8310
8598
8314
8024
8026
8905
9752
8334
9764
7746
7463
9771
7749
7750
9785
11027
7764
8946
10083
9527
7781
8383
9251
10097
7788
9544
7226
11057
8400
9267
8693
8699
7527
9573
7824
8132
9003
9295
8725
8441
8158
8169
8466
9888
8469
9891
8480
11144
11147
9063
9913
8496
7622
7623
8223
9942
9673
8229
9679
9679
7649
9685
9687
9690
8540
9964
3156
8543
9697
8839
7683
9435
9993
8293
9452
10011
9468
7456
9496
10343
10060
9799
10071
8357
8054
9230
9815
10104
7800
7812
8705
9578
9872
9878
9879
9882
9884
8447
10164
7580
7304
8757
8161
7882
7027
7885
9354
9643
9931
7898
8491
9939
8792
9377
10225
6777
10519
9391
6493
7080
7938
9696
9986
7950
118168
9126
7395
6533
10290
8586
9747
8287
10600
10313
9186
8606
10324
10324
9193
9773
10062
9487
9201
7466
8032
8624
91819
9502
9505
9506
7764
7212
8659
10377
10112
10674
7225
8969
7521
8089
7807
10401
9556
9846
10403
10136
10417
10439
9593
8421
9025
7860
10184
9615
9618
9910
9915
7311
9346
7894
9069
118070
11732
8480
9947
8492
8805
9971
8820
8820
9402
10536
9694
9127
7968
9718
7974
10295
9726
10307
9161
7716
7721
9750
9471
8299
8027
7747
10628
7757
9496
9785
8040
8920
7765
10080
8624
10379
8632
8353
9824
9537
9541
10120
10121
9257
7517
11923
9559
8109
7538
8987
10434
7836
8121
7864
7867
9903
7004
8731
7592
8450
8191
8192
6158
7936
11098
9967
11110
9976
10553
9984
9422
7687
9730
7703
8852
7137
7434
10045
8030
10907
10061
10062
10355
7750
8326
10361
7764
8060
7790
10108
8083
9241
8366
8090
9249
8952
10981
8109
8960
8392
8683
9297
6674
7860
9891
7866
10184
9615
8168
9619
9325
7881
8470
5541
8493
9375
11095
11096
10542
8509
9080
8262
8547
9119
8278
9440
9734
11445
9448
11165
9747
10327
8010
8017
10336
8315
10638
8605
10644
10076
9189
8631
8061
8062
7479
8926
9524
11240
6897
10111
8388
8388
8104
8679
7832
6945
9871
8430
8145
8443
7864
8447
7868
9609
11074
8760
10221
7018
7320
9072
8795
9368
6460
9377
10556
8821
8850
6799
9424
10027
11450
10035
8309
8020
7731
7437
8035
8330
8906
10077
7758
4046
10662
9486
10086
10672
8958
10422
6913
8121
8125
11586
10454
11048
9591
8455
7877
10794
8479
7900
8200
9639
8211
7920
10535
8801
19893
7938
11421
8551
10008
9704
8855
9705
10322
8597
11771
9180
8902
9184
7734
7148
7453
8936
7751
9209
10955
6868
10386
11539
7474
8658
10688
6598
10698
7804
8982
7510
8402
10160
9297
7839
11892
10177
7252
7253
7855
9044
9917
9923
7927
8239
6161
8255
8842
8558
8276
9717
11183
10945
8626
119664
11530
11252
6263
11259
10693
8369
11564
8970
6918
7224
7518
6329
9006
9605
8743
8753
9340
8169
9352
7599
10536
6732
91
110
9131
7651
8843
11165
8846
7662
11462
9718
12309
9167
10317
9182
8305
10333
8308
10340
9773
9204
7729
6846
8035
8036
7741
8337
6871
12130
7756
8058
6877
8989
7808
8110
10443
10776
9628
9926
11970
9944
9666
9672
46
10529
9972
7924
12303
7935
10281
7657
9143
10014
10308
9744
6793
7400
7705
8001
10061
9202
8024
9218
10082
8926
7744
10089
201
203
7778
7482
9268
9582
8407
8110
7822
9887
591
9891
9310
8423
11926
10185
8436
612
8746
9049
7275
7576
9648
8173
10798
8185
1
9391
8228
9457
7679
7977
9754
7387
7995
9482
7103
8898
814
8050
823
12150
8062
9547
9565
9568
862
8692
6886
9887
882
8415
889
904
8442
8444
10508
11083
9657
944
10530
9392
8218
12044
10301
9151
6381
1041
11496
11513
9180
7071
121175
9226
7748
11257
10123
8053
6142
9254
9556
10998
8073
9558
6178
9281
11909
11313
9894
9895
8118
9610
9914
9323
7542
8154
10228
8455
6246
11683
8469
9082
7899
9685
7616
8523
8820
12055
3
8263
9163
8869
7025
8289
1356
10099
1383
9516
9231
7747
9845
8069
8368
7766
8388
10480
8708
9298
7852
9358
9060
11401
7230
109089
8793
9994
9114
8824
9416
11742
10314
9144
10064
9477
8306
8605
8006
8615
7688
47
8057
7736
9555
8372
9855
9559
8672
6762
7452
10783
7792
8719
8119
7806
8436
8131
8457
1820
7838
6857
7540
7219
7551
9409
7904
6927
10928
9446
9451
6961
7625
6973
10973
6686
10718
10428
11311
7691
2016
8358
7051
2033
7392
6748
7398
9876
8063
7405
9297
8079
2079
10800
6795
10238
11134
2140
9994
9999
7538
7543
7224
10031
7885
9147
7892
9154
6031
8868
9170
10361
6963
7619
7292
9803
7958
8633
7003
6704
7013
6724
8342
8667
7688
7043
8981
8680
11353
8032
7722
7723
8714
6483
9021
10212
2392
9922
7756
7789
7798
7202
2498
8836
9441
7549
7908
8239
8897
7594
7614
2596
7631
7972
10154
9864
7339
7660
6451
7360
9891
8009
8344
6780
6781
9017
9627
7724
2708
9081
7145
8770
9101
9108
8784
7484
10605
7180
7492
10619
7511
6912
2811
7229
7857
7866
8197
7872
8205
8895
8566
6999
7003
7010
2922
96237
7962
8951
2942
7359
7369
7080
6491
7380
8009
7391
7698
7701
8355
8357
7409
7717
8038
7420
9035
7729
8054
7439
3043
7443
7453
7173
7174
7798
7803
11226
7503
9750
7513
10067
7532
9475
9481
11269
10384
7856
7857
7860
8508
8185
7560
7867
7870
8528
7581
11613
3205
8230
7019
8244
7035
7629
7941
7347
7643
7645
7645
9590
7668
7669
151734
7087
7987
96268
8644
7402
7699
9330
8030
8032
8354
8691
9675
7449
8695
7757
7463
10298
6891
9392
7782
8737
7784
8739
7497
10033
6617
7800
7214
7809
7542
7250
8147
8796
7253
8159
7567
7274
7865
7571
9813
8186
8187
7890
8849
8525
3504
7318
8536
8864
8224
10166
7647
7363
7966
7673
8922
7675
7675
7680
8937
7107
9275
6824
7733
10270
2
9318
432645
8346
7452
8666
8995
8365
9340
8065
7779
7787
7194
9692
8387
8083
7199
8713
7794
7204
8093
8093
6916
8409
8410
96696
7523
8127
8133
7250
7847
8141
7851
7854
8150
8156
7865
7572
7580
7582
7879
8800
7588
7889
7600
7617
7631
7337
6733
7940
9514
9192
9856
8248
7089
7686
9234
8297
8299
7422
8315
8315
8318
9598
8325
8326
8041
7449
8045
7457
7755
8348
8059
9319
8372
8374
8375
8089
9013
8697
41
45
7822
53
59
61
7536
63
7538
65
7246
8137
6940
8140
7846
8742
7848
10055
7559
7858
7274
9409
7878
7591
9437
7306
9445
7908
9123
7620
9792
7339
8521
188
8859
7967
206
6785
8291
8291
7999
7706
239
239
9229
7423
8315
7117
7724
8024
8623
8332
8333
8630
7748
9590
8347
7756
8950
5561
8352
8068
8067
8068
300
7779
8376
313
7186
7189
8682
325
8995
1
1
2
2
7200
7510
4
4296
14
7526
8707
7825
8712
7828
356
6927
9023
7536
8424
8425
7836
7231
8135
8431
10005
8139
10007
9686
46
9042
8737
54
58
7863
61
8163
8166
8166
6971
5024
7278
95
9744
9418
104
7613
7921
449
8810
4412
8812
7932
7641
7333
8237
7648
8239
7946
7344
7658
8548
8845
8563
7369
7372
6765
7986
7986
8580
188
8890
7400
8008
8008
7713
8304
8308
7417
8030
7426
8333
8337
8042
9557
8049
8050
8052
6835
8058
7765
9903
7771
8081
8973
8679
8089
10912
9281
11218
8096
8098
7493
8099
8102
7498
8992
8699
8996
8112
7216
7829
6589
9642
8133
1
1
1
7232
9647
8432
7
9
9
11
15
8445
675
6929
9661
19
8158
7553
7557
7563
8170
9685
7900
9081
7901
7903
8791
4691
8206
7310
8807
9100
6352
7927
7022
7637
8263
8264
7970
8564
9153
7979
4761
7384
8592
10468
7702
9823
9516
8031
7426
7437
7743
10215
575
907
7776
579
7785
9583
8397
9288
8115
9013
9312
9315
8737
9033
7839
8741
6246
9039
7236
8459
2
2
5
8765
7864
7
9
4960
13
7573
8182
7257
7874
9072
9075
20
8485
7276
8794
9690
7598
10019
8510
8509
8807
7908
8226
7917
8523
6324
8830
8240
8241
1072
7940
8843
7644
8549
7949
7657
7657
7348
9454
6707
7974
7975
7045
7371
7987
7989
8896
7997
8604
7394
7716
7095
8346
9839
8649
8654
7751
7752
7754
11480
8054
9561
9267
8071
9270
8978
8999
8704
9589
8101
8101
6842
8417
7810
7811
7811
8717
8427
8118
7503
9615
9326
7513
7831
8134
8743
7209
8146
7850
9056
7543
6902
7875
8782
5598
8492
9980
9383
8793
8498
7892
8191
8506
9393
9097
29
8536
6964
10032
7940
8239
9141
7945
9146
7315
12280
6657
5345
8565
8255
7958
9161
9160
8261
8262
7967
7970
10070
7977
8276
9185
7990
7357
8898
8294
8297
7687
8007
8615
8305
9503
8307
7693
7696
7696
9218
8019
8317
7059
8935
8032
8035
7720
7074
6417
8950
8051
8350
7422
8063
9265
10161
7434
9568
7108
9276
9868
7763
8987
8382
7769
7453
8092
8396
7463
8712
8717
8111
8111
7799
7803
8730
8742
9628
7823
9050
7514
9647
9062
8167
9073
7205
7860
9675
7864
8186
9687
9096
7567
8205
9408
7894
10001
7901
8837
8231
7919
8534
8238
8243
9148
8548
8548
7618
8254
8557
8263
9767
7309
9179
9484
9484
6989
10083
7001
8595
9792
10098
9514
8006
9524
7689
9230
8632
9245
8025
9246
9839
8346
7715
10458
7069
8051
8977
8056
8061
9582
9289
8072
9885
7426
9297
8692
9007
9603
10206
7782
8419
7785
10213
8109
8727
9634
8737
8124
7811
7482
7157
8458
8757
7499
7501
9967
9377
7510
8482
9690
8182
9404
9405
7871
8806
9414
7551
8524
8533
7898
9740
8843
7917
7260
7599
10062
8867
5965
8258
7613
7618
8269
7952
6964
8287
7312
7981
8303
8920
7329
7331
8935
7672
10133
8942
8650
8664
8029
8349
8352
7705
10461
8358
9283
7714
10176
9881
8683
7721
8376
10194
9908
7084
8716
8716
9031
8097
9344
6781
8105
8428
7451
8114
8436
7134
9369
9067
8457
428347
8153
8793
8796
8166
8486
10592
10017
8503
8185
7857
8187
10022
10321
8198
10042
9747
10043
9142
8210
8212
9146
9459
9153
7894
9471
9474
8231
8553
8235
8875
7251
7582
7589
10084
7921
98933
10099
6944
7939
7948
8279
7955
10125
7969
7972
9547
9547
8629
8947
9248
7986
9253
9258
8329
7350
10180
9280
10185
7692
11087
9293
7701
7702
7380
9614
7720
7720
7063
9319
7729
9323
9323
8396
8073
8077
7090
9952
8744
8096
8751
8105
10565
6461
8109
8759
9374
8116
7788
8120
9390
10595
8150
9117
7824
10913
8162
7832
8496
8172
10336
8821
9441
8179
7521
7851
8514
6552
9469
8206
11915
8221
9190
9192
8556
9495
7572
8235
9207
7916
7259
7922
8904
8584
9225
7930
9524
9534
8276
8927
8280
9551
10159
9256
7960
8625
9568
7320
9279
9280
7988
7661
7673
8335
7344
10204
10799
9915
7683
9627
7044
8034
9014
10249
8714
9353
9657
7738
8399
9048
10567
8078
9374
9379
10581
7760
9688
7765
7769
7773
8434
7779
8775
10318
10320
9418
10030
7475
7806
10042
8802
9123
8480
9747
9449
8819
8490
9139
7171
8162
8496
8831
9472
8509
8511
10391
9790
9791
8858
8868
8540
126980
8216
7899
9525
10433
7903
7915
7928
8588
9560
9565
7945
8937
9877
8284
7298
7298
10193
7640
10505
7651
8975
8975
7326
10225
8657
8666
8667
9934
9320
11433
9649
8031
7701
9346
8698
7379
9348
8041
8703
7713
9972
8051
8389
10597
6422
9998
6756
9701
9709
10320
7427
10325
10328
8096
8765
11519
11226
8437
8767
6129
10343
8109
7453
10942
9744
8128
7475
7804
9140
8812
7493
8487
8820
10086
7833
7838
7838
8837
9486
9170
7856
10422
11602
10718
8192
8861
8530
9511
9195
8209
7551
11036
8218
8881
9210
7569
8561
6944
7604
7605
9261
9581
7942
8603
7945
8937
7946
9596
8616
9600
12336
10826
9606
7974
8310
8310
7988
10252
7689
9339
8350
9659
7693
9667
9671
10288
9355
10299
8047
9041
8382
9376
10017
10027
8739
10338
9079
11244
8429
9424
8769
9100
8443
8135
7807
10092
11590
8142
9791
9792
10113
8490
8167
7513
8833
11044
8846
7858
10753
8189
8520
7538
6217
8857
10456
11953
8208
7883
10173
8228
8562
7579
8238
8906
7926
9578
8266
8266
9263
8273
7629
9275
11751
10560
11176
7335
10577
10582
9975
9334
11206
8020
8352
439
8685
6382
9680
456
8383
7067
8389
8063
9387
7078
8735
8077
9404
9405
9077
10064
9418
9418
7774
8100
9423
8108
11003
10079
8139
558
8146
9478
7506
10136
9160
8832
8842
7534
11381
9520
9520
9194
9526
10808
8557
10817
10204
2
3
9237
7591
6609
12044
10846
12064
10260
11185
9625
8309
10279
9967
9639
742
8333
9653
10303
7345
7682
759
11830
9005
8348
9669
6373
9672
111
6720
12149
8379
9041
7396
12170
10674
9386
7410
7751
8747
9413
7436
8428
9090
9762
8444
7789
9445
8462
11963
8480
10136
8490
10471
11401
7854
9841
9515
7542
10183
6892
7550
9200
9533
9866
9538
8880
9874
9879
8561
7242
10535
8242
7909
7255
9897
11165
7934
8933
8610
9274
8945
9640
7666
9654
9659
8349
7354
9006
11264
9015
9029
10676
10028
9387
9067
9068
10714
9077
7776
7780
7126
1196
6815
10116
9459
11989
8141
7813
7165
7824
9148
9479
9811
6846
8172
6525
7848
9177
7876
9529
7235
9543
8236
9887
10553
7920
8254
9246
9907
7271
10245
7942
7944
8937
9597
7954
7627
8295
8961
9626
11861
10297
9637
6671
6674
9319
8990
9322
8337
8006
9657
8348
7691
439
10338
9029
9030
8375
8044
7719
9046
7073
8401
9389
7412
8077
164
6786
10092
8121
8459
216
10444
10114
8470
8139
12025
8152
7496
245
11118
10476
10479
9491
10154
1924
7534
7540
5240
9201
8217
8220
8556
8228
9555
8238
9559
9231
328
329
8250
7265
339
7925
8258
9909
8596
9915
351
7611
9591
688
7621
1687
6966
9611
8293
9293
9296
11270
400
730
10300
9312
7334
10305
11900
8658
10314
10646
1743
424
8671
7689
7030
8685
10334
8363
8037
11010
8703
7716
8374
8048
7730
7732
8073
9722
498
6437
10395
5780
7433
11382
10734
9420
515
10412
10084
9101
8107
7471
9785
7813
8470
7484
7156
6504
571
7501
7835
587
918
7192
6868
8187
939
10503
7536
6878
611
1275
9524
622
10516
7226
6900
9549
8569
657
11532
8908
6932
8253
8593
1010
7940
9921
8273
7619
7950
9931
7962
9616
8298
7972
9626
9970
8654
9987
11633
7028
8026
8354
7698
8356
8358
8032
8689
8371
12588
8398
1147
8076
10385
10386
10060
9076
1160
7762
7106
8102
10084
10762
6806
871
11097
10118
10453
7488
7835
6186
8828
8834
8839
926
1261
8525
6550
7543
6885
8208
9201
9860
9202
8215
10857
9869
9871
980
8572
10558
9245
6957
8937
7959
11906
9291
8966
8311
8644
7997
8331
7686
8350
10000
1763
9029
7714
7732
9381
1476
7745
9066
8749
8422
10732
7121
7461
8459
9123
10114
8797
7481
9462
8144
9142
9479
7837
6204
2580
9507
7200
8195
8532
8536
10184
9195
8213
8547
7890
7891
7896
7896
8885
9221
7575
7247
8904
6935
7597
9247
7932
10244
9275
10926
8621
7970
7310
9634
10296
8320
8326
6678
8007
1746
7685
10662
8687
9678
7369
6714
9023
8711
5081
8055
8065
7086
8077
1482
9735
8753
9097
8109
1847
8116
8447
7158
9469
10464
7498
8827
9829
6871
8194
1929
11505
8216
11518
7563
6239
8563
8567
9556
9227
7250
7925
2979
8586
2982
11228
9582
2990
2001
9586
9588
8935
7946
7948
8287
11262
7968
8637
2044
8653
8329
8672
8069
7098
3142
10729
12049
12054
11068
8777
8120
2201
7809
10780
7154
8476
7486
8147
10128
12112
7497
7829
6847
8499
8835
8176
9830
8198
7870
7540
9849
7543
8537
8207
9529
11514
7563
3290
8571
8906
8246
8584
8590
9250
8930
2351
8951
9284
7308
8304
8315
7325
5686
8660
8992
8673
7687
8347
7692
9018
7372
9023
7384
7718
8050
9058
9731
9737
10399
8091
7762
7107
7438
8429
9423
8435
7775
10084
10416
8769
9433
2509
7788
9455
8802
8804
3534
10145
7839
9166
10154
9505
9508
3575
7532
11492
283
8864
7879
9529
7879
9859
10188
7885
7562
7565
7572
8892
8569
7912
12542
6930
6934
7929
10242
6285
7954
8627
9620
7976
10285
6984
8972
8979
7663
2718
8674
9020
7377
7715
8706
7400
7739
9068
6428
7085
8744
8087
7760
7104
8106
8436
8439
8114
8777
8119
7796
8827
9489
9825
7519
8516
7201
7869
7209
7544
8540
8876
8220
7896
7896
9217
2955
7575
8238
8245
7586
7595
7927
7609
8280
3996
3006
11587
8622
7966
7648
9631
3038
1
9639
7327
9644
7995
9978
7343
8014
9996
10329
9353
7046
8375
10687
6734
7065
7727
9061
6753
8076
7087
7749
7098
9082
9088
6782
6784
8107
11736
8128
7807
8150
9808
8491
8165
7178
7181
8839
7855
9839
7529
7542
6887
7544
7554
8229
7902
8233
11203
6920
8243
7914
8246
7917
10228
7264
9586
8932
8296
8305
9625
7317
7648
8644
7650
7995
8329
8329
8663
7668
9655
3398
7031
7690
8362
9027
7706
8706
9698
9706
10039
8389
10376
8728
8073
7083
8412
8084
8746
8422
7103
8427
8098
8102
7444
9116
7795
7795
8142
7810
9476
8817
8490
7172
7506
9488
7836
7839
8506
9174
9184
4574
10187
8209
7549
8211
7228
7560
8222
7562
7889
6903
8231
9885
8570
8242
12201
1
7918
6609
7929
7932
9589
7618
8945
7297
9281
7960
7972
8645
7657
9968
8318
7988
12284
7991
7666
9321
7346
7346
8337
9328
7349
8008
5718
8025
7370
6380
8030
8697
8718
7070
8393
9061
8405
8741
8417
7759
7778
7785
7457
7460
7133
7134
10109
7472
9456
8144
7490
7822
9807
7499
8161
8832
9499
7189
8180
12816
7551
119060
7562
7896
2
7929
7602
8260
8606
7620
10267
8293
8293
6982
9623
8963
7317
7981
7983
7988
7991
9319
7342
7014
9997
8343
9011
7032
9348
10338
7373
8708
7063
8716
8382
9712
9712
8730
10061
8409
7097
7433
11724
6782
7121
9108
7787
8448
9123
7808
8141
8478
8164
8491
7845
7190
8184
8190
8857
6877
9195
7545
11179
8538
6238
8555
9223
10215
8905
7917
8908
9903
9254
9255
20
9262
8933
7284
7944
9599
8285
8286
10601
7638
8298
7970
7310
7644
7646
7647
9317
9333
8672
8016
7699
9352
8691
8035
7711
8055
9050
8720
10046
9387
7080
9723
7083
8730
7747
7418
9730
7108
7768
8099
8110
9437
8129
8131
7803
9460
8145
430655
8813
7169
8493
7175
9160
7524
8189
9846
7542
9194
9856
9198
8212
8213
7561
8223
9877
8233
7903
7576
9562
9563
8572
8246
7917
7920
9244
7601
7606
7942
11901
7284
7614
8283
7626
7302
7303
8304
8315
9637
6997
7658
7996
7337
7667
7669
10312
9660
8014
9997
7695
8357
9352
9353
7709
8040
10022
11675
7719
8380
9043
7732
7405
7079
8074
8407
6759
9400
7097
10078
7440
7770
8434
8439
8111
7782
8443
7790
10444
8134
8473
8811
7821
9154
10482
8502
8172
7847
7190
8510
8841
7533
8199
6553
8534
9527
7546
7877
7548
7879
9197
8211
7888
5913
7559
9541
8887
7898
7568
9549
8560
9218
8901
9229
7916
7596
9579
7931
9914
7937
8939
7953
8625
8299
7319
7651
7981
7987
7328
7659
8320
7004
10306
7996
7338
7678
8016
7686
9011
7700
9682
8031
7702
8694
8038
8041
7384
10025
8708
8055
9049
9049
8397
7744
8406
9400
8415
9412
8096
7766
8758
7771
8437
9432
7461
8456
8130
8791
8795
7813
12105
10128
7495
9147
7169
10470
7829
8821
6843
9813
12126
8178
9169
8184
8847
11158
8518
9844
9511
8196
8529
7211
7214
9196
8877
7559
7563
8554
11198
7900
10545
8236
7250
8902
7919
8588
6941
7930
7931
8592
8924
7608
8932
8934
8605
9266
9592
7288
7291
8283
11585
10601
7634
8296
8965
9621
7979
8975
7987
7660
8323
7334
7008
8327
8658
7677
9654
8009
8341
9663
9014
7704
7705
10676
9686
8373
8707
8378
7718
11022
8061
8063
11035
8064
8396
10051
8078
8409
9401
8750
9080
7763
9087
7444
10415
8766
8113
6128
9110
9441
8453
9115
8457
7468
7797
10440
8459
8130
7143
9454
8138
9791
7819
7163
9144
8485
8816
8157
7174
7838
7838
8830
10481
7514
7851
9172
7856
7856
8516
8852
7535
8204
7548
9854
7899
9882
9562
8257
7929
9905
9907
8266
7610
9921
7622
9603
10596
7956
9934
9936
8293
8295
7971
9291
7973
7975
7978
8638
8974
7334
7666
7677
11310
9985
9331
7025
8345
10991
7692
7364
8353
8024
8354
7698
8028
9350
10008
6709
7046
7048
10352
9036
7061
7393
9703
7398
9049
7733
10038
7078
7410
8069
6748
9062
8073
7746
9396
8737
7419
10058
9403
8416
7430
8090
10403
7439
7771
6778
9426
431604
7793
8123
7796
9118
8460
8134
7805
8797
7495
9146
8487
9808
8166
8507
7523
8186
271
7868
11169
8202
11179
8543
9535
8217
8555
7248
9559
6917
8582
7936
8267
8598
7609
8929
8600
9264
9598
7620
8281
8282
7629
7303
8628
8299
8300
9291
8632
7646
8637
10283
7979
8309
9961
8316
6995
7660
8651
7993
7000
9646
8656
7338
8661
9653
9989
8012
7355
7021
8346
8018
10988
7691
8351
6697
8356
7369
7702
8365
9032
7051
9036
7720
7720
7395
8715
9046
8386
8719
9050
8392
10047
7411
7754
7090
9406
8419
9080
7432
10410
7450
8110
8112
7788
7463
9443
10431
6474
8458
7469
8794
9786
8468
9129
7812
7822
6499
8483
8159
9485
7506
9157
14455
9503
8524
8864
8206
8213
9863
7887
7559
7224
7559
7889
8549
7564
8225
8228
10208
8889
7572
7579
8570
7581
9230
7248
7249
8906
12207
9898
8582
7594
12215
7280
8276
8280
7292
9936
7958
7960
8621
9950
9292
7973
9955
9295
8638
9299
8640
7983
7327
8323
10963
8987
7672
7674
8006
8997
7343
8011
7018
9338
9343
8026
8027
8362
7039
9356
8368
9357
9361
8701
9371
8054
8715
7392
10369
8722
8723
10046
7411
9397
9736
8419
8421
7762
9413
10078
8099
8431
7441
10743
8768
8771
8123
6799
7127
9444
9445
7462
8461
8461
7136
9451
7470
10113
6813
8796
9129
5831
9792
7150
8146
9469
9142
8153
8813
9477
8160
8821
9484
9485
10476
8498
8170
9161
7517
7857
7857
8190
10172
8199
7211
8208
10188
7544
7547
7883
7885
8216
8880
9210
7558
7896
8885
8556
8563
7570
8570
9897
9237
7584
9243
9244
8257
9576
8587
8259
8919
8260
9582
7267
7933
9254
9589
7942
7607
7943
7943
8613
8943
9274
7959
10274
10275
8956
8300
6977
6978
7974
7978
7980
9299
7650
7323
7323
9313
8659
8001
8661
7019
7019
8014
10323
6695
9338
8020
8020
9340
7687
9011
8686
7036
5717
8362
8363
7698
6061
8377
8377
8385
9388
7735
7080
7740
10054
7742
10388
8411
6760
8089
9738
8751
9414
9745
7103
10410
10086
7775
8774
7780
8775
10766
8127
8461
7465
10110
9120
9463
9466
9139
10129
11117
7172
7834
7837
6849
9162
9826
8839
7516
10827
9843
9183
7862
7532
7863
9853
7538
10185
11172
10851
8876
6895
8226
8557
11195
9551
7899
8238
9891
10884
6925
7581
10886
2
8251
9574
9906
8593
7933
9259
9600
7618
7953
9608
7957
7626
7962
8628
9619
7307
8303
7310
9958
7647
7649
7323
7654
10301
8993
8000
1
8335
9324
8000
7342
12297
11304
9660
7347
7676
10664
8024
6709
8361
7367
7699
8700
7704
9033
8708
9044
8386
8394
7732
7739
8072
8408
10387
10717
7743
8074
8077
8412
7751
8085
8423
9085
8426
7762
7435
8431
8098
7116
10421
8772
8445
7130
11093
7790
8787
7795
8465
8467
8136
8803
8474
11442
9137
8810
10795
10136
10143
7829
7503
6848
7510
9166
8508
6165
8511
9500
9174
8181
6867
8521
9512
8855
6874
9846
6221
8858
9853
8535
7543
8202
8203
7877
8212
8563
9557
9558
8235
8901
7908
9235
6925
7912
10228
10228
6599
8916
8917
7927
10248
8606
7613
7614
8943
7950
12248
8291
8296
7966
7641
7642
8312
8649
7990
7662
8328
8333
8005
9663
7680
7356
9012
8348
9344
9344
9349
9022
7370
8028
10348
7053
7716
7720
21012
8050
9046
9381
7404
9070
9730
8408
9408
6768
10077
8424
7774
860
8780
8445
8782
8450
8119
9115
9116
10105
7794
8469
8805
8476
8811
8148
8484
7829
7506
8828
8493
7835
7182
7845
8504
8506
7525
9178
8857
8525
7539
7868
8528
9194
9528
10187
7876
7221
8874
9536
8210
7556
7885
6562
7892
10208
9878
8890
7568
7574
7245
10878
10221
7257
8574
7918
6936
8252
7267
8590
7934
9262
8267
6953
11246
9277
7625
7299
6972
9284
8621
6979
6980
9621
7645
8634
9305
8978
10301
9313
7333
7667
9319
8329
8330
8010
8340
8014
8015
9013
7693
8022
8022
10011
8692
7377
7711
11347
9372
7723
9046
7065
9381
10370
8716
8716
9054
8391
9062
9395
8406
7091
8737
9074
10063
9079
9083
7111
7771
10084
8102
8762
7123
10430
9773
9114
9445
7795
9448
9451
7148
9132
10782
7811
8141
8148
7824
9147
8155
9484
9815
8165
7842
8499
8173
8836
8506
8180
9836
8511
8844
9517
8862
8203
8204
9199
7877
8869
8213
9876
7566
7237
9884
11864
8894
1313
9892
7915
11221
6932
6900
7931
8588
7273
8591
11237
1343
8272
7949
10922
7951
9603
7953
8612
8944
8947
9283
8621
8955
7981
9963
9635
7656
7328
7989
8657
7348
8007
9334
8669
10326
7692
9348
9348
7370
7701
7704
9021
9686
10346
10021
9030
10029
7729
8060
11697
8073
8401
9728
8412
8417
10073
8091
10073
9080
6747
8103
8107
9438
9443
8130
9454
7814
9131
8475
7489
9471
7826
9150
8823
8828
8173
7847
8181
7191
9838
7528
8191
8855
7871
9853
7545
7549
7563
7563
8224
7897
7566
7568
9551
9229
9573
8260
6913
7937
8926
9261
7272
9262
9933
7624
10925
8285
10271
7266
8949
8295
7967
9289
10290
10627
7657
7301
9310
10305
7671
10313
9325
7679
8339
8015
8347
8353
10013
9019
7711
8043
10024
9363
9037
1787
8384
7736
8398
10380
7740
8402
10387
7751
9733
9408
8749
7437
8434
8439
9761
8117
9106
7792
9450
8138
8469
7480
1877
8800
8147
8816
8167
8837
10494
7854
8516
9840
11163
9178
7495
9180
8852
7870
7873
9855
7531
9195
8541
9876
7895
9215
8231
9227
9560
8902
10890
8258
7931
7928
7935
9585
8278
8278
6560
7624
9604
7973
8304
10944
8971
8318
9307
9309
2064
8999
8346
9661
8021
8366
9024
8044
8048
10372
11364
8724
10715
8082
8742
8746
7406
2160
10421
8113
7789
8120
8788
2194
9462
8810
8169
9490
9169
8185
9500
8201
8207
10193
8217
8218
8219
8224
8884
9544
8229
2293
9548
8567
10878
8898
9229
9231
9564
7568
9574
9255
10909
9257
9588
8609
9266
8611
8282
8290
10615
7959
9633
8651
10974
8344
9005
9664
9998
9341
9345
11331
8694
9026
8370
10021
9694
10027
10695
8048
9403
8089
9417
8764
8105
9097
8773
8446
10097
8451
9441
8804
9462
9792
9138
10126
6779
8817
9803
9804
8491
9488
8832
9171
9832
8859
8868
11181
9204
8550
9227
8903
8575
9564
10235
9920
7929
8625
8971
8643
8645
10958
8657
7280
8664
8308
9997
7992
9346
8696
9690
10349
