4296
18
4319
4325
62
14903
4382
4138
15017
4179
15072
4236
248114
4675
7752
4541
43544
5031
3070
13594
4810
4884
5217
4915
256714
255078
1
5
5
6
7
13
18
13882
5
5
243005
5378
555518
5462
5480
38835
5584
13118
16170
5551
21
251513
73
44207
5620
44229
14644
5500
5530
14686
5
6
6
8
14
16
23
3323
5930
129091
76
4384
5981
44601
6058
6162
44760
5903
5936
2
5
8
10
21
5973
16863
5984
73
6356
38777
247391
15331
24
45076
5
5
6
11
7897
6515
77
6254
6528
6571
45189
1
2
225816
6651
6385
8410
6703
2620
6598
6877
45482
3
3
9
249520
11
243917
9958
246963
7015
1455
7023
7040
7109
129934
2909
16052
24
1692
16157
72
21
1772
74
7007
9426
4487
7143
1902
7452
7452
7504
7574
7599
7634
2134
7688
109383
46286
3802
7745
250052
7450
7795
15735
7835
7839
1
6
6
22
7629
71
7961
46594
2564
8141
14761
3
3
14
15
22
3327
67
32990
4443
46932
8365
8365
4505
8797
8417
4226
1
3
3
4
4
9
11
4303
17
5917
8749
8537
8805
4926
8830
1
8856
8867
8955
4076
3747
9379
8377
39144
2
5629
9227
4092
3237
18338
249784
7
9
9536
6606
250964
3
1
9825
4
7
7
5964
29
30
44253
48476
4059
112664
560177
1
5
5
17
23
24
24
40
40
52
52
119
119
120
4758
158
140773
8176
2363
240655
39058
49208
8
8
5
7549
3372
797
4145
3887
49684
247796
3946
2
7
8
16
18
4991
247657
254005
8182
2
114171
1
114212
5
1
4
4
19225
50361
5495
6
7
13
18
5994
50480
4
4
12
15
50595
1
2
562187
10193
250770
135018
1
50863
2
642
8983
1
38930
1
252541
6695
5626
11992
51375
6496
5836
3
3
229722
6609
17544
6016
6023
254331
2897
3608
2
3
3978
33979
4051
6942
4722
6287
6509
6230
4046
4710
254590
247671
7357
38797
4153
250340
4159
7405
52327
13154
13528
2
4
4
9
12
6951
3744
6974
7035
3919
7133
2976
7191
7202
7203
5937
7258
52831
3
3
7292
144
7325
8041
7381
4185
14106
4290
8204
6228
7602
6304
7735
253350
7793
7831
14808
7943
7943
7681
8696
8700
8067
8119
8122
38909
8152
15116
3957
15116
8162
6615
15176
6900
6911
6911
39598
15196
4041
6938
6950
6957
6958
15250
6998
8329
7022
4142
6075
8393
53950
3550
15398
15402
7158
261349
15444
7172
20406
4
5
6
7
7182
13
17
15467
22
15523
7253
15191
73
15543
7271
7296
6644
15579
15589
15612
8346
15637
7365
7368
15650
7378
7409
4201
15692
38863
15711
15729
15748
8802
4
246848
15787
15796
7548
15831
7569
7572
8897
8908
4710
8919
7602
6957
8936
6989
8972
15943
2819
7684
15975
6767
7776
7803
7822
24027
1
3
3
38956
7875
6897
16165
7889
2039
4019
2721
1409
16209
7279
7938
16249
16263
9740
9323
16284
7357
16291
16295
16301
16301
16305
16310
9368
2859
3192
16350
8073
16355
16368
16370
16386
16390
16390
16394
2932
16407
8150
16428
16451
16451
8179
16457
16457
16460
8188
8189
16476
16494
16495
8223
39004
16505
16507
8236
16518
16523
16526
16534
16544
9632
8314
16601
16618
16623
16624
16636
16635
8370
16652
3187
16662
8390
7080
9725
8411
9751
16780
8445
16723
4921
16743
16755
16759
9804
16772
16786
16797
16808
16817
8555
9556
8570
16852
16853
16874
16879
16907
16914
7985
16917
58806
8664
16978
16986
10028
16996
8728
7507
17021
8745
17026
8751
8768
10096
8778
10104
8788
17082
17093
17100
16780
17124
8861
17143
8897
17193
14875
4427
8962
8310
8971
17272
17278
17280
255959
10355
9037
9067
9080
9102
17406
9147
17425
9150
17440
17476
9202
9205
9211
9217
42229
6
17518
5
15
23
8618
17556
9295
17599
8347
9376
7091
363085
3571
17711
39231
8497
17765
17771
9496
8857
8864
17831
2723
9591
9642
4121
9018
9018
9040
18027
141187
18043
9786
18069
9793
4282
9847
9876
18159
2735
12638
9919
3746
9932
9964
9965
10005
10007
10026
18308
252377
43078
18368
43134
18406
18407
18410
10139
18462
10187
10203
10216
18514
43243
141682
10272
10283
10337
10357
18673
39526
8111
252742
2613
18726
18734
10480
18779
16477
18817
10549
2396
18844
10570
27747
261811
15558
8312
18887
9988
43343
18942
10016
14723
8393
18978
38878
19023
10100
19047
19062
2631
10166
23
19114
19133
3688
73
19200
569371
19339
2
19412
3062
19585
19651
5872
19699
1
266688
19787
19807
19828
6005
19924
4478
3488
19939
19948
253745
16744
6196
20161
20187
19660
38820
3928
9870
17483
20487
254191
570622
29400
23
6660
6035
73
6731
5751
3194
5768
20702
20713
143870
31400
2
2
59377
5585
6995
20910
122291
254484
4687
7269
4421
250936
21276
21325
6834
5572
5902
45869
15249
3812
2829
4841
6105
5531
18343
3952
149486
7846
5230
21754
6275
30736
7338
23
8008
7041
73
2867
15654
8070
5790
15026
30918
3
5
6
9
7290
15914
7124
19318
6138
6158
5510
6855
5322
7284
7626
6981
29475
21
8739
75
16357
16358
19359
7827
16470
5924
7906
6591
4427
5829
22958
3882
7781
5850
2
5899
7210
273274
3345
38992
16840
6630
7938
16865
9282
8320
6359
16909
16966
19369
3561
7133
5231
7151
7177
1
5983
6015
7338
8007
9105
9690
4186
7089
8118
8142
32569
6861
22
8202
73
17470
7580
8907
9931
7633
6660
16603
5739
5742
8380
5497
16646
6479
16729
9153
32957
4
5
17797
17
19
7291
271695
5066
8338
274078
6385
6391
6160
6161
16092
7210
9560
3040
8244
7277
17159
7304
9624
18230
8063
8394
258637
31523
9128
7843
8174
3
3
2983
7230
7240
9225
3039
8947
9953
5757
8747
8763
16688
16694
16745
3337
6911
18782
8888
258791
8263
9267
6990
8643
4763
5377
7750
7752
34145
253699
7819
6842
7847
9833
22
6240
7550
7561
6919
66
9236
8588
7273
6943
9275
19193
8346
8347
7696
19242
148412
9042
3858
8076
19295
10076
10092
6151
19335
7149
7153
19356
7167
7513
7529
17414
7885
10196
19441
9222
6606
19451
19469
6998
9321
7348
19571
19584
7397
7091
19608
7759
19630
273490
5802
19639
9751
7798
19683
19696
4059
19752
6916
19789
9907
10655
19844
9952
9979
7026
8039
5431
8380
10032
10035
19262
8389
8067
9718
10074
716
4592
7529
4690
20118
18151
39039
3096
19523
8015
8025
8053
8060
19608
19318
5828
19649
7830
7162
19693
3293
19705
1
7536
6626
7558
8210
8219
7900
20421
20441
20450
19786
19791
20465
19806
19826
5435
8339
8027
19556
8358
7372
34444
19949
19953
6807
19984
7137
7147
7840
19699
7853
2
20061
22
4620
64
8591
8641
8765
3557
14805
20998
8810
8829
10855
5597
20432
7933
39039
7381
21181
21206
13410
32554
6500
5520
21357
23
7568
6928
2691
5938
66
19452
19470
58168
19483
19497
19499
19505
19507
3429
20837
19533
19548
19574
19579
19584
36750
19607
19639
19657
19672
8821
2943
14165
8157
19692
8167
19705
7205
19711
1
2
3
3
19719
19737
19748
9554
19764
19766
19771
19778
19782
7288
19792
8942
19818
19826
19831
19832
7982
19843
19871
19874
19876
19878
7377
19891
19896
7395
19901
7410
19920
19923
38827
19939
19939
19950
5515
20005
9798
19365
22018
20044
20047
20048
6233
20062
20076
9552
20090
21124
19532
20257
20258
21584
3195
7789
8112
19638
20310
7810
19672
151430
20335
22330
19696
7859
9174
12873
9176
19735
5301
5651
19769
9231
6284
18154
8619
20476
19826
20501
20502
20502
20514
21835
8022
8028
270033
10346
5411
151684
9396
8761
20677
20025
20691
20724
20728
20775
20792
20820
8345
7710
9032
20898
7097
22277
3564
18728
6227
9871
7252
267020
22108
21123
9956
21165
6036
21226
21261
21274
21280
6151
20652
152452
7490
21349
10150
7527
21359
10167
5633
20737
21417
21424
21434
6009
3426
7723
3177
7745
8086
21694
21731
7626
19502
19518
7044
19574
8732
19598
14982
19278
6775
19636
8447
19684
21993
22018
9528
6892
14797
19425
19769
9597
21445
1
19865
16613
21567
16641
6457
16687
22309
22318
3
5947
16756
22371
4936
6696
36730
7422
22585
22646
10149
6182
20352
6548
4957
22696
20
7582
4341
70
6281
3043
15833
5668
14916
17235
8360
5405
4156
8734
15657
15336
15336
15403
255331
20370
1
7564
6924
22404
7918
8308
9595
15521
15861
16197
15878
23140
154597
7370
6095
7145
5837
15061
8200
15832
20801
8672
476
9019
5422
5797
2895
16352
8475
17375
6839
2955
21398
5975
8287
16523
8695
9084
6157
582382
16403
17068
655
8859
6913
17790
21420
8928
4452
16504
8629
6671
6363
495
8385
16316
8754
16696
16713
7834
1244
6920
16838
15548
5354
16555
8009
16910
4797
16292
16303
22248
15989
16327
16365
62593
41815
16743
4
4
16436
6
8
19108
6620
16498
9592
9603
16582
3208
16354
42116
271560
16740
6542
16432
3
4
11
14
16785
7597
19436
16479
865
16498
19465
16542
19541
16589
7709
19562
17318
19630
7813
7815
8138
16710
8535
22125
156768
7921
7609
9253
17838
7984
6039
6709
273079
8390
3833
4841
10501
6893
1
17452
8558
4665
5624
8274
2
7647
9943
19512
19518
1449
17242
3119
16949
17280
17616
8413
9401
16988
6474
17020
20306
6190
16719
17121
1697
19771
17480
6306
19519
16559
7699
8028
17256
5411
8720
19931
73146
9158
8844
3
3
4
4
17415
5585
17115
73215
6934
3
5
6616
9
20764
13
17824
18208
16945
16666
18973
43412
1
2
17349
16432
3315
7242
6308
16841
17599
21291
8791
9459
9470
5882
6919
20738
17816
18166
2
42302
5
1469
3005
8726
17335
7142
7798
7150
5878
7523
1292
8519
5238
9228
18790
42620
5967
3707
18492
1412
16540
1448
6040
5746
8718
7078
7088
18623
7106
7441
6828
17057
5900
7933
9228
6604
7283
6975
5000
6988
7991
7389
44703
1587
22318
3
3
3
3
7257
19436
3353
7940
9920
19792
36365
19482
5
5
7
9
5993
19822
7659
19841
7693
8037
7714
8049
1820
7413
8426
8178
5901
7565
20072
5323
19157
8313
7692
19876
22181
7073
7753
2193
9094
19627
19345
5883
7519
7903
9904
5623
7970
3069
78239
18853
3092
5723
6398
19233
5741
19571
6756
19637
19661
5836
9139
19672
3257
20358
18066
19705
7538
1629
8214
6896
8570
5930
19428
20109
6614
7312
62462
8323
37071
16884
16240
19524
19531
11041
18909
8437
7829
19681
8857
14798
3438
19448
18474
1
8622
8635
8639
7327
7337
19520
19538
19546
19555
7400
19586
9402
19604
6460
6792
16679
18657
6841
8462
6477
19656
7824
19696
6894
18754
9873
19418
20410
7577
19783
19456
6297
19468
37688
19161
43895
19164
19494
19501
8982
19846
8666
6075
5061
21227
7733
9062
19591
19596
19616
16998
6783
16041
19662
19715
6887
3
4
4
6
10
12
20742
19452
8261
19470
19496
8650
9332
26205
8695
6042
5764
20581
7160
17709
6184
3291
19734
3304
7246
9914
19820
19496
5687
122
9335
7023
8021
9681
7054
7064
10041
47300
2845
7435
19289
2489
21296
8793
8139
8799
161984
20693
9847
2972
7555
3
5
7898
22732
7930
3028
57
58
61
61
64
66
67
68
68
68
70
8953
78
19819
21130
81
20164
21143
8342
2804
18929
10050
10054
8103
8432
8445
7829
10148
9832
7244
60
65
66
69
70
70
72
77
78
80
81
84
85
102
3422
7677
7049
8056
7762
69488
7442
21949
9794
6198
10135
16781
2
6918
29
6293
19495
22128
589772
10983
19546
7697
3
3
48310
1
2
21262
20950
5819
78386
7818
8486
6860
17113
2
3
3
3
6255
9585
9611
5655
20817
6658
19522
2795
19568
7383
17937
7408
3492
7421
15992
19664
19671
7812
16734
16753
5558
16781
8221
14807
1006
21084
8570
18802
5954
5971
7634
9329
17952
5489
17025
16066
2928
5534
8897
7591
43
16502
16548
7998
2776
9345
3098
20236
21996
19693
39547
12832
22014
20050
6863
22350
5
5
13
15
79482
8589
9278
6313
21807
21840
16639
5763
15714
6218
6220
17089
4282
5237
2
2
6907
19443
1
17492
6617
6958
15888
8326
19528
16577
8691
19562
6385
16979
4161
5769
7777
12402
272168
17352
19678
21327
4248
6544
8869
16445
9194
7651
8323
17228
6042
41639
2824
229
8452
7171
8534
3
3
9867
6
8
7236
5277
21457
7987
7682
4748
8030
3500
5782
7455
8447
7828
2691
6207
16762
18431
7891
16154
7258
3042
6629
7314
11039
6054
17277
9384
6759
5456
8115
21986
3584
8508
8514
2
15474
6908
19846
8023
6059
19275
81299
16714
8822
6884
3
3
5582
24
3349
6283
8606
7985
20232
21233
8384
6159
16111
19398
34
4984
7929
8268
8608
2569
8663
6116
8461
10162
5212
5891
1668
8537
17791
10
15
7596
6652
21823
7675
8681
8031
10027
19583
16995
7124
18672
0
16711
6167
7833
6216
6885
21078
3641
4257
44082
9223
320
15
5
8276
7622
400
5673
403
21179
413
411
422
10324
440
445
449
456
471
472
176
6408
476
481
482
8068
492
495
495
497
498
6765
504
507
509
511
215
515
516
517
527
528
530
7456
535
538
541
6513
546
249
547
549
254
543
257
561
561
264
564
564
267
565
578
588
322
331
7565
6905
355
360
361
369
7918
373
376
380
383
18165
391
393
697
701
404
404
4649
49
706
409
411
8617
413
413
712
712
415
416
717
421
423
426
426
456
428
428
429
430
430
430
430
431
434
435
6665
436
441
444
444
444
444
446
446
446
448
448
451
452
452
452
454
457
457
457
457
459
459
461
462
462
463
464
464
281
465
466
466
466
466
468
468
468
468
469
469
470
471
473
474
9350
475
475
475
476
477
478
480
481
481
481
486
487
488
492
40092
493
495
495
16628
472
499
500
500
503
503
503
505
505
506
507
507
507
508
508
512
17305
514
515
516
516
516
517
517
517
9061
519
520
550
821
524
524
6755
526
527
529
530
530
530
530
531
532
532
533
534
535
535
536
834
536
536
536
537
538
540
541
517
542
542
542
544
544
544
544
544
545
545
546
546
546
546
547
547
549
550
551
551
552
555
555
555
557
558
561
536
562
566
566
568
568
569
544
569
570
571
571
573
576
580
581
557
586
590
594
3566
602
280
610
462
436
86337
9175
455
20383
313
437
7537
651
7212
655
656
438
6563
513
343
675
17
44569
684
468
686
535
537
424
451
428
545
372
458
373
7924
375
461
3345
551
8259
717
475
18832
476
479
454
542
576
415
477
591
293
422
546
570
549
428
430
492
434
496
436
8358
561
561
7007
449
511
575
454
519
459
582
471
472
6372
535
475
476
484
484
489
575
550
494
430
495
504
6738
443
511
3153
524
20932
466
444
470
448
471
537
537
538
541
541
454
214
544
545
7436
223
7445
558
229
471
234
512
7799
256
268
474
271
713
435
275
311
290
293
301
301
466
315
552
649
335
335
339
585
343
347
6910
438
21
601
209
365
6599
372
463
44931
471
382
3023
44938
389
394
403
407
408
409
415
417
417
418
419
420
425
427
428
429
430
431
431
431
432
432
433
433
434
434
5977
435
437
437
438
440
440
440
440
441
442
443
445
445
445
446
446
447
448
448
448
449
451
452
452
541
452
459
455
456
456
457
457
458
458
459
459
45011
461
461
308
552
464
464
465
466
466
466
467
468
468
45019
469
711
471
471
471
471
472
432
474
475
477
478
480
480
481
481
482
482
483
484
485
485
486
455
486
486
20231
487
490
492
492
533
492
493
494
454
495
495
45046
496
497
504
9364
501
501
449
501
543
502
503
503
503
504
504
505
2816
506
507
508
19281
515
510
510
510
510
511
511
513
514
514
515
515
474
518
519
519
522
523
523
45075
525
526
527
528
528
497
529
529
529
434
530
530
531
531
531
532
532
533
535
9070
535
536
536
537
6439
538
538
538
539
540
547
541
541
541
541
542
542
542
542
542
543
543
543
544
544
544
545
545
546
547
547
548
22935
219
439
550
551
551
222
45103
553
553
554
513
45104
555
556
556
557
449
45111
561
7126
564
513
568
569
569
240
570
530
573
6803
574
575
580
582
585
586
432
587
587
588
8470
544
5504
8488
499
609
9474
583
615
19701
511
297
472
23676
45181
540
17430
545
45190
311
547
313
315
5884
553
651
542
660
2
2
662
567
511
5
5
6
572
6
668
573
8
10
11
19115
16
584
679
680
529
691
692
695
3007
45248
5935
8582
374
380
380
711
19149
715
719
389
391
398
544
399
400
19509
409
409
584
414
234
5651
420
422
423
428
428
430
430
431
431
431
432
432
581
438
18225
445
445
446
447
449
451
452
452
452
453
454
8994
7350
458
459
460
460
463
464
19236
7365
474
9670
475
475
476
478
714
480
488
488
491
493
8047
497
434
502
503
503
505
507
508
509
514
516
517
518
518
519
522
526
526
19628
527
527
19630
529
529
529
530
530
531
532
6763
532
533
535
8086
537
537
539
541
542
545
546
546
548
483
549
549
549
550
552
541
556
561
707
563
564
565
566
717
572
574
578
578
515
19683
587
533
599
535
275
541
2921
433
551
289
449
311
641
465
657
478
545
500
6567
695
697
576
375
529
710
538
719
545
397
404
554
412
3058
423
19521
3336
437
708
598
449
19547
450
451
460
462
470
470
19579
481
8362
6690
487
5394
492
502
1188
510
6720
8072
527
533
6748
19650
556
19657
20308
563
8448
568
9440
7462
19673
20008
7466
580
6492
605
6827
626
6962
670
45893
44908
20127
9241
19494
6661
19537
767
6984
8337
2769
19918
20573
8066
6428
19963
5463
46019
7831
19396
19726
7517
4
4
5
6
7
9
12
15
84750
4
5
19488
9315
9653
7701
6043
19582
19595
9052
19680
9459
19700
19735
19426
19785
19793
10257
14909
5348
9681
7373
5798
19355
8461
19386
7815
8523
19758
19785
19799
6646
19849
19860
6654
9310
18247
6036
16278
6043
21265
19619
19986
20939
18307
9080
15365
19660
20004
5179
8137
19720
5566
20093
21418
10602
6665
21195
20889
7715
19607
7401
10059
8390
8410
7448
19662
7459
5837
21355
8464
19384
9503
19748
5887
6545
3297
19763
5919
21769
19521
16888
7655
19266
21870
20887
21230
20572
20573
19588
20589
19609
21979
16041
19363
6178
16753
56321
3
3
3
2
6530
16123
6227
6239
20107
19480
19809
7268
47567
19526
19550
598035
8972
21915
5129
19951
9046
8764
5475
19698
19720
9132
19736
3277
4892
19759
57003
3965
6573
21104
6607
7939
19532
9287
8650
19556
19911
6760
8083
6770
4794
16357
3205
20677
7142
20352
8485
19718
19406
10498
20739
21403
20094
1
22410
2994
19787
15840
19479
7587
21787
9248
20162
15541
19516
6663
4425
5397
7065
20614
19647
6124
16353
20655
6481
6482
22331
20035
20052
15775
6853
20067
19749
8211
7223
16139
3648
16816
19787
19472
8255
15847
19490
8265
7320
6372
21876
16270
20564
5
5
5
6
6
6
7
8
8
9
9
11
11
12
3
3
3
14
15
15
15
4
15
5
5
5
5
6
6
6
17
6
6
6
6
6
7
7
7
8
8
8
8
8
8
8
9
9
9
20
21
10
10
11
11
11
12
24
24
13
14
14
15
26
17
29
20
20
20
32
23
35
26
38
29
41
45
3
3
3
3
3
4
4
4
8062
5
5
5
6
6
6
6
6
7
7
7
8
8
9
9
9
9
9
10
10
10
10
11
11
11
11
12
12
12
12
3
13
2
2
2
14
3
4
4
15
15
15
5
4
15
4
5
5
5
16
5
6
5
17
7
7
18
18
18
18
4159
7
9
8
8
8
21
21
21
11
11
7428
3
3
24
3
3
4
15
5
5
5
5
5
5
5
17
6
6
6
27
6
7
28
7
18
29
8
9
9
10
10
10
22
11
11
23
16019
12
12
3
3
3
14
4
35
4
4
25
15
5
6
6
6
27
16
7
27
18
9
9
19
41
20
10
10
10
41
21
21
12
12
22
44
44
13
13
13
3
3
4
4
47
47
5
5
16
16
16
6
6
6
7
7
18
28
8
8
50
9
9
9
9
10
11
22
22
12
23
13
13
13
2
2
2
34
2
3
3
25
4
4
15
5
5
27
16
37
5
5
5
6
6
59
28
6
6
7
7
7
18
29
18
8
19
8
8
8
8
31
21
42
43
22
11
22
11
11
65
65
65
2
3
3
3
3
24
3
3
4
25
4
4
14
14
14
5
26
5
5
5
6
6
6
6
28
7
20680
7
49
17
8
8
8
9
9
9
10
10
52
8130
20
20022
31
43
11
11
12
12
12
12
55
23
14
14
21346
18
18
21
21
23
27
27
9472
30
34
36
16093
8834
3939
4
4
5
5
5
5
5
5
6
6
6
6
6
6
6
6
6
6
6
6
7
7
7
7
7
8
8
8
8
9
9
9
9
10
10
10
11
11
11
11
14
14
14
14
15
16
16
17
17
17
18
18
20
20
21076
20
20
22
22
23
23
23
26
26
29
30
6
30
6
6
6
6
6
6
6
7
8
8
8
9
9
9
9
9
9
9
9
7
7
7
9
10
10
10
10
10
10
11
11
11
11
11
11
9
9
12
10
12
12
12
12
12
10
12
10
11
13
13
13
11
11
11
11
11
11
11
11
13
13
13
12
12
12
14
12
14
14
12
14
12
14
14
13
13
13
13
13
13
15
13
13
13
14
14
16
14
14
16
14
16
15
15
17
17
17
15
17
15
17
17
16
16
16
16
16
18
18
19
19
17
17
18
18
18
20
20
18
20
20
18
18
20
18
18
20
21
21
21
19
19
21
21
21
19
19
19
20
20
20
22
20
22
21
21
21
21
21
23
21
23
23
22
24
22
48
24
22
22
24
22
22
24
24
25
25
25
24
24
24
24
26
26
26
26
25
25
25
25
25
25
25
25
25
27
25
27
25
27
27
26
26
26
26
26
26
27
29
29
27
27
29
29
27
27
30
30
28
30
16160
30
28
28
6921
31
29
31
29
29
31
32
30
30
32
32
32
30
31
31
31
34
34
34
34
32
32
32
34
33
35
33
35
35
33
35
35
33
33
35
34
34
60
34
36
60
34
35
35
37
35
35
38
36
36
38
38
36
38
38
38
36
37
3
3
38
3
3
38
38
38
41
39
65
65
41
39
39
39
40
40
40
40
40
40
66
40
40
41
6
6
6
6
6
41
41
41
41
41
42
42
7
42
42
44
44
42
8
43
8
43
8
9
44
44
10
45
10
10
45
47
45
45
45
45
45
45
12
12
48
50
13
48
50
50
48
13
13
14
51
51
51
14
50
50
52
16
16
16
51
53
51
16
53
17
52
54
17
18
18
53
53
56
54
56
54
54
56
55
55
20
57
9258
56
56
22
59
22
22
57
23
58
58
58
58
58
58
59
59
59
60
60
60
25
25
60
61
61
61
61
61
61
62
62
62
62
28
63
28
63
63
64
29
64
64
67
65
65
68
68
68
31
31
66
66
32
67
33
68
68
68
68
68
68
68
68
68
68
68
34
70
70
70
70
70
70
37
37
40
4368
43
3
20835
3
19851
2
46
3
4
3
4
4
5
5
6
5
6
49
6
7
7
7
8
9
9
53
9
10
10
10
11
12
11
11
11
13
13
56
13
16878
3
3
14
3
3
4
4
15
15
4
5
59
5
5
17
6
6
17
6
6
6
7
7
18
8
8
9
20
9
9
9
10
21
11
11
23
12
12
13
24
13
14
3
3
3
3
14
14
4
15
15
15
26
16
6
6
27
28
18
7
18
18
28
18
29
9
9
20
10
21
31
22
12
23
23
12
24
24
24
20872
15
16
20540
15606
7699
20250
19942
20601
16350
3501
4
4
5
5
5
5
5
5
6
6
6
6
6
7
7
8
8
8
10
10
10
11
11
11
12
13
13
2
13
2
13
3
3
3
15
4
5
5
5
5
5
5
5
5
5
5
16
5
6
17
17
6
6
7
8
8
19
8
8
8
19
9
9
9
10
10
11
11
11
11
11
23
12
12
24
13
14
14
14
25
25
14
16
17
28
17
19669
29
19
30
19
20
31
7788
22
34
25
37
29
40
41
3231
22334
7813
3
3
3
3
3
4
4
5
6
6
7
7
7
12
12
13
13
13
3
3
3
15
15
3
3
3
3
4
4
4
16
5
5
17
17
17
18
6
6
6
18
6
18
7
7
7
7
19
8
8
20
20
9
9
9
10
11
23
11
24
24
24
12
12
24
13
13
13
13
14
26
14
15
17
29
29
18
32
23
35
26
38
20721
39
39
19739
28
2
3
2
3
3
4
3
4
4
4
32
32
32
44
4
4
5
6
6
6
6
6
7
7
8
8
9
9
10
11
50
11
12
13
13
54
55
16
56
17
17
18
19
19
19
19
21406
21
21
20
22
23
26
31
5
33
6
6
6
7
7
7
7
8
9
9
9
8
8
36
8
8
9
9
10
9
10
10
10
7
11
12
12
12
9
8
9
8
9
12
12
12
12
12
9
9
9
9
9
9
9
13
40
13
13
13
14
15
14
14
14
14
15
15
15
15
15
15
15
15
15
11
11
15
15
15
15
16
16
16
16
16
16
16
16
16
9548
17
13
17
17
17
13
17
17
17
17
17
17
17
17
17
17
18
18
18
18
14
14
18
14
18
18
19
19
19
20
16
20
16
20
21
20
20
20
16
21
17
22
21
17
21
21
21
21
21
22
18
22
22
19
23
23
19
23
23
23
23
19
23
23
23
19
20
20
24
24
24
24
25
21
25
25
25
25
22
22
26
27
26
26
26
26
26
26
26
26
26
26
23
23
27
23
27
27
27
27
27
24
28
24
29
28
28
28
28
25
25
25
29
29
25
30
26
30
30
26
31
31
31
31
32
31
32
32
32
32
32
33
33
33
33
33
33
33
33
33
34
34
30
34
34
34
34
34
34
35
35
35
35
35
20460
35
36
32
36
36
36
36
33
37
37
37
37
37
38
38
38
38
38
38
38
38
38
38
38
39
39
39
40
40
40
41
41
41
41
41
38
42
42
42
42
42
42
39
43
43
40
44
44
44
40
45
45
45
45
45
45
42
46
46
46
46
46
46
47
47
47
48
44
49
48
49
49
49
49
50
49
50
50
50
50
50
47
51
51
48
52
49
53
53
53
49
54
54
54
50
55
55
55
56
52
57
57
53
57
57
54
60
55
59
55
61
60
60
61
61
57
61
61
62
63
62
63
59
4
60
60
5
5
66
5
5
66
61
65
61
5
66
5
66
66
66
66
66
66
62
6
6
6
6
62
63
63
68
65
8
64
8
8
8
69
69
69
65
65
65
10
70
70
70
70
70
70
10
70
66
66
66
66
66
66
67
67
67
67
11
11
11
12
12
12
13
13
20172
14
14
3
3
3
3
15
15
15
4
16
5
6
6
17
6
6
6
6
6
6
6
18
7
7
8
8
8
9
9
9
20
9
9
20
9
10
10
83
11
22
11
22
12
12
12
23
23
23
14
14
14
15
26
15
27
27
27
20186
17
17
28
29
20
20
32
32
33
23
23
26
20522
29
32
7989
4416
3
3
3
4
4
4
4
4
4
5
5
5
5
5
5
5
5
6
6
6
6
7
8
8
8
9
9
9
9
9
9
9
10
10
11
11
21879
11
12
14
14
14
14
14
15
15
15
17
17
18
18
18
18
18
18
18
18
20
21
21
21
21
22
22
23
23
23
23
24
26
26
27
29
29
29
16290
32
32
32
33
35
35
19943
7082
8113
8777
19348
8139
20030
8470
4
4
5
5
5
5
5
6
7
7
8
11
11
3
3
13
3
3
4
15
5
5
5
6
6
6
6
6
6
6
16
7
7
7
7
7
7
7
8
8
8
9
19
11
11
12
12
12
13
23
3
3
14
3
14
4
4
15
26
5
5
5
6
6
6
7
18
7
18
18
7
7
19
29
8
8
9
9
9
9
9
9
21
10
10
32
11
22
11
21386
12
23
12
12
12
3933
13
3
3
3
3
3
19735
4
4
4
4
5
5
5
26
15
15
27
27
6
6
6
16
7
7
17
7
17
17
8
29
18
18
8
9
9
9
9
19
10
20
10
20
22
22
12
12
12
12
12
13
23
3
3
3
3
35
3
24
3
3
4
4
15
15
4
5
5
16
5
5
6
6
6
6
6
6
6
38
27
6
6
18
18
7
7
7
19
19
8
8
9
41
9
9
9
9
21
11
11
11
11
11
12
12
12
33
13
3
3
3
3
3
13
13
4
4
14
4
5
5
15
15
6
6
6
6
27
16
7
7
17
17
8
10
20
14
14
14
35
20760
14
14
35
14
24
14
14
14
14
24
6
14
14
24
6
15
7
7
7
25
7
7
7
7
7
8
8
8
8
8
16
8
8
8
7
9
9
9
9
9
9
9
9
10
18
10
10
10
10
10
10
18
10
10
17455
10
10
11
11
11
9
9
9
9
11
9
9
9
9
10
10
10
10
10
10
10
10
10
12
10
10
12
11
11
13
11
13
11
11
14
12
14
12
12
7882
14
12
14
12
12
14
15
13
15
23
13
15
13
13
16
14
14
16
16
16
14
14
15
17
15
17
17
15
15
15
18
18
16
16
16
18
18
16
16
16
16
16
17
17
19
27
19
19
19
20
18
18
18
18
20
20
19
29
19
19
19
39
19
19
19
19
22
20
22
22
20
22
20
22
30
20
21
21
23
21
21
23
21
21763
23
21
23
9882
22
22
22
22
22
42
24
23
23
23
25
25
25
23
23
24
26
26
26
24
24
26
24
24
24
24
25
25
27
25
26
26
28
28
28
26
27
27
29
29
29
29
27
29
29
27
27
27
27
28
28
30
30
28
30
29
29
29
20127
31
29
29
29
29
29
29
39
29
29
29
30
32
30
30
30
32
31
31
31
33
31
32
32
32
32
32
32
3
3
33
3
35
3
34
34
44
34
34
34
34
34
34
44
4
35
5
35
35
5
35
45
37
36
6
46
36
36
37
7
37
47
7
7
37
8
8
8
38
38
38
40
38
9
39
41
39
39
59
50
60
60
40
40
11
41
11
41
41
11
41
44
42
42
52
63
13
43
43
3
13
3
3
3
14
14
4
64
4
14
44
14
14
44
5
15
15
47
47
47
45
45
6
66
66
48
46
48
46
46
6
6
46
6
48
46
16
6
7
47
47
47
7
48
8
8
8
48
48
49
9
9
49
49
49
9
9
50
10
20
20
52
50
50
11
51
11
53
51
53
51
11
12
52
12
52
54
12
12
12
12
53
13
53
53
53
53
13
55
13
54
14
54
54
65
55
55
65
65
55
25
55
15
56
56
56
56
57
17
59
17
57
57
57
17
58
58
58
18
19
59
61
59
59
60
60
60
60
30
63
63
63
61
21
31
1143
63
62
62
32
63
65
65
23
63
66
66
67
65
35
67
35
65
66
26
66
67
67
67
67
67
69
67
67
69
69
69
69
67
67
67
67
27
67
37
67
7937
68
68
68
68
68
68
68
68
68
39
69
39
40
31
42
43
44
46
6632
49
18524
52
56
58
61
21849
7018
19926
6388
7748
19308
21295
8440
21666
17047
7475
6
8
8
9
10
10
10
10
11
11
11
11
11
11
11
12
13
13
14
14
5
16
16
6
17
8
8
18
9
19
9
19
10
10
11
11
11
11
11
21
12
13
13
13
3
14
14
24
14
5
15
15
25
16
16
16
16
16
7
17
7
18
28
8
28
8
8
9
19
19
9
9
19
10
20
20
20
10
10
21
21
31
21
12
12
12
22
32
13
23
23
14
34
14
14
14
15
16
26
16
16
16
16
27
1292
28
28
20
22
22
22
37
3
38
39
39
5
7
7
8
8
8
8
9
9
9
10
10
10
11
11
12
12
13
13
4
14
14
15
15
15
16
16
16
7
7
17
8
18
8
18
8
8
19
9
10
11
11
11
11
11
11
11
22
16
26
16
16
26
26
6
16
16
16
17
27
27
7
17
17
17
17
27
17
27
17
8
28
8
9
29
9
9
10
20
10
20
20
11
11
11
11
11
11
11
12
12
12
10
32
12
7893
13
13
11
13
6
11
13
23
24
34
14
14
14
15
15
3
15
13
13
26
15
26
16
14
14
4
14
15
15
15
15
15
17
17
15
17
15
9
16
16
16
16
38
16
6
16
18
16
17
17
18
19
17
18
30
18
18
30
8
18
21
19
20
19
19
19
21
9
21
31
19
32
10
10
32
20
20
20
20
10
20
11
21
11
11
11
11
33
21
11
11
16
21
21
44
22
22
22
22
17
22
22
23
23
23
17
23
23
13
23
26
18
24
36
24
24
24
9217
14
24
24
24
26
24
25
19
25
25
5
25
25
26
20
26
26
26
16
29
28
27
17
17
39
27
17
17
28
28
28
18
18
28
28
28
28
28
28
28
29
29
30
29
19
29
29
23
29
30
30
30
31
30
30
30
10
30
10
10
30
30
30
30
30
32
20
10
31
33
11
11
25
31
11
31
12
34
32
32
32
32
22
32
22
32
32
32
12
22
33
33
33
23
35
6918
33
33
33
35
33
55
24
34
34
56
36
24
35
35
25
29
35
35
25
35
35
35
25
25
35
36
36
38
36
36
38
37
38
27
17
17
49
37
27
37
37
38
7
28
18
38
38
39
39
41
8
8
19
39
39
19
41
29
39
40
30
9
52
40
40
40
41
41
42
42
44
32
44
42
11
42
22
11
11
22
42
22
11
42
11
32
32
42
64
42
42
43
43
43
43
43
6645
44
44
46
46
44
45
44
13
44
13
45
14
47
47
45
14
45
45
45
46
36
15
46
46
46
15
46
48
47
47
16
47
49
47
47
48
19811
49
17
48
7
49
29
50
8
8
18
8
50
8
18
30
52
9
9
50
31
10
52
51
51
31
11
53
52
11
11
42
11
11
54
12
33
53
33
12
54
54
23
54
23
54
55
13
54
34
35
14
56
56
55
14
25
56
56
56
56
56
37
57
57
26
57
58
57
57
69
58
58
17
17
58
59
28
59
59
18
59
8
8
60
61
18
18
9
62
60
9
9
60
10
10
10
20
61
21147
63
20
7296
62
12
63
63
12
12
63
22
63
64
64
64
13
64
13
66
23
64
67
65
14
24
66
65
66
25
66
66
68
35
68
66
67
67
26
67
16
67
16
6
27
27
69
68
9599
17
68
68
69
28
69
69
70
71
70
70
28
38
18
18
69
7
69
39
19
70
8
8
8
71
72
71
9
9
20
9
9
72
21
72
10
72
72
72
73
11
73
73
11
22
73
42
73
73
73
73
73
73
73
73
73
11
11
11
73
73
73
22
73
22
11
12
23
24
13
13
75
3
14
14
76
14
76
76
76
15
15
26
16
58
17
17
17
18
18
18
18
7
8
8
19
8
20
9
20
9
31
9
41
9
9
10
10
10
43
11
33
11
23
12
12
12
3
13
14
14
14
14
15
15
15
15
16
16
27
27
17
17
17
8
18
8
40
8
8
41
9
9
10
11
11
11
11
11
33
13
13
13
13
24
14
24
14
35
15
15
15
15
67
5
16
16
5
58
6
27
17
17
7
18
19
8
8
8
8
61
8
8
8
9
9
9
9
20
10
10
10
11
6990
11
11
12
12
12
12
12
13
13
13
25
14
14
27
27
18
18
18
30
31
20
21
21
33
23
24
24
56
27
27
27
27
28
28
31
4
6
8
8
8
9
9
9
9
11
11
11
11
12
12
12
13
13
2
13
14
14
14
15
15
15
16
17
17
17
18
7
7
18
7
7
8
9
16609
20
21
21
21
21
10
10
22
22
22
23
23
23
23
24
24
24
24
24
24
24
25
25
25
25
26
26
26
26
27
27
27
28
28
28
28
29
30
30
30
30
30
31
31
32
33
34
35
36
38
39
40
40
41
16641
7724
8062
19616
8070
5
7424
8
8
8
8
8
9
9
9
9
9
9
10
10
10
11
11
13
13
13
13
13
7745
13
13
13
13
14
14
14
15
15
16
16
16
16
16
16
16
17
17
19
19
19
20
20
20
22
22
22
24
25
25
25
26
26
28
28
29
29
29
31
34
34
35
35
35
37
38
38
38
17999
39
40
40
42
43
43
44
19990
45
46
47
50
50
52
55
8787
20009
3
7
8
8
8
8
8
9
9
9
9
10
10
10
10
10
10
10
10
11
11
11
12
12
12
13
13
14
14
14
14
14
14
14
16723
15
15
15
15
16
16
16
17
18
18
18
19
19
19
19
20
20
20
20
20
20
21
22
22
22
23
24
24
24
24
24
25
20033
27
28
28
28
28
28
29
29
30
20037
32
34
37
15428
37
40
40
43
43
44
19733
6
9
9
9
9
10
10
10
10
10
11
11
11
12
12
13
13
13
14
14
14
16
16
16
16
17
17
17
17
7
8
19
8
19
19
8
20
20
9
10
10
21
11
23
12
23
13
24
24
14
15
26
27
27
16
17
28
28
32
34
34
34
24
8
37
10
10
9
10
11
11
11
11
11
12
12
12
12
12
12
13
13
13
13
13
12
12
13
13
13
12
13
13
12
14
14
13
13
14
15
14
14
16
16
15
15
15
15
15
16
16
15
16
16
16
16
16
16
16
16
16
16
16
17
12
16
13
17
17
18
13
18
17
17
18
18
17
18
18
19
18
18
18
18
18
19
19
19
19
19
19
20
19
19
19
19
20
20
20
20
20
20
20
20
21
20
21
21
21
17
21
21
21
22
21
21
21
21
22
22
22
23
22
22
22
22
23
22
22
23
23
23
23
23
23
23
19
24
19
23
23
23
24
24
24
25
25
25
25
25
25
25
27
26
26
26
26
26
26
26
26
26
27
27
27
27
27
27
27
27
28
27
28
27
27
24
28
28
28
28
28
28
28
28
30
30
31
30
30
30
31
31
31
31
31
31
31
32
32
32
32
32
32
28
32
33
32
32
32
34
33
33
34
33
33
33
33
33
33
30
30
20792
34
34
34
34
34
35
31
35
35
35
35
31
36
36
36
36
36
36
37
37
37
37
37
37
37
38
38
39
38
38
39
39
39
39
40
40
40
40
40
41
40
41
41
41
41
41
42
43
42
42
42
5323
42
42
43
43
43
43
7257
8
8
44
45
44
44
9
45
9
45
45
9
46
10
46
46
10
46
46
10
46
47
11
47
47
47
11
11
47
48
48
48
44
12
48
48
12
48
45
49
49
13
14
20471
50
51
47
51
51
47
51
52
16
16
16
52
16
53
17
53
53
17
53
54
54
55
51
55
51
55
51
19
55
55
8
9
56
52
52
56
56
57
20
56
57
57
11
21
21
21
54
58
58
58
22
58
23
59
23
59
59
59
24
13
14
61
61
61
25
25
61
25
61
25
62
16
16
63
27
27
27
64
17
28
28
28
28
29
65
29
29
67
67
32
64
32
68
33
69
69
33
24
71
71
34
34
34
35
24
35
67
71
36
25
36
25
36
72
72
72
72
72
73
73
73
73
37
38
70
70
74
28
71
71
75
71
71
71
71
71
72
72
76
76
76
29
40
72
76
72
72
72
76
76
72
76
72
41
42
43
45
46
47
50
8957
52
7656
7
7
8
17888
8
8
8
8
9
9
9
9
10
8975
10
10
10
11
11
11
11
11
20199
12
12
13
13
13
14
14
14
14
15
15
15
15
16
8640
16
17
17
17
17
17
18
18
19
19
19
20
20
21
22
23
23
16913
25
25
25
25
26
26
26
28
29
29
29
30
31
33
34
34
34
34
35
37
37
38
40
42
43
45
49
52
55
58
61
61
62
63
64
9
19597
9
9
9
9
9
9
9
9
9
10
10
10
10
10
11
11
11
11
12
12
12
12
12
12
13
13
13
13
14
14
14
14
15
15
15
15
15
15
15
15
16
16
17
17
17
17
18
18
18
18
18
19
19
20
20
20
20
21
23
23
23
25
26
26
16318
26
27
28
28
29
29
30
30
32
32
8065
33
33
35
36
41
44
6
7
18007
9419
8
8
9
9
9
10
10
10
10
10
10
10
11
9096
11
11
11
12
12
12
12
13
13
13
13
13
14
14
14
14
14
14
14
15
15
16
16
16
16
17
17
17
18
19
19
19
20
20
20
20
20
20
21
21
23
23
23
23
23
23
23
24
24
24
24
25
25
26
26
26
26
28
28
28
28
29
29
30
30
30
32
7810
33
33
34
8169
35
16390
21032
8
8
8
9
9
9
9
9
10
11
11
11
12
12
12
13
14
14
15
15
15
15
16
16
17
17
17
18
8
8
8
19
9
20
10
10
10
21
21
12
12
12
13
23
13
24
24
24
15
16
26
26
8508
28
28
28
30
31
31
31
34
37
40
43
46
11
11
9
12
12
12
12
12
12
12
13
13
13
13
13
13
13
13
13
13
13
13
13
14
14
14
14
14
12
14
14
15
15
13
9
9
13
15
15
15
15
15
15
13
16
16
14
16
14
16
14
16
14
16
11
17
17
15
15
11
11
15
17
15
22086
15
11
18
12
18
18
16
18
18
18
18
18
12
16
17
19
17
19
17
19
19
19
19
18
20
18
18
18
18
20
14
18
14
18
18
21
19
19
21
19
21
21
15
15
21
19
20
20
22
22
22
22
16
20
20
20
20
20
22
21
23
23
17
23
23
23
22
24
24
24
24
22
25
23
23
25
25
23
23
25
25
25
25
23
25
26
20
24
24
24
24
24
20
26
24
24
25
25
25
25
25
27
25
26
26
28
22
28
26
28
26
29
23
27
23
29
27
27
27
27
27
27
30
24
28
30
21115
30
30
29
25
29
31
31
29
29
31
29
29
30
30
32
30
30
30
30
30
30
32
33
31
33
1021
27
33
33
31
31
31
32
34
32
32
32
33
33
29
35
35
33
33
33
35
35
33
34
34
36
34
34
34
36
34
35
37
35
35
35
37
35
32
32
36
36
36
32
36
36
36
38
38
38
37
39
37
37
37
37
37
39
39
38
34
40
40
40
41
41
35
39
39
41
39
41
41
42
40
40
42
40
43
41
41
43
41
41
41
43
41
37
41
41
41
43
42
42
42
44
43
43
45
45
46
46
46
46
44
46
44
44
44
40
46
44
46
45
45
45
45
45
41
41
45
46
48
46
46
46
46
48
47
47
49
47
47
47
48
48
48
49
49
49
49
50
52
46
51
51
51
53
51
52
52
52
48
52
52
52
54
52
54
52
52
53
53
53
53
53
54
54
54
54
55
55
55
57
55
56
56
53
57
57
59
58
54
58
59
61
56
60
63
61
64
64
64
64
64
63
63
63
63
65
63
65
63
64
65
65
65
65
7610
67
66
66
67
67
70
68
69
65
69
5
70
66
66
6
7
16207
72
72
72
8
9
73
9
73
9
9
10
10
11
71
71
71
12
12
12
12
13
13
13
14
14
14
15
15
15
15
16
16
16
16
17
17
17
18
17865
19
19
19
19
19
20
20
20
22
22
22
22
23
23
23
23
24
25
25
26
26
26
27
28
28
28
28
29
30
31
31
32
34
34
34
35
35
59748
37
37
37
40
21524
43
7322
46
47
47
49
52
53
55
600363
19888
20547
5
7
9
9
9
10
10
11
11
11
12
463
12
12
13
13
13
13
14
19571
14
15
15
15
15
15
15
15
15
16
16
16
16
17
17
17
18
18
18
19
19
20
20
20
20
21
21
22
22
16614
22
22
25
25
25
26
26
27
27
27
27
28
31
31
31
31
32
32
32
32
33
33
35
35
35
35
37
38
38
39
43
45
45
50
53
22585
56
56
56
59
62
65
7
17317
9
9
10
10
10
10
10
10
11
11
11
11
11
11
12
12
12
12
13
13
13
13
14
15
15
15
15
16
16
16
17
17
17
18
18
20
20
20
20
20
20
20
21
21
21
23
23
23
23
23
25
25
25
26
26
26
26
27
28
28
29
29
31
32
33
33
34
35
35
19652
37
38
38
39
40
41
42
7440
44
45
47
16699
47
49
17689
52
54
55
57
7
8
8
9
9
9
9
10
10
10
10
10
11
12
12
12
12
13
13
13
14
14
14
15
15
15
15
16
16
17
17
7
7
19
8
8
19
8
19
19
19
9
9
20
20
10
10
10
10
21
11
11
11
11
23
12
12
12
12
13
13
13
13
14
14
14
14
14
14
26
15
15
16
16
17
17
17
18
29
18
19
20
21
22
33
22
23
34
17730
35
35
25
8531
40
40
31
31
42
34
35
35
40
7
8
8
9
10
10
10
10
10
10
10
10
11
11
11
11
11
11
12
12
12
12
13
13
13
13
13
13
14
14
14
15
15
15
16
16
17
17
17
17
17
17
18
19
19
19427
20
20
20
22
23
23
23
24
25
25
29
29
29
29
29
29
29
29
29
29
29
30
31
31
32
32
32
9
9
10
10
10
10
11
11
35
35
11
10
12
8882
12
12
12
12
36
12
12
12
12
13
13
13
12
14
13
14
14
14
14
15
14
14
14
14
15
14
14
15
15
15
15
15
15
15
10
15
15
16
11
12
16
16
17
17
16
41
16
16
17
12
17
17
17
17
18
17
17
18
17
17
17
17
18
18
18
18
18
18
18
13
18
18
18
18
18
20
19
20
19
19
44
19
20
20
45
21
20
20
20
20
20
21
21
20
20
21
21
21
21
21
21
21
21
21
21
21
22
22
22
22
22
22
22
22
17
47
22
24
23
24
23
24
23
23
24
19
24
24
24
19
24
24
24
25
49
24
24
25
25
26
25
25
25
25
26
26
21
26
26
26
26
26
26
26
26
26
51
27
52
27
27
27
27
27
27
28
24
28
28
28
28
29
28
29
29
24
24
29
29
29
29
30
30
31
31
25
30
31
30
30
26
30
31
26
26
31
32
32
31
31
31
27
32
33
32
32
33
29
33
34
28
33
33
33
33
33
35
34
34
34
30
59
59
34
34
30
35
35
35
35
60
35
60
31
36
7910
61
36
36
36
36
37
37
37
37
37
38
38
38
38
38
38
39
39
39
39
39
39
39
39
39
40
40
40
40
40
65
40
65
41
41
41
41
41
41
42
7
42
42
42
43
44
8
43
43
8
43
43
43
8
44
43
39
43
44
9
9
44
45
44
44
9
69
44
44
46
45
10
45
10
10
11
42
46
46
46
46
71
11
46
11
46
47
11
72
43
3018
47
47
47
47
47
12
47
13
13
48
45
14
49
14
14
50
51
51
50
50
15
15
50
15
51
51
16
16
51
17
17
17
17
17
53
52
53
53
53
49
18
18
3
49
53
18
54
54
19
20
20
51
20
55
52
56
56
21
57
22
53
57
22
7
53
7
58
7
8
8
8
58
8
58
59
9
59
10
60
10
10
10
10
60
25
60
60
57
26
61
61
11
61
61
26
12
62
12
62
27
27
13
28
13
63
63
13
63
64
14
14
65
65
15
15
15
16
66
66
31
31
17
67
67
17
17
67
32
67
32
32
18
33
68
33
69
34
34
19
34
20
70
35
70
35
71
37
72
72
37
72
72
72
72
73
23
73
73
73
38
73
38
74
74
74
24
24
74
74
39
39
25
25
41
30
30
20510
3
5
8
8
8
9
9
9
9
9
9
10
10
10
10
10
10
11
11
11
11
11
11
16904
11
12
12
12
12
12
12
12
13
13
13
14
14
14
14
15
15
15
15
15
15
15
16
16
16
16
17
18
19
19
19
19
21
21
21
22
22
22
23
23
23
24
24
25
25
25
25
26
27
28
28
28
28
29
30
30
30
31
31
32
32
33
34
35
36
37
37
38
16600
43
8030
5
8
8
9
9
9
9
10
10
10
10
10
11
11
11
11
12
12
12
13
13
13
13
13
13
13
14
14
14
14
15
15
15
15
16
16
16
17
17
17
18
18
18
3804
19
20
20
20
20
20
20
20
20
21
21
21
21
21
22
22
23
23
23
23
23
24
25
25
26
26
26
26
26
26
26
28
29
29
29
30
30
32
32
33
35
38
38
41
44
47
50
50
51
3
5
7
8
8
8
9
9
9
10
11
11
12
12
13
13
14
14
14
14
14
14
15
15
15
16
17
6
17
7
7
18
18
19
8
19
19
20
20
20
20
9
21
21
10
10
11
23
13
25
25
26
26
16
16
17
18
19
31
34
20338
35
38
43
46
154562
21026
20040
8859
8863
20097
9
11
11
11
11
12
12
12
12
13
13
13
14
14
14
15
15
15
16
16
17
17
17
18
18
18
19
20
20
20
21
21
21
21
22
23
23
23
24
26
26
29
29
29
29
30
30
32
33
33
35
36
39
41
41
42
44
47
50
16869
16245
9331
8346
18315
16735
17411
22040
9501
8196
2
19467
17229
19893
15928
9023
800
16675
8444
1
18741
21074
20429
17469
19778
2677
21455
2857
16572
9667
17279
21569
23231
17849
8803
19715
2943
16446
18132
24
9267
15893
18243
5100
18297
5465
2847
17044
3263
1292
9591
20484
15632
3168
18039
3249
19389
11517
19791
18838
4638
19555
22199
19566
4672
19647
9994
15728
19702
21019
3315
17497
15924
1355
3105
17922
18285
19335
15715
5179
25
5235
18158
15633
16636
19280
3480
5393
19316
5448
5459
272
279
286
288
19407
311
1634
19425
323
5533
354
380
19484
5594
4366
5603
3710
19530
5621
19542
18244
21892
5679
5710
19308
19651
16728
7207
18733
5840
8
5205
5868
804
19842
17208
91432
19225
5978
9037
19898
17266
19954
16322
3844
18653
6094
6110
923
6119
6150
1153
6210
6233
6234
6270
51303
6363
17981
5761
20994
8491
46457
20034
6453
6469
6491
6511
24
6542
6598
6604
20520
6640
3772
19584
6673
6705
6758
6809
6823
6893
6902
6904
6934
6939
6944
6962
6978
6986
18261
7007
92496
7029
1
7104
2905
17396
7148
18106
21095
7185
7211
49
7227
7234
17849
17529
7255
605924
15551
7305
7322
3126
7351
15648
7387
7430
5479
7462
7488
2
17787
7514
13214
19784
7542
7554
7576
7585
7591
7601
445
7642
7655
7668
18626
15698
17680
7752
19042
7783
7789
18405
19396
16427
16427
15775
21722
7820
7822
19752
3300
7203
3666
7878
22138
7905
18522
7910
18565
7961
16942
8002
21139
18999
8028
3829
8060
19662
16361
18680
8162
19348
16709
8086
8102
18382
5490
8121
5171
8130
8139
8139
5187
4873
7494
19771
6200
8182
8195
18488
19484
16849
19828
8238
5283
4043
8278
3279
8281
8296
5703
18667
8391
6416
8391
6422
7746
8422
8422
8425
8441
8470
8473
5527
20082
20448
8540
5587
17501
5613
8576
6604
17532
19852
5958
17289
5388
8661
5713
3904
8696
6082
5774
5472
8773
158715
16782
5867
8829
8845
19481
6907
20509
20522
5978
3087
5672
8954
6002
6011
6350
8980
6028
8991
6039
19630
6132
6132
19727
9121
7166
19770
9197
9197
18157
19493
19197
19534
6328
19902
19582
7013
9324
18278
19956
6390
19627
19642
20968
6427
9391
19702
9428
17735
6198
17445
6527
8577
19765
19442
18795
19466
20455
19795
9548
19507
6602
19857
9595
6001
9608
19558
19563
9617
19575
6673
9635
5718
17946
19976
6751
6790
2936
6834
20428
9819
5902
9832
18462
6899
6902
17166
21134
19839
18524
6641
6968
6987
19172
9950
18915
9965
19916
7347
9322
7045
1914
17320
10040
6116
7085
5125
6773
7093
20333
6466
7125
7129
21026
7139
7152
10129
7189
7848
6232
7206
6894
10175
6913
19153
7270
18858
6642
19226
10277
7345
20265
18305
10350
21306
7782
7143
20744
8508
7220
7543
7886
6292
17852
19560
8634
19254
7673
18610
7377
8047
7074
21316
7761
7790
100604
7819
1
22076
7872
7584
10864
12193
7940
8288
10678
7979
7994
7994
6703
8013
8038
6751
13413
8098
4895
8124
8467
20115
8213
9200
6938
8249
11208
5664
21499
7952
18533
18540
18552
6656
7346
7682
68716
20249
8032
8035
8354
5826
8443
17435
101269
8480
8484
8491
8538
5613
5977
19497
19501
8910
7679
8000
8740
8687
5406
8695
19633
19639
9085
8761
4222
7470
7804
8791
6839
8483
8821
3786
8205
5933
9217
9234
13242
8941
6686
7682
19281
7068
20963
8432
20866
21009
8135
9112
9114
8812
10118
6197
19424
9197
9205
7916
9232
6663
13550
4683
6366
8427
19666
8785
3241
19788
9539
8889
5333
8635
9296
5681
9339
18642
9682
7725
13935
4486
9695
69778
21633
4855
6120
5857
8852
6215
6903
6596
9238
65
14144
9601
6633
6313
7642
5406
10009
8717
20316
5136
10085
61646
102952
7564
2
21410
20436
9873
20513
6671
7728
6373
10339
9379
5425
7077
9720
5467
7478
6895
6897
6905
7573
1288
10588
8003
7708
7724
6410
7067
8103
7410
7433
5470
6135
7451
6512
9894
10215
7589
10229
6293
10592
7655
465
2119
6369
6034
7077
11424
5450
7416
7420
7097
6779
7761
6141
7178
103932
6193
6534
6538
6205
7536
22079
5906
8610
5641
7276
7947
5673
7012
6052
6748
8077
104173
10451
6798
7453
7785
2
6475
6490
7497
5884
8187
2
8196
104301
6258
6587
6287
6622
8273
7947
7311
5672
117
6372
6705
180
3508
6778
6459
10451
5188
9804
7168
8499
5570
6232
6244
6898
7576
6275
4068
6685
6699
6394
7711
88
7073
6788
6476
7462
174
7862
7852
7551
6246
8549
7899
6920
7255
6962
5692
8014
9364
9370
32199
7420
10
10
10
10
10
10
10
11
11
13
13
13
14
16
16
17
8
8
19
22
25
27
7
8
8
8
9
9
9
9
31
11
3524
11
12
6159
33
12
14
14
37
17
6826
7
7
8
8
9
21
10
10
23
12
3
13
15
17
7
8
8
8
8
9
9
9
9
9
9
9
10
10
11
11
11
11
21
12
7483
12
12
13
14
7165
7
17
7
8
8
8
8
8
9
9
9
10
11
11
11
14
14
15
15
17
23
5870
27
30
6215
6555
10
11
11
11
12
12
12
12
13
13
13
13
13
13
13
11
11
14
14
14
14
14
14
14
14
14
12
13
15
14
16
16
14
16
16
16
16
16
17
15
15
17
18
16
16
18
17
19
19
19
17
19
17
18
18
20
20
18
18
20
18
20
20
19
21
22
22
22
22
22
22
22
22
8220
23
21
23
23
24
24
24
24
24
24
24
25
25
23
23
25
7555
23
25
27
25
27
27
25
27
26
28
28
28
27
30
30
31
31
31
31
29
31
29
7242
30
30
33
33
31
32
34
32
32
35
33
35
35
35
36
36
36
35
37
37
35
35
38
39
39
40
40
40
40
40
41
39
43
43
41
43
44
44
45
43
46
48
49
49
49
49
49
50
51
51
54
53
56
56
57
57
9574
58
58
6616
59
60
61
7271
62
62
62
64
5961
65
8266
68
70
70
72
73
73
73
73
71
73
74
74
72
72
74
74
74
74
9
9
9
9
9
9
9
10
10
11
11
12
13
13
7290
15
15
16
16
17
17
17
17
17
17
20
21
24
24
6649
26
7963
105373
7640
7243
667
7986
6
8
9
9
9
9
9
10
11
11
11
11
12
12
12
13
13
13
13
14
14
15
15
17
6
6360
18
18
7
18
19
904
10
10
10
21
21
11
11
12
12
23
13
28
31
34
36
37
38
5401
5735
12008
8
8
9
9
9
9
10
10
10
13
13
13
13
13
14
14
15
15
15
15
16
16
16
16
17
17
18
19
19
20
20
20
24
25
25
26
27
31
34
34
7433
7768
5
8
8
8
9
9
9
9
10
10
10
10
10
10
11
11
11
11
12
12
12
12
12
13
13
13
14
15
15
16
16
16
17
17
17
18
18
7
19
8
8
9
10
11
12
23
14
17
29
5
7521
7
8
867
8
9
9
9
9
9
10
10
10
11
12
12
12
12
14
15
15
16
16
16
17
18
18
21
22
22
25
7
8
9
9
9
10
10
9
10
10
10
11
10
10
10
11
10
11
11
11
11
10
12
11
11
10
11
11
11
13
12
13
12
14
14
12
6902
12
12
12
12
12
14
14
12
14
14
14
14
13
13
13
13
14
14
15
15
14
14
14
14
16
14
14
17
15
15
16
15
16
15
16
16
16
16
16
16
16
16
16
16
17
17
17
18
19
17
17
902
18
18
18
18
19
18
18
20
18
19
19
19
19
19
19
19
19
20
20
22
20
6580
21
21
21
21
21
23
21
22
22
22
22
24
22
22
22
23
23
23
24
25
26
5921
26
24
24
24
25
27
25
27
25
26
27
27
27
28
29
29
6918
29
31
31
29
31
30
30
30
32
31
31
31
32
32
32
32
35
33
33
10242
34
33
34
36
36
38
38
38
38
38
940
38
38
39
39
41
39
41
42
41
40
41
40
42
42
40
42
41
41
43
42
43
42
42
42
8
9
9
43
45
46
44
46
11
46
45
46
46
12
46
12
13
47
49
13
14
14
50
14
48
14
49
15
15
15
16
50
16
16
51
51
51
53
18
52
52
55
19
53
19
19
56
54
56
56
56
56
22
58
57
57
23
57
24
61
61
25
60
60
61
64
67
6627
69
70
70
70
70
70
70
70
959
7640
6
8
8
9
9
10
10
10
10
10
10
10
11
11
11
11
12
13
13
14
14
15
16
16
16
17
17
17
18
19
22
25
28
31
7364
5717
8021
8
8
8
9
9
10
10
10
10
10
11
11
11
11
6063
12
13
13
13
13
14
14
14
14
16
16
16
17
19
19
20
22
25
28
29
31
37
5764
5764
1100
7745
1090
1110
1093
1094
1095
1113
4
1099
1100
5
1103
8
1103
8
8
1103
9
9
1105
11
11
11
11
6449
1107
13
1108
1109
14
1109
15
15
15
5
15
15
16
16
16
6453
1128
1111
17
17
17
8
18
8
10
10
10
20
10
10
11
22
22
22
1118
1118
23
1119
25
25
16
26
16
1122
1123
19
19
20
31
1126
22
34
34
35
25
36
37
37
1132
28
39
40
40
6479
6149
8117
1140
1150
8471
6
6
8
3253
8
1167
9
9
9
9
9
10
10
10
10
11
11
11
12
12
12
12
12
12
12
12
12
12
13
13
14
14
14
14
15
15
15
15
4
16
5
16
16
17
17
17
17
18
8
8
8
19
19
20
20
20
20
10
21
10
11
11
22
22
22
23
12
23
13
26
26
1186
16
27
29
29
18
18
29
30
31
32
32
32
35
38
41
6881
7
8
9
9
10
10
10
11
11
11
11
11
11
11
11
12
12
12
12
13
13
14
14
14
15
15
15
15
15
15
15
16
16
16
16
16
16
17
17
18
18
18
18
18
18
18
18
18
20
20
20
21
21
22
22
22
22
23
23
23
23
24
24
24
24
24
25
25
26
26
27
27
27
27
27
28
28
29
29
29
30
31
32
32
32
33
33
34
34
34
35
35
35
36
37
37
38
38
38
39
39
40
41
42
42
42
42
42
43
44
44
45
45
47
5610
48
48
48
48
48
48
49
50
50
50
52
53
53
53
53
53
54
56
56
56
57
57
59
5956
62
8255
65
66
69
69
6369
7969
6994
614209
6674
7009
9321
3443
10358
8057
7410
8392
10104
6150
6816
6163
8482
7854
9183
8544
8613
8968
7330
8975
7015
6375
10686
6740
8420
6464
10863
4925
8512
8192
5884
7571
6585
9884
8903
8306
7983
6664
6673
5365
8974
7016
6694
5397
7703
6406
9037
7083
6768
8424
9117
8516
6560
5928
7240
6255
6622
9611
3091
7363
6055
6715
6386
7711
5108
9386
7777
6140
107186
8811
7161
7165
7827
8494
5881
6556
7219
6894
679
7235
5295
5972
8610
8615
8324
9317
8021
9015
5729
9069
7755
6764
7122
7126
6840
6202
6864
6227
7567
9873
107617
7582
4007
3444
7650
9340
1
8057
6099
8430
7120
6483
5503
4844
75121
6863
2
671
3645
7238
6261
6921
6593
382
7936
5316
7952
9610
5659
3054
7979
6999
9984
9349
9044
7075
218
6759
108128
9424
10079
8449
6810
6820
5174
8804
5221
108220
7206
7548
6578
8221
7564
8241
6273
108288
7271
8596
7944
8634
8638
7656
8325
7665
9655
24552
108376
8010
8012
6381
7043
7380
9360
169796
8379
6131
7738
9402
7756
8430
7771
9101
5491
6823
6834
5872
6887
7910
8252
5973
4741
9332
7389
9696
5435
8090
2881
7136
9114
8126
8801
5178
9487
6881
10888
5905
8908
7598
108957
8266
108992
9325
7033
7034
4450
3833
8091
7114
9450
7813
7844
8528
8218
7569
8549
8879
6585
8555
7911
7949
6963
4974
8290
6982
8020
7702
8034
7051
9378
9047
7082
9733
6122
9088
5803
9103
8786
8786
5497
7159
8796
8149
5534
7889
6575
3337
9234
10246
6302
9594
7683
8353
7068
10030
109760
9394
28912
3569
5854
109849
5525
8174
8837
8507
8199
5566
6255
8572
5926
7290
2768
9332
5388
9360
9708
6128
7814
7485
110165
5848
9492
8185
8191
7552
9
9
10
10
10
11
5241
23793
8593
9252
9254
348557
7613
9912
5361
9314
8029
7388
33515
10071
8110
7141
3876
7821
4230
9481
9518
7568
110569
9560
9881
5584
4358
7296
6302
8631
6645
9294
5082
7014
7681
4087
9031
9031
8708
9373
8060
4137
9116
5796
10129
9498
6192
9857
9536
8554
10
10
10
10
10
10
8242
6936
7608
8937
7958
8294
5973
4389
8321
8020
11326
10051
10053
9112
9787
7166
8190
9512
12518
9848
5
5
5
6
6
7
7
8
8
8
8
8
8
8
9876
6896
7625
9299
7993
10623
6993
5348
8444
3216
7811
7478
5518
7170
7861
111519
111521
2
5
8
2978
8
8
8896
7919
9595
7614
8641
8322
8676
5369
3511
9752
8453
9115
111801
9838
8852
7230
7233
10236
5645
111958
111972
111974
9024
3828
7749
6108
8115
5839
7141
9187
8539
8558
1342
8911
5936
8589
5936
8267
9951
1477
6048
6102
7748
9097
9761
6471
11102
1587
9487
9200
1
8
9
9
8586
6281
9605
6379
2804
7696
8381
6797
6478
6151
632
4888
5
6
8
9
9
9
5918
9903
8948
10279
8304
8329
10686
3834
7093
10103
29964
7164
6173
11479
2936
4590
3
5
5
5
5
5
6
6
7
6960
7295
1085
6026
8335
7043
8692
4128
6384
7065
9711
3536
7173
7176
6582
2711
7623
11629
7348
3127
7738
9077
6101
6121
7460
10466
7816
7529
9
9
10
10
10
11
1332
49
2691
85
89
89
90
90
92
92
93
94
95
96
96
97
97
97
97
98
98
98
98
99
100
100
100
100
102
102
102
103
104
104
104
105
105
105
105
105
105
107
107
107
107
108
108
108
109
109
110
111
113998
4775
114111
6482
7
8
8
8
8
8
11
11
11
12
7238
64
8272
6612
7612
87
88
90
90
90
93
94
6315
94
95
95
96
96
96
98
98
98
98
99
99
99
99
99
99
101
102
103
103
103
104
104
104
104
105
105
6978
106
106
106
106
107
107
107
107
107
108
109
110
111
111
114
6369
7769
6485
7
7
8
8
9
10
10
10
6563
10874
7896
42
62
5975
88
89
92
92
93
94
94
96
97
97
98
98
99
99
100
100
100
100
101
101
101
102
102
103
104
104
104
104
104
104
105
105
106
106
106
106
106
106
107
108
108
108
108
109
111
111
112
112
10633
3441
7082
8428
7119
114787
7835
6539
7518
7200
5868
6549
2
17
3317
6571
6256
19
20
91
91
92
92
92
93
6643
94
95
95
96
96
96
98
99
99
100
100
100
101
101
101
101
102
102
102
103
104
105
105
105
105
105
105
106
107
107
107
108
108
109
109
109
109
109
109
110
111
6349
6374
6410
6778
267
6532
6548
3
3313
16
8222
1348
6914
6623
61
66
70
6636
79
89
6658
93
93
94
94
95
96
96
96
97
97
98
98
98
99
100
100
102
102
103
103
103
103
103
104
115276
105
105
105
105
106
106
106
7639
106
107
107
107
107
108
109
110
110
110
110
111
111
3456
5688
8035
5039
7390
6770
8077
5785
7163
7812
10841
6483
7208
115514
23
6925
40
40
44
50
70
85
90
91
91
93
94
96
96
98
98
98
98
98
100
100
101
102
102
102
7313
103
104
104
7967
104
105
5639
105
105
105
106
106
106
106
107
107
108
108
112
7031
7371
7378
9369
39791
7152
176925
46468
9537
9911
1727
7653
6697
8853
7561
6547
8914
7951
8283
7654
9967
9629
99404
6680
8065
28
8119
7824
3263
18453
176526
7873
4
397
8021
8028
99818
7093
8125
8186
3942
9
99941
8258
8304
775
8342
8367
116987
3473
5402
8416
8419
4162
4164
6499
5781
380
8242
411
7335
8723
5441
6399
8781
7808
4264
6557
7560
7955
5343
11650
9059
6085
6101
6496
7843
10850
6294
6315
9627
9318
6974
7632
9759
4203
4576
7805
9517
8489
6
6
6
6
2674
4947
6631
8952
4096
6392
6410
9717
4143
10388
5751
8499
2
7
8
7945
118523
118526
5695
37549
8775
7179
2
6540
6567
8898
8255
7005
3423
7041
83622
6449
4899
7210
7934
2730
8632
7419
401
9392
7794
6144
7821
5892
7607
119522
5721
7670
7990
9650
8139
8807
8492
4890
7928
6627
7637
119974
7708
8455
8168
8205
3325
8249
3053
8304
9604
120299
120322
3504
3229
8112
7121
8525
6
6
6
6
6
6
6
6
7
9
8615
120544
3517
120675
7086
5501
9116
10286
120851
3780
8324
9363
6154
5799
9098
5812
5454
5570
9185
8488
121103
6286
4066
9343
39903
9467
9510
6657
3423
2793
6407
9712
6125
6745
6467
8123
5589
6251
10236
6991
12665
6734
6745
6387
8486
44607
4687
5646
11342
360560
6372
5799
7181
1
118
7985
7403
7772
7148
13808
11912
13588
12965
6968
7681
11371
8166
2694
5746
13764
8150
107219
8193
8324
7630
8662
10403
2608
53
54
61
61
63
64
70
73
69
80
82
83
84
86
90
91
91
92
89
92
93
93
99
94
102
103
103
98
103
104
14294
107
113
117
118
4935
115
121
122
118
119
119
120
125
123
129
124
131
131
132
128
131
137
132
139
142
145
148
150
146
146
154
150
158
160
159
165
161
168
8717
171
175
182
186
186
188
190
193
8378
196
200
206
206
211
9086
224
235
244
268
8857
31
31
33
33
33
34
35
35
36
37
38
38
38
39
40
41
42
42
43
44
44
45
45
45
45
46
48
48
49
50
50
51
52
53
55
56
58
61
63
66
66
67
69
69
69
73
77
78
82
83
83
87
88
88
92
95
96
97
3742
117
119
127
127
130
130
154
160
14698
192
195
229
8087
8141
8856
8570
4727
150
83408
15618
3
2993
35240
24033
9609
2789
114391
2632
5964
3351
8900
3405
3427
3433
3439
4460
2564
2
2
3984
1369
3693
1430
4106
3860
4234
12
9640
4442
5121
1857
705
709
811
254
4828
4517
2241
988
4984
5372
3062
11645
775
5094
45534
116083
3595
981
5291
28529
1050
5706
6043
150
3470
3613
5968
2672
70
127
6086
18782
6250
74
3408
210997
2180
18920
341
2366
3368
4360
4370
2070
167
4652
66
2384
77
89
4765
19650
7137
327
66
99
5066
7405
129475
2889
7223
2948
63
67
511
208
1
5621
5650
413
70
73
5701
6408
2471
5787
224
5902
2
5946
5639
5649
5987
5983
68
2705
82
6041
40793
6140
6210
315
6417
6455
6469
6496
6555
324
22767
6612
3346
69
6721
6720
6722
6752
6763
183
4804
6797
6804
6828
3909
3601
6922
3964
6950
6983
58
60
6997
7006
7009
74
3732
4112
7098
6777
4142
217
7158
3852
6522
3665
4994
7313
66
66
7013
7381
131
4112
7427
4121
7447
7463
7161
7494
4536
7524
7585
7597
345
7636
66
4360
7350
7693
7696
7392
7735
4444
7746
7772
7824
50089
7576
4946
7989
70
8034
7772
