182
524
7827
13125
268
629
3
3
3
3
4
4
4
4
4
4
4
4
4
4
4
4
4
4
4
4
4
4
4
4
4
4
4
4
4
4
4
4
4
4
4
4
4
4
4
4
4
4
4
4
4
4
4
4
4
4
4
4
4
4
4
4
4
4
4
4
4
4
4
4
4
4
4
4
4
4
4
5
5
5
5
5
5
5
5
5
5
5
5
5
5
5
5
5
5
5
5
5
5
5
5
5
5
5
5
5
7
19
355
27
28
30
30
31
4342
69
70
407
79
92
99
103
199
387858
28336
295
3
3
3
3
3
3
3
3
3
3
4
4
4
4
4
4
4
4
4
4
4
4
4
4
4
4
4
4
4
4
4
4
4
4
4
4
4
4
4
4
4
4
4
4
4
4
4
4
4
4
4
4
4
4
4
4
4
4
4
4
4
4
4
5
5
5
5
5
5
5
5
5
5
5
5
5
5
5
5
5
5
5
5
5
5
5
5
6
6
6
6
6
6
6
6
6
6
6
6
7
18
19
27
717
10614
69
74
409
13611
83
83
166
13707
509
532
14393
541
1561
13808
27019
3
3
3
3
3
3
3
3
3
4
4
4
4
4
4
4
4
4
4
4
4
4
4
4
4
4
4
4
4
4
4
4
4
4
4
4
4
4
5
5
5
5
5
5
5
5
5
5
5
5
5
5
5
5
5
5
5
5
5
5
5
5
5
5
5
5
5
5
5
5
5
5
5
5
5
5
5
5
5
5
5
5
5
5
5
5
5
5
5
5
5
6
6
6
6
6
6
6
6
6
6
27
30
33
58
76
82
107
5728
1439
27510
14006
205422
187
291
26377
308
3
3
3
3
3
3
3
3
3
3
3
3
3
3
3
3
3
3
3
4
4
4
4
4
4
4
4
4
4
4
4
4
4
4
4
4
4
4
4
4
4
4
4
4
4
4
4
4
4
4
4
4
4
4
4
5
5
5
5
5
5
5
5
5
5
5
5
5
5
5
5
5
5
5
5
5
5
5
5
5
5
5
5
5
6
6
6
6
6
6
6
7
7
7
7
7
7
7
7
7
7
35647
345
20
352
23
66
78
1070
1090
2428
146
176
177
208
27615
613
2275
312
3
3
3
3
3
3
3
3
3
3
3
3
3
3
3
4
4
4
4
4
4
4
4
4
4
4
4
4
4
4
4
4
4
4
4
4
4
4
4
4
4
4
4
4
4
4
4
4
4
4
5
5
5
5
5
5
5
5
5
5
5
5
5
5
5
5
5
5
5
5
5
5
5
5
5
5
5
5
5
5
5
5
5
5
5
5
5
5
6
6
6
6
6
6
6
6
6
6
6
7
20
20
21
37223
31
399
76
82
82
83
123
126
460
183419
166
47871
543
14756
274
2
2
2
2
2
2
2
2
2
2
2
3
3
3
3
3
3
3
3
3
3
3
3
3
3
3
3
3
3
3
3
3
3
3
3
3
3
3
3
3
3
3
3
3
4
5
27
31
65
75
101
108
12583
133
142
518
303524
562
588
12746
183902
296
10
11
15
19
21
25
344
27
34
62
64
385
6632
77
103
764
788
34472
196
589
3498
2
7
35652
15
17
18
21
29
43
27
3631
67
73
77
80
89
3665
111
3742
192
530
1545
211
8
11
12
12
17
29
31
37
54
81
1061
85
1112
493
169
536
221
13418
1259
601
49583
297
11
17
20
22
22
24
25
26
2
671
21
25
57
62
58
30125
70
108
145
120
172
154
160
595
11
12
13
14
15
15
15
17
18
20
33
34
36
699
50
33
60
61
364
70
107
8030
114
789
130404
130
136
177
159
10742
189
14082
259
313
32678
10
12
13
14
14
14
322
16
18
18
18
21
2
23
24
37
18
21
70
9
98
86
401104
175
535
389802
48113
14757
28377
5
10
13
15
16
16
18
18
18
20
22
5
25
27
46
68
6345
64
84
30477
167
228
8148
29005
14
15
15
15
16
16
18
18
19
20
24
2
29
39
39
14557
401648
56
401742
184
3532
39187
2
2
2
6
7
11
13
16
16
678
18
20
21
22
23
25
25
27
35
1368
29114
15281
402101
189
13685
11736
186831
621
2
4
6
6
8
9
10
10
13
14
15
15
15
18
21
24
33
34
42
45
29
102
127
108
142
1192
40152
2
5
6
7
7
9
11
12
13
14
17
17
18
19
20
21
24
42
7370
124
124
32149
268
8870
4
7
7
8
9
11
12
12
12
15
16
16
19
30
31
39
46
15966
15967
3
3
13
14
14
15
16
17
17
22
22
22
23
23
24
25
26
28
29
30
30
35
38
31456
159
189
229
30928
239
17063
654
10
13
14
15
16
18
18
18
19
20
21
22
23
26
33
13541
39
25
30
103
9829
6925
4
7
8
8
9
13
14
15
18
18
19
20
23
24
24
26
28
35
39
107
7784
17366
7200
621
3253
10
14
15
15
16
18
19
19
20
20
13182
21
23
25
25
25
27
27
28
28
29
10
36
20
22
32
10319
17966
217
2922
33644
10
12
13
14
15
19
20
21
21
22
23
23
24
24
25
25
27
28
30
31
38
44
42248
13575
96
2996
10671
37461
1450
36241
18352
5
6
9
9
9
11
40273
13
15
15
17
17
18
18
18
19
20
21
21
22
38
43
11686
8060
1753
2
5
6
10
10
10
11
11
13
13
15
15
18
21
25
665
28
32
36
47
47
4270
804
6525
2580
2227
2
5
10
10
11
13
13
13
14
14
14
16
16
18
651
20
20
21
22
23
25
30
42935
36
56
106
2410
43372
7172
1151
4834
11851
5
7
10
12
15
16
18
18
18
19
19
20
21
23
23
24
29
31
32
39
708
52
60
4944
734
2651
4977
2668
111
4996
2711
2765
2769
1458
19365
269
4839
4848
5179
4877
3
3
4
4
7
8
8
9
11
12
15
16
16
18
20
20
24
26
3
28
31
34
37
16
24
27
4963
5295
74
103
112
8045
3020
5343
5014
5366
5377
5393
193
228
5444
226
5491
5502
5521
5523
5524
4280
3214
5204
5535
6
8
10
10
5549
11
12
5550
13
14
15
16
16
17
5226
19
20
22
22
22
5560
24
24
26
31
32
5242
5576
46
5619
5623
5623
3331
5645
5648
5673
5694
5717
5718
5722
5727
197
20254
205
5744
5753
5753
5771
5776
5779
5783
5787
5792
5795
5797
588
5490
5832
5173
5844
5859
5860
5863
5868
5870
5870
4
4
5875
8
5876
9
9
10
5547
10
11
11
11
12
12
13
14
17
5887
20
21
22
25
25
27
27
5900
5570
36
37
5577
43
5925
5930
5930
5954
5956
5960
70
5963
5967
5977
5978
5979
5984
5992
2393
5712
5721
5732
5732
5405
5767
5771
5777
3826
5810
5833
5867
9
10
11
12
12
12
13
14
14
14
15
16
17
17
18
19
19
21
22
24
25
26
1678
33
40
5911
5922
62
69
1023
2705
6043
185
470
1144
5765
5785
178
2857
13191
5
6
11
12
12
13
13
14
14
14
17
17
18
18
19
19
20
20
2907
20
21
21
22
22
23
24
27
36
39
5902
45
5942
5991
3026
181
2102
3478
553
3121
4529
3
6
7
7
12
13
13
13
14
14
14
15
16
17
18
18
19
19
20
21
23
23
29
34
35
36
39
2282
62
61
1766
1751
176
10145
2918
1211
10211
5
6
7
8
11
11
11
13
13
13
13
13
15
15
15
16
17
17
18
19
20
21
23
24
25
25
33
35
36
44
1303
65
2651
4044
38113
154
159
1126
9468
397302
1227
325
4
7
8
9
9
10
12
13
13
14
15
15
16
17
18
19
19
21
22
22
22
22
25
5344
2412
196
3124
2492
2499
2190
2
2
6
7
8
12
12
12
13
13
13
15
16
18
21
4233
28
360
30
36
37
37
40
51
46260
1700
3385
2425
11443
813
13115
3545
1822
3472
2813
2493
1848
4869
2171
645
2881
892
3551
2
14
14
15
16
16
17
18
18
18
20
20
20
21
21
21
21
22
24
2588
28
28
1933
32
33
35
38
39
2615
36
1377
2007
16634
2472
521
568
581
584
7
13
14
15
15
15
16
17
17
17
18
18
18
19
20
20
21
22
22
23
23
24
608
25
25
26
26
616
618
34
628
628
635
37351
646
657
660
673
89
37387
695
2667
37408
4092
37426
37435
37438
37441
3372
398540
37451
749
37465
1501
37477
777
37486
37511
2134
37524
820
37533
3467
2804
37538
37550
37551
37555
37556
37558
37560
37561
37561
37561
37563
37564
37574
37574
37574
37575
37576
37576
37576
37581
37581
37581
37582
37582
37585
37585
37586
37589
37266
37600
37601
37610
37610
37612
37612
37613
37614
3296
37619
37621
3
3
37625
6
37626
7
37628
9
9
11
11
12
12
12
12
13
13
14
14
37634
15
16
16
17
17
17
17
17
37637
18
20
20
20
21
21
37641
23
23
37644
25
26
28
37649
30
947
2269
37658
37660
37661
47
677
37400
37419
37430
37431
37458
168
37472
37476
37484
37485
37491
37492
8125
37498
37502
37508
37509
37512
37514
37515
37516
37518
37521
37521
37852
37522
37524
37528
37529
37530
37530
37532
37535
37536
37538
37539
37539
37543
2819
37545
47464
3161
37566
37575
37579
37581
37581
37584
37585
37588
37593
37594
37594
37601
898
3202
37611
37611
37618
37625
37627
8
8
37629
11
11
11
11
12
12
13
13
13
14
15
15
15
15
16
16
16
16
17
17
37637
18
18
18
19
19
19
19
19
20
37640
21
22
23
37644
24
37644
25
25
31
34
37
37665
1695
37667
37677
2298
37366
989
2666
2678
1045
37439
37445
37448
37448
37450
167
37459
37461
37468
37470
37471
37472
37472
37477
37477
37481
37483
37483
37488
37494
3099
5733
1451
37524
37528
37530
37536
1161
37541
37541
252
37885
37557
37887
37557
3485
37561
1186
37566
37573
37575
2178
37579
37582
37583
37584
37587
37588
37260
37591
37591
37593
5837
37606
37614
37614
37615
37617
37618
37623
3
37625
37626
7
7
37628
37628
9
9
37629
10
11
11
12
13
37633
13
13
13
13
15
37636
16
16
16
16
17
17
17
37637
19
19
37639
19
19
20
22
22
37642
23
23
23
24
25
31
32
33
33
34
12576
39
37670
37672
37672
37674
5982
69
1335
37394
37732
37732
4338
37454
37458
37459
37460
3066
181
37471
37477
37490
37511
37513
3798
37556
37561
1850
4486
37570
1523
7468
37575
37575
37577
37578
37579
37580
37581
37585
37592
37593
37593
37594
37595
37597
37602
37604
37605
37605
37608
37615
37616
37616
37618
3221
37620
3
3
37623
7
7
7
7
37631
12
12
12
12
12
13
13
14
14
14
14
15
15
16
17
18
19
20
20
20
22
22
22
23
24
28
29
29
29
29
30
31
31
37653
37656
37656
37656
39
37659
39
40
3594
37661
37663
37664
37667
37667
57
37693
37693
37698
37735
37736
37747
1763
37756
37756
37761
37761
37761
3366
37764
3371
37439
37439
37456
157
37464
37465
37466
37407
37486
37489
37489
37420
37435
37436
37436
37449
37451
37460
37460
37535
37537
37471
3814
37479
37556
37886
37556
37888
37562
37562
37566
37567
37571
37572
37572
37578
37506
37507
37512
37513
48732
37589
37589
37590
37520
37594
37595
37596
293
37598
37525
37525
37601
37601
37602
37604
37604
37607
37607
37609
37536
37610
37610
37610
37614
37615
37620
5
37553
6
7
9
10
37557
12
12
37632
12
12
13
14
14
37634
14
15
15
16
37563
16
17
37637
17
17
37565
18
19
20
21
21
21
21
37642
22
24
24
37571
26
356
27
37574
28
28
29
31
13891
32
33
33
37583
37583
36
37583
38
38
37585
37586
37587
40
37587
37661
42
37593
7891
37595
37598
54
37605
37606
37606
37609
37612
37612
37686
37686
37614
70
37620
37622
37625
37700
37631
37715
37720
37726
37654
37729
37729
37733
37733
37734
37737
37409
37410
37741
37742
48888
37673
37749
37678
37423
14324
37426
37688
37689
37450
156
37793
37795
37470
37474
37475
37479
37480
37485
37492
37492
48975
37503
37504
37504
37449
6770
37479
37554
37558
37562
37569
37582
37584
37516
37589
37589
37591
37591
37591
37591
37595
37597
37597
37598
37598
37598
37598
37599
37603
37605
37606
37609
37611
37611
37612
37543
37614
37616
37616
37618
37619
3
3
3
37624
5
5
5
6
7
8
8
9
10
11
11
11
11
12
12
37632
13
13
13
13
13
14
14
37635
15
15
16
16
17
17
37638
18
19
19
20
20
22
23
23
37643
25
25
25
26
26
27
37650
31
31
32
32
33
34
35
36
41
43
49
50
79
37716
11
11
12
12
12
12
12
12
13
16
37724
37726
37732
37732
37733
37733
37739
37741
2686
37414
48966
4342
37693
37449
75
158
37459
37462
37474
14706
37478
37482
37482
37497
37499
37499
37501
7059
4103
37516
37517
37519
3782
37519
37521
37538
37552
37552
37553
8442
37570
37574
37582
37597
37600
37603
37610
37610
37613
37613
37614
37614
37614
37615
37617
37618
37618
37619
37619
37619
37620
37620
37622
37622
37623
37623
8
9
9
10
11
11
11
12
12
12
12
13
13
14
15
15
15
15
16
16
37632
16
17
17
37633
17
17
18
18
18
37634
18
19
19
19
19
19
20
20
20
20
37636
21
21
22
23
23
23
23
23
23
23
24
25
25
26
37643
37643
28
28
28
28
31
33
8946
370
37669
37672
37673
58
37676
61
37678
37680
37680
37681
37684
37689
37694
10
10
10
11
11
11
11
11
15
38048
37
37417
37455
7363
8754
37545
37560
37562
37564
37569
37575
37578
37582
37582
37584
37585
37587
37589
37590
37592
37593
37597
641
37602
37604
37606
37607
37608
37609
37610
37610
37611
37612
37612
37613
25385
6
7
37616
8
8
37616
9
9
37618
10
10
11
11
12
12
37620
12
13
37621
14
14
14
14
15
15
15
15
16
16
16
16
16
16
37624
17
37625
17
17
17
18
18
18
19
19
19
19
20
20
20
20
20
21
21
22
22
37630
23
23
24
24
24
25
26
26
28
29
37638
594
2331
34
39
40
41
42
37686
37687
37690
37691
412217
37697
37723
37728
13639
5642
37751
37754
37760
5016
6006
37458
37459
37486
37491
37492
37511
37512
37514
37515
37519
37534
37554
37560
37603
2
3
3
5
5
6
7
7
8
8
10
10
10
7835
11
11
11
11
12
12
12
12
12
13
13
13
14
14
14
14
14
14
15
16
16
17
17
17
18
18
18
21
21
23
23
23
24
24
24
24
25
25
25
26
26
27
27
28
30
30
31
32
35
36
36
40
41
45
67
37682
37685
14915
37690
10
4043
10
10
11
12
12
13
13
16
19
20
57
37502
229
37548
37551
37563
37564
37585
37586
37594
37597
37597
37597
37601
4
4
5
7
9
9
10
11
13
13
13
13
14
14
14
15
16
16
16
16
16
16
16
17
17
17
18
18
18
19
19
19
20
20
21
21
21
21
21
22
22
22
22
23
23
23
24
24
24
37628
25
26
27
27
27
29
29
29
30
37633
31
37636
33
34
37637
37640
37640
37640
37641
38
38
39
1334
37643
37644
42
52
37658
37663
64
37667
37667
37669
37670
37670
37670
37670
67
37671
37672
37672
37674
37674
37678
37678
7
37683
37684
11
11
12
37687
37691
37694
37694
37694
37695
50236
37697
37701
37707
37709
4968
2088
37742
204
37527
6757
37568
37570
37578
37580
37582
8461
8461
37585
37587
37587
4
37591
6
7
3932
8
9
10
10
11
12
12
13
13
14
14
14
15
15
15
15
16
16
16
16
16
16
16
16
16
16
17
17
18
18
18
18
18
18
19
19
19
19
19
20
20
20
20
21
21
22
22
22
23
24
24
25
25
26
27
28
30
31
32
37618
37619
34
37
40
44
37632
48
53
64
12
12
171
6665
37443
188
37446
537
7045
549
37516
10068
37536
37539
37541
37543
37546
37552
37570
37570
37571
37571
37571
37573
3
3
7
7
8
8
8
9
10
11
11
11
11
12
12
13
13
13
14
14
14
14
15
15
15
16
16
16
16
16
6165
17
17
17
18
19
19
19
19
20
20
20
21
21
22
22
22
22
23
23
23
23
24
24
24
25
25
25
26
27
27
28
29
29
30
30
32
32
34
37609
35
35
37610
36
38
37612
40
72
37690
37692
37694
37695
37706
18566
150
34089
8942
37737
37738
37739
37741
37743
37745
37752
9013
6743
37518
278
305
10417
4
4
4
4
8
8
8
8
8
9
10
11
11
11
11
13
13
13
14
14
14
14
15
15
15
15
15
16
16
16
16
17
17
17
17
17
17
17
17
17
18
18
19
19
37570
19
20
20
20
20
20
20
21
21
21
21
22
22
23
23
23
23
24
24
25
25
25
28
30
37582
32
35
37587
37588
39
41
42
42
37594
37595
45
48
37599
37599
37599
37601
65
37618
37628
37639
37640
37645
37646
37648
37653
9198
37663
37669
168
7673
6370
5780
37514
37522
4
7
8
9
9
10
12
13
13
13
13
13
13
13
14
14
14
14
15
16
16
16
16
17
18
18
18
19
19
19
37547
19
19
20
20
20
20
21
21
21
22
22
23
23
23
23
24
24
24
25
25
26
26
26
26
26
26
28
28
29
29
30
30
30
31
31
31
31
31
32
32
32
33
33
35
36
37
37598
37598
37599
37599
37608
37610
37611
6516
37616
37618
37618
7516
7595
185
247
7361
37485
4
4
7
7
8
8
8
9
9
10
10
11
11
11
11
12
12
12
12
12
13
13
13
14
14
14
15
15
15
15
16
16
16
16
16
17
17
17
17
17
18
18
18
19
20
20
20
21
21
21
21
22
22
22
23
23
23
24
24
24
24
25
25
26
26
27
27
27
28
28
32
33
33
35
37
40
40
27888
45
37549
415
144
9630
10383
37463
4
5
7
8
9
9
9
9
37488
12
12
12
12
12
12
37490
13
13
15
15
15
15
16
16
16
17
17
17
17
17
18
18
18
18
18
18
18
18
18
19
19
19
19
20
20
20
20
21
21
21
21
21
21
22
22
22
23
23
24
24
24
25
25
25
26
27
27
28
29
30
30
30
31
31
31
31
32
37510
33
39
40
42
46
53
37543
37567
97
97
37581
37581
37585
131
132
1358
167
37652
7561
11543
4
5
7
9
9
10
11
11
11
11
11
11
12
12
11645
12
13
13
13
13
13
13
14
15
15
16
16
17
17
17
17
19
19
20
20
20
20
20
21
21
21
22
22
22
22
23
23
23
23
24
24
24
24
24
24
25
25
25
25
25
27
28
28
28
28
29
30
30
31
31
32
32
32
33
35
37
37
37
41
42
48
53
53
54
37526
7769
108
9839
8784
128
181
8217
8910
8252
9595
4
3
4
5
6
7
7
6
7
7
7
8
10
10
9
9
10
10
12
13
13
13
13
13
14
15
15
15
16
16
16
17
16
16
16
17
18
18
18
19
19
19
19
20
20
20
20
21
22
22
22
22
22
22
23
23
23
24
23
24
24
25
26
25
11962
26
29
31
31
31
32
32
32
34
36
8014
40
41
43
46
37479
10668
7744
121
8431
145
7797
152
37576
37580
37581
37584
37586
164
9127
37588
37590
37593
37597
37597
8153
37607
37609
37611
37612
37612
37615
37615
37617
200
199
37623
203
209
218
37655
37657
37658
37664
37667
37667
37669
37672
5321
37676
37677
9
9
11
11
12
12
13
13
13
13
13
14
14
14
15
15
15
15
15
16
16
16
17
17
17
17
17
18
18
18
19
19
19
20
20
20
20
20
21
21
21
21
22
22
23
23
23
23
23
23
24
24
24
25
26
26
26
30
33
35
35
35
36
37
336
39
40
40
42
42
37437
37437
37490
98
123
126
134
37527
37530
37531
37536
145
37540
16023
37542
161
37561
172
12409
37571
180
8459
185
37580
8788
37582
37584
198
14821
201
37593
9138
37598
211
37605
213
37617
37618
37618
233
242
244
260
8547
274
284
3
3
6
6
8
9
9
9
11
12
12
12
13
13
14
14
14
14
14
15
15
15
15
15
15
16
16
16
16
17
17
17
17
17
17
17
17
17
18
18
18
18
18
18
18
18
18
19
19
19
19
20
20
21
21
21
21
21
21
22
22
22
22
22
22
22
23
24
24
24
24
24
25
25
26
26
26
27
28
28
31
35
38
40
41
331
37405
8628
354
362
37464
9674
11092
181
197
11400
208
224
239
37593
9830
9
10
10
293
11
11
11
11
11
11
11
12
12
12
12
13
14
37648
37648
14
15
16
15
15
15
15
16
16
16
16
18
17
17
17
17
18
18
18
18
18
19
19
19
19
19
19
19
19
20
21
20
21
20
21
21
21
21
21
21
21
21
21
22
22
22
22
22
22
24
37657
23
23
24
37658
24
24
25
25
37659
25
25
26
27
27
27
29
28
29
30
29
29
30
31
33
37
39
40
40
50
333
336
18558
9271
9957
139
53615
37508
37510
37512
37516
9072
231
37547
37551
37562
37571
37586
37586
3
4
4
4
37590
8
8
8
8
8
9
10
10
10
11
11
12
12
12
37597
13
13
13
13
14
14
14
14
14
15
15
15
16
16
16
16
16
17
17
17
17
17
17
17
17
17
37602
18
37602
19
19
19
20
20
20
20
20
20
20
20
21
21
21
21
21
22
22
23
23
24
25
25
25
25
25
25
26
26
26
26
26
26
26
27
28
28
29
29
29
29
30
31
31
32
34
34
37
38
39
40
41
41
45
45
10250
37724
37724
9955
37448
37452
9988
37477
37479
13334
4
4
4
4
4
6
8
8
8
8
8
8
9
9
9
9
9
9
9
9
10
10
10
11
11
11
12
12
12
13
13
13
13
13
14
14
14
14
14
14
14
14
15
15
15
16
16
16
16
16
16
16
17
17
17
17
18
18
18
18
18
18
18
19
19
19
19
19
20
20
20
20
20
20
21
22
22
22
23
23
23
23
24
24
24
27
37556
33
33
37562
36
37
38
39
37568
40
37574
37575
47
37582
37589
37590
37591
37591
37595
37596
37600
37601
37623
37625
37625
37629
37631
382
407135
9526
188
194
4
7
9
9
10
11
12
12
13
13
13
14
14
14
15
15
16
16
16
16
16
17
17
17
17
17
17
18
18
18
18
18
18
19
19
19
19
19
19
19
20
20
20
20
20
20
20
20
20
20
21
21
21
21
21
21
21
21
21
21
22
22
22
22
22
22
22
22
23
23
23
24
24
24
24
24
25
25
26
27
27
27
28
28
30
30
30
31
31
32
33
34
36
39
322
31583
10057
334
365
37572
37574
37579
37579
37580
37582
37583
37583
37583
37586
37587
37588
37588
37590
37594
37603
10133
37607
37637
37637
37637
37640
37641
37644
37646
9192
54735
37654
456076
221
37740
37740
37748
37748
4
7
37753
8
10
11
12
12
13
13
13
14
14
14
15
15
15
15
15
16
16
16
16
16
16
16
17
17
17
17
17
18
18
18
18
18
19
19
19
19
19
19
19
19
20
20
20
20
20
20
21
21
21
21
21
22
22
22
22
405872
22
23
23
23
23
23
23
23
24
25
25
25
25
25
25
26
26
26
26
27
28
28
28
30
30
31
31
37447
32
37447
35
9323
35
37
38
39
39
40
40
41
201925
45
37464
3253
80
83
10037
37505
37518
394
11089
37592
37593
37593
37596
37598
37604
37607
37609
474
37631
37634
37637
37638
37638
37650
37669
4
4
4
7
7
8
8
11
11
12
12
12
12
12
12
12
13
13
13
13
13
13
13
14
14
14
14
14
14
14
15
15
15
15
15
16
16
16
16
16
16
17
17
17
18
18
19
19
19
20
20
20
20
20
20
20
21
21
21
22
22
24
26
26
26
26
26
26
27
27
29
29
31
31
31
32
32
32
34
34
35
35
36
37
37
38
38
582
39
39
39
39
40
40
41
41
37735
37737
37739
37509
37517
37518
37520
37520
37520
37535
37535
37537
37545
37548
37551
37552
37554
37557
206
37561
37562
37565
37572
37579
37589
235
243
37604
37607
37607
9229
37620
37624
37624
4
7
8
9
37629
10
10
11
11
11
12
12
12
13
13
13
14
15
15
15
37635
15
15
16
16
16
16
16
16
16
16
17
17
17
17
18
18
18
18
18
19
19
19
19
19
19
19
20
20
20
21
21
21
21
21
21
22
22
22
22
22
23
23
23
23
23
23
23
24
24
24
24
24
25
25
25
26
26
27
27
27
27
28
30
30
31
31
32
37653
34
34
35
571
37
40
41
37661
42
316
37672
318
10863
37718
111
37734
37737
37745
37754
37766
156
37804
37823
37825
213
219
4
4
4
5
7
8
8
8
8
9
9
9
10
10
10
10
10
11
5568
11
12
12
12
12
13
13
13
13
14
14
14
14
15
15
15
15
15
16
16
16
16
16
16
17
17
17
17
17
17
18
18
18
18
19
19
19
19
19
19
20
20
20
20
20
20
20
21
21
21
21
21
21
21
21
21
21
22
23
23
23
23
292
27
28
29
30
32
32
32
33
33
33
33
34
35
38
38
38
39
44
880
96
104
121
418232
64841
4
4
4
4
7
7
7
8
9
9
9
9
9
10
10
11
11
11
11
12
12
12
12
12
13
13
13
13
13
13
13
13
13
13
13
13
14
14
14
14
14
14
14
14
15
15
15
15
15
15
16
16
16
16
16
16
17
17
17
17
18
18
18
18
18
20
20
20
20
20
20
21
21
21
21
22
22
22
22
23
24
26
26
27
27
29
30
31
32
34
35
35
35
40
42
49
37542
37544
37551
68
37562
55990
407012
37600
37600
37601
37603
37603
37605
37605
37606
37608
37610
37617
37630
1748
55788
37641
37655
37657
37658
37659
37659
37660
37670
713
11215
203
10
11
11
12
13
13
13
13
14
14
15
15
15
15
15
15
16
16
16
16
16
16
17
17
17
17
17
18
18
18
18
19
19
19
19
19
19
19
19
19
20
20
20
20
20
20
20
20
20
20
21
21
21
21
21
22
22
22
22
22
22
22
23
23
23
23
23
23
23
24
24
24
25
26
26
26
26
26
27
27
27
27
27
27
27
28
30
31
31
32
32
32
33
34
37
303
39
39
44
9402
5501
1121
350
37543
457603
37554
37586
37587
37587
37587
37589
37590
37590
37594
37595
37595
37597
37603
37604
37610
15427
37621
37621
37621
37622
37626
37626
37629
37629
37630
37631
37645
37646
3
4
6
6
6
8
7
10
9
9
10
10
10
10
10
10
10
11
11
11
11
12
12
13
12
13
13
13
13
13
14
15
14
14
14
14
14
14
14
14
14
15
15
15
15
15
15
15
15
15
15
15
15
16
16
16
17
17
17
18
18
18
18
18
18
19
20
19
19
19
19
19
20
20
20
22
22
22
23
6
24
24
25
25
25
25
25
25
26
27
28
27
31
31
35
36
37
37
37
42
70
12329
8792
12009
954
37548
37578
37578
12423
37586
37586
37587
37587
37588
37588
37589
37594
37603
4
5
5
7
8
9
9
11
12
13
13
13
14
15
15
15
15
15
16
16
16
16
16
17
17
17
17
18
18
19
19
20
20
20
20
20
20
20
20
21
21
21
21
21
22
22
22
22
22
22
23
23
23
24
24
24
24
25
25
25
25
26
26
26
26
26
27
27
27
27
27
28
28
28
28
28
29
29
29
29
29
29
29
30
30
31
32
32
33
35
35
35
36
36
38
38
38
38
40
40
11514
1152
12236
37444
37444
11682
4
4
6
7
7
37553
8
9
9
10
10
11
11
12
12
12
13
13
13
13
13
14
14
14
15
15
15
15
15
15
15
15
15
37561
15
16
16
16
17
17
18
18
18
18
18
18
19
19
19
19
19
19
19
19
19
19
20
20
20
21
21
21
21
21
21
21
22
22
22
22
22
22
22
22
23
23
23
23
23
23
37569
24
24
24
24
37570
24
25
25
25
28
28
29
29
30
30
37578
32
37579
33
34
35
1348
42
37589
29341
50
50
55
37619
37622
37626
12814
37648
37649
37650
37654
37654
37656
37657
37658
37659
37662
37682
37684
12524
1188
37456
37460
1027
3
3
3
6
7
9
9
10
10
11
11
11
11
12
12
12
12
13
13
13
13
14
14
14
15
15
15
15
15
15
15
15
15
15
15
15
15
15
16
16
16
16
16
17
17
17
17
18
18
18
18
18
18
18
19
19
19
19
19
19
20
20
20
20
20
20
20
21
37496
21
21
21
21
21
21
21
21
22
22
22
22
23
23
23
23
24
24
25
25
25
26
29
29
29
31
33
35
36
38
40
40
41
13029
1627
37605
37605
141
1451
148
419748
37644
37652
37688
37688
37691
37691
37693
12860
37695
37696
37702
37702
37703
37721
37733
37734
4
5
37739
37739
37740
37742
9
10
10
10
11
11
11
12
12
12
12
13
1312
13
13
13
37747
13
14
14
14
14
15
15
15
15
15
15
16
16
16
16
16
16
16
16
16
16
17
17
17
17
18
18
18
18
18
18
18
18
18
19
19
19
19
20
20
20
20
21
21
21
21
21
22
22
22
22
22
22
22
23
23
23
24
24
24
25
25
26
27
27
27
27
27
29
29
29
29
29
37763
29
29
29
31
31
33
35
1070
36
37
37
44
37787
37816
13025
166
5
5
5
5
6
7
8
8
7
9
9
8
9
10
10
10
10
10
11
11
12
13170
13
12
13
13
14
13
14
13
14
14
15
15
14
14
15
15
16
16
15
16
16
15
17
17
17
18
18
18
18
18
18
18
18
19
21
21
21
21
20
20
20
21
21
22
21
22
22
23
23
24
24
23
24
24
25
24
24
26
25
25
27
27
27
27
27
28
29
32
33
34
34
33
34
37
36
36
38
8576
39
44
5221
156
7494
14063
4
4
4
4
5
4534
6
7
7
8
8
8
10
10
10
11
11
11
12
12
12
13
13
13
13
14
14
14
14
14
14
15
15
15
16
16
16
17
17
18
18
18
18
19
19
19
19
19
19
19
19
19
19
20
20
20
20
21
21
21
21
21
21
21
21
21
22
22
22
22
22
22
22
23
23
23
23
23
24
24
24
24
25
25
25
25
26
27
27
29
29
31
33
35
36
36
36
38
38
39
43
303
1352
13193
1454
13307
17307
3
4
4
1294
7
8
8
8
9
9
9
9
9
11
12
12
12
12
12
13
13
13
13
13
13
14
14
16
16
16
16
16
17
17
17
17
17
17
17
17
17
18
18
18
18
18
19
19
19
19
19
19
19
19
20
20
20
20
20
20
20
21
21
21
21
21
22
22
22
23
23
23
23
23
24
24
24
25
25
25
25
26
27
27
27
27
28
28
28
29
30
30
30
31
32
32
32
34
35
36
36
13059
54736
17393
1624
1888
420756
1180
17514
4
7
8
8
9
9
9
10
10
10
11
11
11
11
11
11
12
12
12
12
12
12
12
13
13
13
13
13
13
13
13
13
13
14
14
14
14
14
14
14
15
16
16
16
16
17
17
18
18
18
18
18
19
19
19
20
21
21
21
22
22
22
22
22
22
22
22
22
23
23
23
24
24
25
27
27
28
28
28
29
30
30
31
31
31
32
32
32
32
32
32
33
35
35
37
38
13312
40
44
44
49
1146
14075
153
164
2229
1476
56507
8
10
10
12
12
13
13
13
13
14
14
14
15
15
15
15
16
16
16
17
17
17
17
17
17
17
17
18
18
18
18
19
19
19
19
19
19
19
19
20
20
20
20
20
20
20
21
21
21
21
21
22
22
22
22
22
22
23
23
23
23
24
24
1570
25
25
25
26
26
26
26
27
28
28
28
28
28
29
29
29
29
29
30
30
32
32
32
33
33
33
33
34
35
38
39
40
40
41
42
44
46
58537
166
1488
1231
5
5
5
9
9
9
9
9
9
10
11
11
11
11
12
12
12
12
12
12
12
13
13
13
13
13
14
14
14
14
14
14
14
15
15
15
15
15
15
15
16
16
16
16
16
16
16
16
16
17
17
17
17
18
18
18
18
19
20
20
21
21
21
21
21
21
22
22
22
23
23
24
24
24
24
25
25
26
26
26
26
29
3400
29
29
30
33
33
34
36
38
38
38
38
39
40
40
40
44
46
359
4264
157
14618
1499
4
6
6
8
9
10
11
11
11
11
11
12
13
13
14
13
14
15
14
16
16
17
17
16
18
17
17
18
18
19
19
18
19
20
20
20
19
19
21
20
21
21
20
20
20
22
22
22
22
21
21
22
23
22
23
23
23
23
22
23
22
24
24
23
23
24
25
24
24
24
25
25
26
25
26
25
25
26
26
27
28
29
29
28
29
3103
28
30
32
32
32
1573
1316
33
34
34
37
3400
38
38
812
42
43
44
47
4257
14164
155
1730
3289
4
4
4
4
4
6
7
7
7
7
8
8
8
9
10
10
11
11
11
11
11
11
11
11
12
12
12
12
12
12
12
13
13
13
13
13
13
13
13
13
13
14
14
14
14
14
15
15
15
15
15
15
15
16
16
16
16
16
16
17
17
17
17
17
17
17
17
17
18
18
19
19
19
19
20
20
20
20
21
21
21
273
22
22
22
23
23
23
24
24
25
26
27
31
31
34
34
35
38
39
48
3188
1172
17438
206763
8
9
12
13
13
13
13
14
14
14
15
15
15
15
15
16
16
17
17
17
18
18
18
18
18
18
18
18
18
18
18
19
19
19
20
20
20
21
21
21
21
21
21
21
21
21
21
22
22
22
22
23
23
23
23
24
24
24
24
24
25
25
25
25
26
26
26
27
27
27
27
28
28
28
28
29
30
30
30
31
31
32
32
32
33
33
33
35
36
37
37
37
37
37
38
38
39
40
40
41
5273
1145
19014
1256
4
4
4
4
7
7
7
8
8
9
9
9
10
11
11
11
12
12
12
12
12
13
13
13
13
13
14
14
14
15
15
15
15
15
15
15
16
16
16
16
17
17
17
17
17
18
18
18
18
19
19
19
19
19
20
20
20
20
20
20
20
21
21
22
22
22
22
22
23
23
23
24
24
24
24
25
26
27
27
28
29
30
30
30
30
31
31
31
32
32
36
36
36
37
38
39
40
40
41
41
1839
1880
122
1928
1157
1176
1525
6
6
6
7
9
11
12
12
13
13
14
14
14
15
15
15
16
16
16
16
16
16
17
17
17
17
18
18
18
18
18
19
19
19
19
19
19
20
20
20
20
20
20
20
20
21
21
21
21
21
22
22
22
22
22
22
23
23
23
23
23
23
23
24
24
24
24
24
25
25
25
25
26
26
26
27
27
27
27
28
29
29
30
30
30
30
30
31
31
31
31
31
32
34
34
34
35
36
37
38
1310
42
46
121
2434
1928
19503
156
1195
60266
4
4
4
4
4
8
9
9
9
9
11
11
11
11
12
12
13
13
13
13
13
13
13
13
13
14
14
14
14
14
14
14
14
14
15
15
15
16
16
16
17
17
17
17
17
18
19
19
19
19
20
20
20
20
21
21
21
21
21
21
21
21
22
23
23
23
23
24
24
24
24
26
26
27
27
28
28
28
29
283
29
29
30
30
31
31
31
31
32
33
33
34
35
35
37
39
39
40
40
41
42
42
1853
15465
2715
427
15489
1494
3
10
10
11
11
11
12
12
13
13
14
14
15
15
15
16
16
16
17
17
17
17
17
17
17
18
18
18
19
19
19
19
19
19
20
20
20
20
20
20
20
20
20
20
20
21
21
21
21
21
22
22
23
23
23
23
23
23
23
24
24
25
25
25
25
26
26
26
26
26
27
27
27
27
28
28
28
29
29
29
29
29
29
30
30
30
31
31
32
32
33
33
33
35
35
36
36
37
38
39
39
47
345
1873
140
224
3
4
4
4
7
8
8
10
10
12
12
12
12
12
12
12
13
13
13
14
14
14
14
15
15
15
15
16
16
20128
16
17
17
17
18
18
18
18
19
19
19
20
20
20
21
21
21
21
21
22
22
22
22
22
22
23
23
23
23
24
24
24
24
25
25
25
26
26
26
26
27
27
27
27
27
29
29
29
29
30
32
32
32
33
33
33
34
36
36
37
38
41
42
36976
51
11960
106
1637
132
147
1697
176
226
252
12
17
278
27
47
47
51
78
81
86
88
89
92
96
353
102
104
107
111
111
115
121
126
129
143
1669
407
156
156
158
162
163
164
170
175
177
177
179
182
187
188
188
189
190
193
194
194
198
203
203
210
211
212
214
214
216
216
217
219
221
223
227
228
230
231
231
234
235
238
239
242
242
242
244
248
252
253
254
256
261
262
262
328053
265
268
12
270
17
18
275
33
294
297
44
50
51
310
53
314
63
321
67
326
72
329
73
330
336
1356
357
16439
106
115
124
126
387
132
390
134
61681
139
139
398
141
150
156
12521
159
161
165
168
169
169
170
185
186
188
188
446
1717
191
196
202
205
207
208
208
208
210
222
223
226
227
231
233
235
236
236
237
240
17894
244
249
259
1534
261
519
12
264
264
269
273
1550
282
287
36
37
289
290
292
41
300
53
59
569
61
63
320
71
73
74
326
74
79
20958
1361
97
1378
113
116
116
118
371
126
384
134
135
136
139
148
148
148
151
151
155
162
415
166
422
172
173
174
174
176
176
181
433
182
185
438
186
2474
188
188
188
189
191
194
195
198
199
199
204
204
206
208
210
211
222
223
225
227
235
238
241
246
249
254
254
254
255
255
255
256
259
11
11
13
22
1547
296
52
61
316
72
77
85
85
338
342
100
102
109
114
118
119
122
128
130
133
135
139
150
152
153
153
156
157
157
158
158
158
158
160
162
165
2196
166
172
178
181
182
182
182
183
183
184
185
186
1711
189
194
198
199
200
201
202
203
209
216
217
223
224
226
226
227
229
232
241
241
245
249
253
258
11
11
11
12
14
271
1544
280
285
287
40
293
44
51
54
305
55
315
64
64
316
69
323
329
82
344
101
354
17859
121
382
132
140
392
209495
149
154
154
160
161
162
163
163
168
169
174
177
178
180
181
182
182
184
186
193
194
198
199
204
204
205
206
207
208
208
209
210
217
217
221
227
228
229
233
233
236
242
249
250
62956
252
256
256
260
11
264
265
265
276
282
41
296
48
298
54
304
56
314
68
77
328
82
83
337
93
94
95
102
107
108
112
362
117
118
620
123
127
128
130
138
390
141
143
393
145
394
147
147
397
148
150
153
154
409
162
163
164
165
173
177
178
182
185
186
191
194
196
201
201
451
203
425145
211
212
213
215
222
224
226
230
236
242
2013
248
249
249
251
251
256
262
14
17
266
18
268
272
40
301
57
58
63
317
339
341
95
349
352
1621
111
115
129
387
138
143
145
150
153
155
156
25057
166
172
175
180
179
180
182
187
190
193
22070
193
194
195
196
197
196
197
197
198
199
202
202
204
205
209
210
211
212
215
216
219
220
220
222
227
229
230
232
17820
246
498
999
1505
252
262
263
11
11
11
11
11
12
14
269
282
284
288
289
302
305
311
319
325
75
78
80
86
87
343
93
355
105
358
360
359
107
113
114
368
119
120
377
126
127
387
135
135
144
400
148
150
152
154
156
160
160
166
169
175
179
183
187
187
187
190
190
192
194
197
200
200
202
202
203
203
209
210
212
214
22345
220
220
221
230
235
237
243
63295
246
249
1508
262
12
12
15
269
21
278
281
289
297
300
304
307
310
61
64
70
74
1582
83
83
335
84
335
85
89
89
90
96
96
100
112
113
118
124
124
1378
126
127
1381
129
2144
133
134
138
139
139
140
141
143
144
145
396
147
151
152
155
155
157
158
163
164
166
177
177
181
434
186
186
189
191
191
192
197
200
204
207
220
226
731
234
237
237
489
249
249
255
12
12
12
12
16
18
28
278
30
280
283
287
293
50
305
305
56
308
322
80
83
334
90
1593
341
95
1599
97
98
101
351
103
104
356
107
1611
358
111
116
122
125
126
128
129
130
1884
132
133
384
137
138
140
142
142
897
394
149
159
160
165
172
174
178
192
193
193
197
197
198
200
205
206
207
209
212
213
214
216
220
222
223
233
233
235
236
238
11
275
275
280
280
289
293
293
298
53
61
75
89
90
90
99
107
113
119
123
128
379
132
136
1639
390
141
393
393
394
146
148
148
148
148
149
155
157
411
411
162
1665
164
165
174
175
177
182
182
182
182
182
186
186
187
189
191
191
192
194
194
198
199
204
206
209
212
213
213
213
215
215
215
216
219
220
1977
225
229
239
242
248
11
12
12
260
260
260
260
261
267
271
1275
273
274
275
277
280
1534
290
5
19889
69
319
328
81
92
103
111
112
114
116
118
124
127
127
133
133
138
138
141
391
149
151
152
404
159
170
676
178
182
432
184
184
683
188
195
197
197
197
199
200
201
201
204
205
208
212
213
213
219
234
234
236
237
237
240
242
242
242
249
3
251
251
253
11
11
11
11
11
260
267
268
272
275
279
34
283
288
289
42
291
292
294
19140
1563
322
74
76
77
575
79
80
80
81
82
333
85
334
87
336
88
101
101
106
354
119
370
371
125
129
130
135
136
137
140
149
149
149
150
152
152
153
155
156
156
163
169
170
177
185
188
188
189
192
192
196
198
199
203
204
205
209
210
217
468
224
230
244
4
254
257
1003
12
13
259
265
274
279
1034
293
299
55
76
78
325
326
331
89
338
98
102
108
119
121
123
123
130
376
132
133
135
136
139
140
388
147
151
152
153
153
154
154
154
157
158
160
161
161
163
164
22462
168
169
1663
172
172
329689
175
176
177
177
178
178
178
182
184
184
184
185
434
189
190
190
932
193
194
196
202
204
210
210
213
215
216
217
959
221
222
224
225
226
231
233
234
246
246
253
12
12
12
15
263
270
545
303
59
65
66
314
331
332
333
94
102
106
107
114
115
115
115
117
119
119
119
120
126
127
131
133
135
136
140
141
142
144
144
144
145
147
147
148
150
1390
156
157
159
159
160
161
162
163
164
165
167
167
168
5195
171
172
172
174
174
177
177
179
179
179
183
185
186
64725
191
196
200
201
951
211
212
212
213
214
218
220
224
231
243
243
249
250
11
11
11
11
12
1498
1748
13
15
269
269
272
26
274
280
45
307
63
1550
66
75
5
324
325
78
79
80
83
85
334
88
91
91
94
2083
98
103
104
105
6926
119
121
121
127
129
132
138
139
147
149
153
155
156
156
159
160
161
1898
167
168
168
173
175
175
422
177
180
180
182
185
185
186
186
189
190
191
192
199
206
212
212
220
223
228
1467
234
235
236
238
241
248
24446
255
257
262
274
277
278
294
1786
301
310
332
335
89
100
101
102
103
359
109
118
119
124
126
126
129
134
134
134
135
135
135
136
136
138
143
145
146
149
149
150
151
153
153
156
158
158
161
161
161
162
165
168
169
169
173
178
180
184
436
185
188
188
440
191
196
199
199
1691
207
210
210
210
215
217
218
218
220
221
221
223
226
226
229
235
241
242
247
12
12
16
16
16
272
277
288
290
291
21358
46
297
53
305
65599
63
312
313
319
87
91
92
97
101
106
1351
364
366
118
120
120
125
126
126
131
132
135
137
138
139
139
143
143
152
24772
166
167
168
168
168
419
171
171
171
174
175
175
175
176
178
177
179
179
179
181
182
182
182
184
184
186
188
189
190
192
25876
196
198
199
200
202
4961
210
209
218
219
229
232
231
233
238
238
991
247
252
11
11
263
13
265
266
16
273
2025
301
303
56
68
335
338
86
97
99
100
100
100
104
114
124
125
125
129
133
134
138
139
141
142
142
142
143
143
146
150
150
157
160
160
163
169
172
172
172
172
175
176
177
182
183
183
184
187
192
195
197
197
1197
199
204
210
211
215
471
225
27468
240
1982
242
242
247
254
257
258
260
11
12
265
266
267
272
273
289
314
315
319
572
82
335
85
335
336
338
89
341
347
97
350
105
356
108
113
367
120
120
122
372
128
129
380
132
134
138
141
142
142
146
146
154
157
157
407
158
161
161
167
168
173
174
179
187
192
193
194
197
197
199
200
211
212
6749
221
221
221
223
223
227
229
479
231
232
233
234
2229
240
243
246
247
248
248
249
250
254
69010
258
509
11
11
12
12
261
13
15
16
265
266
18
18
270
30
31
283
35
49
299
51
307
59
68
571
75
77
84
87
92
342
95
104
107
112
117
117
118
124
379
632
135
136
137
389
141
142
143
428814
144
145
148
2141
151
154
156
157
163
163
415
169
169
170
170
171
173
173
177
181
185
185
191
197
199
204
207
223
233
236
239
240
243
246
250
11
11
11
259
262
17
274
29
291
302
57
68
315
318
570
80
83
83
85
1832
87
87
334
90
92
93
341
96
108
111
359
369
124
375
128
133
133
137
137
137
138
140
147
150
153
404
161
163
163
171
175
176
180
181
185
187
192
193
196
199
200
204
206
210
211
213
213
217
217
219
220
220
222
232
233
235
237
238
240
243
253
253
253
264
267
269
271
280
36
13665
287
293
297
298
301
302
307
315
320
327
81
96
101
106
359
114
121
124
375
129
131
379
135
136
138
142
146
148
150
151
154
155
159
159
159
164
164
166
166
166
168
169
169
170
172
173
175
178
178
179
180
180
182
185
186
186
202
205
206
209
210
211
215
216
216
220
466
223
226
226
226
231
231
231
234
234
239
242
243
243
247
249
249
250
255
255
255
257
11
11
12
17
269
281
530
39
296
54
317
67
74
84
89
1084
99
103
113
115
115
116
124
126
127
128
129
131
133
133
135
136
137
138
139
139
143
144
149
150
154
160
163
163
2159
166
169
170
174
176
179
180
681
185
188
2431
193
195
200
202
203
204
206
215
220
221
224
225
226
12
12
12
12
12
274
284
291
298
45
308
53
313
323
325
76
332
80
337
349
97
604
104
113
115
115
116
116
117
125
133
133
390
395
142
142
145
146
148
150
159
159
161
165
166
169
426
171
180
436
182
191
197
196
198
206
208
214
216
2715
225
494
240
242
244
245
418805
256
257
258
259
265
268
270
272
3028
286
290
294
294
298
303
310
324
337
338
83
90
347
92
350
858
2363
366
1372
2627
127
130
143
401
151
919
165
928
167
168
170
171
177
182
186
190
190
192
195
197
201
202
203
208
208
210
217
218
218
220
223
481
227
227
228
228
230
231
231
231
231
232
999
237
238
1494
238
245
247
247
249
257
11
11
269
15
17
273
274
1043
33
290
43
302
52
311
314
3070
317
321
66
333
79
79
336
340
341
357
359
104
104
106
623
123
127
130
132
134
135
391
28419
143
150
151
153
155
161
161
163
163
419
164
165
168
175
177
178
180
180
184
184
441
186
186
187
188
195
196
452
197
198
199
202
204
208
211
212
213
220
220
223
225
229
229
233
244
245
247
250
3
1280
263
11
11
12
12
14
275
1297
286
305
95
113
114
116
117
372
126
385
132
140
140
144
145
146
149
405
152
153
664
155
155
160
161
161
164
164
171
179
180
183
187
191
194
196
204
204
205
207
207
208
209
217
233
240
246
247
502
254
2
256
257
260
261
11
11
12
267
267
273
274
275
275
278
279
291
293
296
296
302
556
556
54
312
4073
326
329
331
86
340
91
346
352
362
110
1895
123
380
133
387
135
137
400
154
156
409
160
161
417
418
421220
55
180
1706
183
185
192
195
449
452
202
419534
208
209
465
213
215
1741
223
224
225
229
229
233
234
495
249
253
254
254
258
279
284
1818
295
551
318
318
65
74
76
1859
1864
344
351
352
356
356
361
1902
119
124
4646
388
147
1934
412
414
159
160
420
163
165
165
165
172
432
177
183
183
187
189
191
195
464
208
210
472
1998
216
216
217
477
220
225
227
228
230
233
242
2
2030
248
3538
272
29
292
310
310
315
317
318
328
93
339
2128
2197
2207
425
2210
3242
2253
483
7
2317
2317
2372
2419
877
2449
2474
47226
2497
2547
2574
2326
2583
2597
91
2644
2662
2664
155
2686
2688
2709
2713
2716
2718
2727
35947
2753
249
1487
2784
61
2816
3084
2842
2842
345
34056
2872
2911
408
2921
2944
464786
3002
3019
3023
3037
3050
3065
3063
3072
574
3084
3084
147
3141
1363
12211
3150
649
3168
3170
3176
3191
3219
3243
3245
13
16
16
19
21
28
33
3271
53
777
104
3338
8073
3363
142
3473
6
7
249
8
12
12
14
22
28
279
1508
3574
3597
3617
3867
1179
4
5
5
5
6
7
7
23
31
517
522
573
3807
592
1824
141
5363
3895
210
3932
1926
4
5
5
6
8
10
10
13
17
11563
4043
86
152
170
2369
1915
3
4
4
4
4
4
4
4
4
4
4
4
4
4
4
4
4
4
4
6
7
8
7
8
9
8
11
24
272
31
2234
87
2048
1822
71139
1131
4368
1560
1199
3
3
4444
4
4
4
4
4
4
4
4
4
5
5
5
5
5
5
5
5
5
5
7
9
10
13
15
17
21
22
39
4990
63
2481
87
2395
3
3
3
4
4
4
5
4
4
4
4
5
5
5
5
5
5
5
5
5
5
5
5
5
6
7
9
10
10
14
20
2702
2509
1547
1638
3
4
5
5
4
4
4
4
4
4
4
4
4
4
4
4
4
4
5
5
6
7
9
473035
10
12
13
16
16
31
1753
86
5059
1872
1911
1
3
3
3
3
3
3
3
4
3
4
4
4
4
4
4
4
5
4
4
4
4
4
4
5
6
7
7
13
2207
2947
2009
1330
3506
5290
36498
3302
7813
1398
31275
3
3
3
3
3
3
3
3
4
4
5
71978
3424
5466
2497
4526
144
13590
5572
988
2619
5610
5625
4106
5
5
5
5
5
5
5
9
10
10
10
12
10
13
13
5661
17
18
5676
87
93
112
116
119
124
132
137
139
155
158
159
161
178
193
198
5866
3
4
247
5
5
4
4
4
249
4
4
4
4
4
4
6
4
4
4
7
5
5
5
5
5
5
7
10
8
254
13
262
21
5945
303
311
314
321
322
333
586
349
359
360
378
244
396
413
6070
433
437
447
455
461
487
488
3
4
6
7
8
9
11
12
14
500
4
4
4
4
4
4
4
4
4
4
4
5
5
5
5
5
5
5
5
5
505
514
517
1722
33
538
547
568
580
584
101
599
1822
667
677
6328
197
723
740
3
3
4
1467
5
744
6
7
9
11
751
920
4
4
4
4
5
5
5
5
5
5
5
5
5
5
5
5
6
6
6
6
773
6422
783
52
792
805
91
842
865
870
6523
879
898
906
906
918
919
920
920
922
925
929
933
934
938
949
955
956
3384
984
6635
994
2
3
3
3
6
6
998
7
8
9
1004
1006
4
4
4
4
4
4
4
4
4
4
4
4
4
4
4
4
4
4
5
5
1012
3192
1039
1052
1054
1081
3541
1139
6795
1149
6794
1173
1194
3612
1236
6884
6884
1238
1240
6889
3
3
3
5
6
10
6906
13
15
4
4
4
4
4
4
4
22
1269
12
29
6925
1281
1293
1299
6953
1323
1334
1348
6997
1353
1360
1382
1399
1429
1437
1448
1460
1463
1470
7142
3
3
3
4
4
1505
1505
6
9
9
9
10
10
1514
1518
7165
7178
7205
1564
7215
1580
5458
1611
1621
1649
1649
1650
7308
7311
201
1705
1721
4
4
4
4
4
4
4
6
6
7
1767
20
1783
1786
1908
1812
4475
7468
7494
7498
1866
7553
1920
7595
2127
7629
7638
1993
1994
3
3
4
4
5
5
6
7
8
7660
221257
7665
36
37
7686
2053
2072
7469
7725
85
2116
2118
1639
1642
2162
2174
7842
7859
216
1484
2256
4
4
4
5
6
6
4193
7910
9
19
22
36
4717
81
3305
8002
2358
1875
4776
8023
128
1405
1912
8051
1924
1931
164
81195
8127
8128
8156
1346
4
7
8
9
9
19
27
8187
34
2548
8218
2578
8226
8229
8230
82
96
8263
8264
152
8308
8315
8389
8403
3
3
3
4
6
7
7
10
13
15
43
53
8497
374
156
1935
6322
8617
728
4432
5160
744
2
4
4
4
4
5
5
11
14
14
8687
8703
8704
46
813
8729
8739
839
10518
8793
8793
8795
8807
2677
2
973
3
4
4
4
6
6
8
12
14
8939
33
8959
38
4524
86
299
9070
9092
990
4716
3
4
4
6
6
8
8
9
9
10
11
11
11
11
11
12
12
12
15
15
25
9193
1797
30
9203
5006
9227
9253
9274
34203
9282
9331
9340
9351
9382
3
3
4
6
7
7
10
11
10
9432
16
4993
22
3308
26
3323
3339
6259
73
9615
4
4
5
5
5
7
7
8
8
7
8
8
8
7
7
7
8
8
8
7
8
8
8
7
8
8
8
8
9
9
9
9
3548
3549
13
18
527
2597
1356
9779
9839
2462
5184
1728
5453
9905
2
4
5
6
6
6
6
7
7
11
46
9987
3860
20660
10060
10082
1943
173
690
3978
3989
10133
6462
2530
10182
3
3
3
4
6
7
6
7
8
8
8
9
14
1034
1038
30
34
63
10244
1086
1093
863736
108
1137
1163
7106
166
10347
180
10381
3491
8372
10404
10413
1264
3
4
4
5
7
7
7
7
10439
276
35
3589
69
70
79
91
4968
33581
235
3
3
3
4
4
6
6
6
7
8
10
262
266
30
57
314
10754
10790
4669
144
154
5192
10865
194
203
2234
231
4
4
7
7
7
7
7
428735
10
15
18
10941
776
296
58
10987
82
83
115
116
2384
124
380
397
224940
21
235
1
3
4
4
4
5
7
9
11
13
17
165086
37
3322
86996
8008
11261
133
158
165
673
194
11370
223
3
3
4
4
5
7
9
9
14
15
22
36
37
54
101
110
111
1341
116
373
7840
3406
144
150
160
8388
4
4
4
6
6
7
12
12
13
13
20
11706
295
50
52
73
3595
11778
119
133
646
150
29441
912
180
444
3483
11899
2
3
3
4
6
6
6
7
8
10
12
5841
305
4110
109
117
128
12295
12050
135
149
159
184
212
6032
2
3
3
3
4
4
4
5
11
13
42
292
103
120
1117
136
1132
150
152
1151
166
1164
173
177
1918
6225
202
2442
5212
4231
2207
6273
6274
4
4
4
5
6
8
8
11
15
17
1796
313
338
100
6386
110
111
6393
123
124
125
127
6415
6417
6424
4401
6431
154
4431
1420
187
4498
4501
4
4
4
4
6527
4
6
8
8
9
3500
271
1514
3275
4543
1540
2038
4588
11487
354
6659
6660
6700
6713
4710
12875
6753
6756
240
1474
3
3
3
3
3
5
5
5
18
4775
6818
6829
6834
67
6872
4856
1591
6901
442206
4897
6925
6927
5906
4928
6955
4933
6226
2462
7012
4
4
4
5
5
5
5
5
5
5
5
5
5
5
5
5
5
5
5
5
5
5
5
5
5
5
5
5
6
4232
6
6
6
6
6
6
6
6
7
7
7
5012
34
5034
5037
51
5077
7102
442404
106
5114
5126
13287
153
1663
4928
199
5192
3
3
3
3
3
3
4
4
5
5
9
1232
7272
2730
1257
5319
5322
3064
5348
5385
5398
227403
186
7454
1175
4
5
5
5
5
5
12
17
22
24
32
5504
84
3790
5570
1078
5614
389
5625
5638
1386
1393
5663
5672
1212
3
3
3
3
4
4
5
8
9
1230
5730
203
5760
1274
5792
95
9529
2101
1385
9598
1390
443226
6911
5916
6934
1209
3
4
4
5
5
5
6
6
13
13
3490
9751
3517
3521
1314
1314
1337
1098
3594
1131
3606
1389
1391
1392
1165
1281
1190
1199
3
3
4
5
7
6463
9
9
10
11
12
1259
3730
1274
2006
47967
1306
1307
2044
3799
1824
1894
3886
3899
1683
2672
1218
4
4
4
5
8
9
9
4687
32
5729
48
72
1312
101
32349
4070
155
10331
2618
4119
1191
10396
4
4
4
5
5
6
2195
4423
10
27
1497
2257
69
2519
2290
104
138
4310
3069
4320
166
2372
36360
1
2
4
4
5
6
7
10
10
11
11
13
17
24
39
1528
174
442
13516
10880
2
3
3
3
4
4
4
5
5
5
5
6
6
8
14
2499
2541
4787
154
4829
4843
11120
2177
4
4
2443
5
5
7
8
9
9
9
12
14
4921
272
38
2484
61
62
2510
2546
5070
961
2673
2193
4
4
5
5
6
6
6
6
7
7
7
7
8
8
9
11
12
2455
17
18
20
2466
32
1019
5224
2523
2289
5242
2544
6314
2382
6598
2657
2674
7
7
7
7
7
7
7
7
7
7
7
7
8
8
8
8
9
9
10
11
11
13
13
14
15
2461
1761
2498
2271
1298
2303
6509
2312
2323
2323
5269
5560
2438
493
2452
5
7
7
7
9
9
9
9
9
10
10
10
11
11
11
12
12
12
13
14
14
15
15
15
16
16
21
2971
3963
62
11957
6734
132
5801
2412
2413
2448
3
3
5
5
5
5
5
5
6
6
7
8
8
9
11
12
12
13
2474
14
15
17
20
557
73
2
113
123
2
8894
2
4886
5887
3
3
4
5
6
6
6
6
6
7
7
7
8
19
19
40
63
43
6973
327
4083
1172
434818
7612
3898
8139
3
3
6
6
6
6
7
19
30
42
77
90
57
1190
3
4
4
4
4
5
6
11
16
7414
23
49
124
1185
785
508123
1717
4
4
4
4
6
11
17
1742
18
24
1805
81
29
6965
1087
156
13029
3
3
4
4
4
5
5
6
7
13
30
298
318
2043
329
335
348
364
369
390
394
400
400
9293
408
410
458
479
583
3
3
3
3
3
4
4
2219
7
11
14
528
14901
2311
1817
1821
1106
1895
3429
1
3
4
4
5
5
2465
2
9
9
15
74
77
3528
3782
3548
2571
2585
2603
140
2640
2152
2650
2657
2156
2683
2689
2192
1
4
4
4
4
5
6
8
9
12
14
2739
14138
49
2268
63
2310
2329
2337
2340
2351
2358
2016
2386
2886
2390
2402
2413
2420
1
3
4
2959
9
10
11
12
12
16
21
23
2986
46
64
1309
2
2559
2565
2581
3098
2602
2604
2
3145
2662
2682
2691
741
1
1
1
1
1
1
1
1
3
5
5
3206
8
9
9
9
10
12
16
2731
15835
3242
45
2744
2758
2787
2809
2844
397
2916
4408
2930
2938
3
5
5
6
7
7
8
9
9
2955
10
10
10
11
11
17
22
2981
3481
3001
3001
3007
66
3025
3025
78
92
3060
129
3081
3115
233284
3141
3147
704
1
750
2
3
3
3
3
4
5
5
5
5
6
8
3212
17
3237
3248
59
3271
3303
8703
11222
877
3335
3338
893
3355
3361
942
3405
4150
3437
999
3
3
3
3
4
5
5
7
19
3475
15130
42
7905
4247
65
3529
3560
3568
3584
4332
62026
3617
4423
6890
3
4
5
5
5
9
6
13
19
5
5
5
6
6
6
6
6
6
6
8
31
31
295
295
3783
4537
4584
3847
3865
7332
3664
1470
742
1503
1750
4954
3717
2
3
3
3
4
5
1523
8
8
13
5
5
5
5
5
5
6
6
6
6
6
6
6
6
6
6
9
10
10
25
1541
314
247
329
1048
4796
1615
1621
133
16027
449639
2446
4942
3
4
4
4
4
5
6
8
4241
272
272
4988
283
34
4762
295
45
47
1671
79
5051
4598
1654
1677
5139
4154
3739
4
4
4
4
4
4
13
4238
15
276
31
288
291
294
297
4314
1379
5337
5337
5352
173
4658
234879
4
4
4
5
5
6
6
9
9
12
271
272
277
279
280
5500
282
282
535
4798
840
1609
405
4881
1711
190
1725
204
495
508
3
3
4
5
6
6
7
8
8
13
13
18
6
6
6
6
6
6
6
277
278
24
281
281
1805
57
1836
58
5054
328
154
5128
1930
1989
1
4
4
4
4
5
6
4
7
8
8
10
8
12
15
13
272
274
17
18
283
284
284
285
285
288
1843
328
6092
364
854
954
985
2
2
3
4
4
4
4
5
6
6
7
8
8
8
8
8
11
273
513
275
17
6009
280
26
948
299
307
56
1050
1110
1224
1238
720
6241
1
1
1
1
3
3
3
3
4
271
271
5
5
5
5
1288
7
8
275
11
12
15
285
286
5534
315
320
1360
846
6350
5863
5884
5713
979
4767
1009
254
6014
1
3
3
3
3
3
4
5
5
6
6
7
7
7
7
7
8
273
8
1039
280
283
287
303
327
1140
1216
4748
202
3
4
4
4
4
6
6
6
6
7
7
7
7
273
8
8
9
10
276
290
294
295
298
1392
5666
627
13065
2240
440563
236616
714
734
5
5
5
5
5
5
5
6
6
7
8
8
8
9
278
281
12
16
289
289
2605
302
49
320
8339
1136
11550
7192
2222
7211
6728
6742
3
4
4
4
4
4
5
5
7
277
15
284
289
8574
5
297
300
303
306
71
362
96
7425
121
3515
7027
7033
7569
7092
276
3
3
3
3
3
3
4
4
5
6
286
286
291
7127
16
20
52
52
53
54
54
55
7689
1179
5005
17164
7225
1748
167
7795
7309
9066
3
3
3
3
3
4
4
5
5
5
279
284
284
285
286
288
26
17
1099
7418
335
337
7974
7984
946
8056
751
502
3
3
3
3
3
3
3
3
6
7636
278
20737
282
4447
282
283
284
7692
7699
95
128
2808
1504
7833
7884
3464
3
3
4
4
4
4
5
6
5
277
277
280
281
283
8411
288
31
304
316
878
8547
8096
8654
275
3
3
3
3
4
5
5
290
14
291
306
22
320
45
329
56
1413
81927
8875
5
5
278
5
8448
279
282
285
286
14
14
8462
304
304
35
18
38
42
335
8509
74
153
9118
439
8645
454
8655
462
1536
10389
482
486
491
498
515
3
3
4
4
6
6
6
6
7
533
291
8738
296
549
550
299
303
304
558
313
572
586
3805
342
594
602
85
8809
9320
8901
9457
3
4
5
6
8
290
27
28
293
8516
9014
306
308
44
310
318
323
63
228
22331
9984
4
4
4
6
6
6
7
7
9253
14
282
283
1364
290
295
298
301
302
306
22380
9291
21512
1519
158
43372
9440
9959
87386
531
3
3
4
5
5
6
7
15
15
292
30
299
303
305
309
7375
10336
16248
353
9597
362
10357
10396
10447
9742
5
5
5
6
7
8
10
18
18
287
287
9795
289
289
291
32
300
304
314
10589
1718
2039
9923
3374
1461
9937
232
3
4
4
4
4
4
10043
6
7
7
9
286
10567
16
300
307
309
309
1639
313
318
10101
346
347
351
353
10661
10213
3100
10231
10282
10324
290
299
300
300
308
310
2
325
3
3
3
4
4
4
327
6
6
6
7
18
5428
66
3316
10460
10476
10488
8788
3383
86112
10538
179
44512
813
10607
10629
11392
4391
319
3
3
3
3
4
4
6
7
13
13
17115
59
10755
11503
10765
11317
10879
10892
10932
10978
3
3
3
4
4
5
5
5
5
6
6
10
21
27
36
37
38
39
456532
44979
72
1551
11091
11092
445488
11129
11155
11157
93030
7205
1943
1678
237
894
890
1749
2
3
3
3
4
4
4
5
5
5
8
11298
10
10
15
2076
36
40
40
40
40
41
41
41
42
42
42
42
42
373
78
78
80
1900
125
12211
1937
12234
11538
5260
3
3
3
5
6
6
6
7
9
8
19
4
27
31
11628
32
37
49
1592
73
77
1632
12218
1654
2184
2187
11751
12499
1411
1415
11779
489
8091
1746
1757
1469
1773
11849
1808
1811
1811
283
1820
1821
1822
1824
2
3
3
4
4
5
1844
11918
15
14
18
626
630
1861
29
28258
637
35
1876
1883
655
5665
68
677
1921
1923
1928
1943
719
2041
445
152
3085
2002
2004
2007
2010
10854
2046
1143
1774
2076
12151
1768
859
2091
2098
31
875
1790
2114
2120
2126
2136
1518
7496
2163
2164
12232
3
3
3
4
5
5
5
12243
11
2177
11
13
2184
2195
2485
2198
2202
978
2211
1893
88
4655
2219
1591
2223
67
2234
457797
1018
2267
2267
2270
12333
2279
12346
1649
23750
2286
2295
2296
2298
2303
1385
2309
1991
12380
12382
21559
12386
2338
2342
2030
1721
5059
1423
12429
2362
2366
208
2375
2377
468
2409
2417
2439
13256
2461
12525
1832
2463
2472
2155
2474
2480
1252
1253
1553
3
3
3
3
3
1562
4
4
12
1277
14
1884
2226
12593
1923
2546
395
12633
12631
1959
702
2614
12678
12683
1098
2630
2335
2343
155
1423
1487
2743
1808
2752
2776
880
2167
1294
2824
5
5
5
5
5
5
6
6
7
7
7
7
7
7
7
7
7
7
7
7
7
7
7
7
7
7
7
7
7
7
7
7
8
8
8
8
8
8
8
8
8
8
8
8
8
8
8
8
8
8
8
9
9
9
9
9
10
21
25
28
48
1939
78
9264
1691
4321
1445
4107
6263
199
13849
3111
1227
3
3979
4
4
4
4
5
6
6
6
6
5
6
6
6
6
6
6
6
6
6
6
6
6
6
6
6
6
6
6
6
6
5
6
6
7
7
6
7
7
7
7
7
7
6
7
7
7
7
7
7
7
6
7
7
7
7
7
7
7
7
7
8
8
8
7
7
8
7
8
8
8
8
8
8
8
8
8
8
8
8
8
8
1922
13237
1937
1943
613
1668
43
44
1973
74
5930
2004
2030
136
723
13370
2090
1785
744
1817
12198
789
1820
822
2156
2173
5598
1599
1914
3
3
3
4
4
5
5
5
5
5
5
5
5
5
5
5
5
5
5
5
5
5
5
6
6
6
8
9
9
9
10
10
10
1937
1012
940
2283
4885
3543
66
70
75
997
1670
1080
200
2127
1110
258
13868
13874
2254
3
3
2
5
5
5
5
6
9
2298
2931
13920
49
69
1309
106
437
1352
2385
14031
1395
14876
3
3
4
4
4
5
5
6
12
24
36
707
64
14358
14365
5656
240
14455
1828
4154
3
3
3
3
3
4
4
5
6
6
27
37
696
414
129
830
559
1882
15534
14805
2930
1642
3
3
3
3
3
3
3
3
3
995
6
14886
14900
42
46
1791
11560
1140
73490
15116
5347
5396
3
3
3
3
3
3
3
4
8
40
47
1372
1469
149
460906
15451
1582
16211
20866
2
2
3
3
5
16
15552
24
59
62
16346
11680
2118
1791
179
2220
974
2
3
3
3
3
3
4
5
43
49
48
2043
21438
4446
43776
5776
3
3
3
3
4
4
5
6
7
22
2337
6446
61
63
7600
16348
16494
3
3
3
3
4
4
5
5
10
14
2712
75
78
22001
1852
3194
5196
2930
3
3
3
3
4
4
5
5
5
11
27
2031
79
3716
87
88
1739
501405
1568
3559
1670
3288
3
3
3
3
3
4
4
4
5
48
75
82
82
82
83
134
8348
144
2213
3555
1
3
3
3
3
3
5
6
8
22
38
77
84
91
132
1472
175
1500
3928
7795
3
4
4
4
4
5
6
7
13
2084
51904
169
4497
10970
463640
9690
2
3
3
3
3
4
4
5
6
7
31810
85
16796
828
173
4475
3
3
4
8
8
8
13
31857
8211
79
142
143
4800
31918
2
3
3
3
4
5
5
5
10
14
20
602
617
657
709
6441
32602
3180
10620
355493
865
5254
31761
3
3
3
3
3
4
4
5
5
6
10239
1707
31842
152
1693
1118
871
3
3
3
3
3
3
4
5
6
21
1308
5709
115
116
786
148
5759
150
207
308
31928
2
3
3
3
3
3
3
5
7
8
8
15
15
15
15
15
15
16
32
90
6775
611
296
2
3
3
3
3
3
3
4
4
5
12
13
31
36
81
5041
3
3
4
4
4
4
4
5
5
6
8
774
505053
6432
2553
2
3
3
3
3
3
3
3
4
5
6
290
6
7
7
7
7
7
2978
12
12
13
13
14067
30
1688
99
5145
12921
7184
3
4
4
4
4
4
5
6
7
8
9
10
10
13
13
5
5
5
5
5
6
6
6
7
17
54
54
54
54
56
56
57
57
57
57
57
58
85
85
89
27315
22728
7130
7915
3
3
4
4
5
5
6
13
14
22
23
27
28
43
59
70
134
56375
3
3
3
3
3
3
4
12
1372
54
65
14679
253499
226
3
3
3
3
4
4
5
5
13
45
6105
1488
1711
306
3
3
3
4
4
4
5
6
11
16
28
30
14071
6492
3
3
3
3
3
3
3
4
4
6
28895
542
3
3
3
3
3
3
4
5
7
7
13482
2796
3921
3
3
3
3
3
3
3
4
13747
5
6
13799
1052
458786
2
3
3
3
3
3
4
3969
13
25
27
1926
254756
57617
2508
470145
14298
35603
14339
2
2
2
2
3
3
3
3
3
3
4
5
5
7678
1731
14602
6154
2502
3
3
3
3
4
994
4
4
12
33
14902
14940
213
11196
2878
3
3
3
3
4
4
5
6
15093
42
39067
66
15201
1420
6269
3
3
3
4
5
5
6
8
15
1662
8982
90
12055
3
3
3
3
4
4
4
15
21
15432
15764
45
2730
5200
7194
3
3
3
4
5
5
5
13
5299
36
5058
5394
2797
5794
3513
5533
306
7577
3
3
3
3
4
5
5
8
1733
60711
36
162
4155
4823
27
3
3
3
3
3
3
3
3
3
5
6662
435
2166
472784
1212
3567
6226
2944
3
3
3
3
3
4
8
8
11
6299
55
39932
6435
6456
880
5543
6595
3
3
3
4
5
5
6
16
16
45
2691
14618
6766
6776
2224
3
3
3
3
3
3
3
3
3
5
7087
62291
7226
1
3
3
3
3
3
3
3
5
5
7275
18
41588
1098
7373
1745
7537
41810
976
2
3
3
3
3
3
3
4
4
5
17
2366
7649
10404
4887
1613
3
3
3
3
3
3
3
4
5
474586
73
3761
7781
8186
3
3
3
3
3
3
7
7
7
9
56
2771
2776
4
4
4
4
4
4
4
5
1001
11
16
1469
534
1533
4512
923
2301
3
3
8
8
8
8
14
17
18
24
3692
2730
12651
2779
1549
205441
2953
4
4
4
4
4
4
4
8
40
40
56
80356
1133
2804
1185
9819
9846
60595
1313
3
3
3
3
3
4
5
8
16
9608
42
1853
3265
3
3
3
3
3
3
6
23
24
3003
61
1126
1222
245
3220
937
3
3
3
3
5
11
13
13
19
44508
61
465580
40870
3
4
4
4
4
4
4
5
6
6
9
9
9
9
9
9
9
9
10
10
10
10
10
10
10
10
10
10
10
10
10
10
10
10
10
10
10
10
10
10
10
10
10
10
10
10
11
11
11
11
60
6697
1091
125
1153
5124
1186
1879
2
3
3
3
3
4
4
5
5
5
7
7
8
8
9
9
9
3334
39
4687
1408
4610
3
3
3
4
3305
5
5
5
5
15
34
65476
2417
478030
4485
3497
1258
3
3
3
3
3
3
6
6
7
103
498
66797
847
105
545
160
1575
246
3
3
3
3
3
4
4
5
7
13
478659
2
3
3
3
3
3
4
40
73
454
182
3
3
3
3
3
4
5
7
15
163
7137
29455
264154
2
3
3
3
3
3
3
3
8
5971
37
1093
1439
1556
6238
3
3
3
3
3
3
4
4
5
7
7
54
4044
159
162
1880
251
6880
283
4598
3
3
3
3
3
4
5
5
5
8
1689
51
2733
525
197
3
3
3
3
6
7
7
38
43
48
5015
119
175
3914
3255
292
3
3
3
4
5
6
9
13
29
10921
40
122
126
3440
155
871
63582
1
3
4
4
4
6
7
9
27
32
56
70
418
105
3105
9047
637
39896
1
3
3
3
3
3
4
5
6
6
9
3714
12688
868
1882
481788
3
3
3
3
3
3
3
4
5
5
1383
123
7182
121797
3
3
3
3
3
3
3
4
6
9
3
3
3
3
3
3
3
3
4
5
779
3539
2637
3
3
3
3
3
3
6
8
20
72
2100
1869
556
10808
7226
3
3
3
3
5
6
6
11
26
37
67
3050
1824
11450
316
2
3
3
3
3
3
3
4
25422
18
40
