3157
12691
12699
5494
13021
198
13034
13036
212
4214
5526
4548
4223
231
234
243
244
248
4594
3276
274
13121
3304
3307
13137
13157
4989
3355
73
78
13201
128922
4711
1746
76
76
13236
1729
1734
12947
13253
13257
13269
3452
4781
13282
3129
13287
13309
13353
268
13087
32752
1935
13406
13111
13426
13133
13469
3652
13479
13479
13482
4994
5321
13516
13516
29059
5365
3719
13547
5700
47092
140862
13567
13567
13573
1780
1089
12961
13592
57899
3455
13626
13632
13336
6134
5799
13030
163
4831
5490
13366
13676
13725
13731
13130
3928
13454
13757
13143
13765
13465
13771
1609
22087
13531
13537
13552
13240
202578
13273
58205
4077
13909
13616
13633
4114
13940
5757
4126
3807
13963
3816
13670
13670
13977
13684
2147
1888
13716
4203
5199
4536
5856
5859
5852
0
13759
13761
4255
1950
14082
14088
13787
14097
13797
5
5289
5622
14143
3
13532
1993
2648
2039
4018
4020
79
82
1736
14206
28071
4394
6707
4395
75
14221
76
76
2105
14265
3790
1817
13979
13985
14004
14015
3837
178
4173
14034
14047
1895
207
210
252
213
4208
218
260
227
4552
14076
233
13760
14385
240
1600
13782
265
4588
1962
58736
14435
14437
4947
296
14446
310
4320
1
4669
1716
6993
14203
6344
4377
1747
4384
75
76
14250
81
14253
4408
4429
14274
4115
14307
4459
4794
154
14662
1894
4861
224
14093
243
14717
245
4571
1946
4601
282
14137
14761
2598
4614
14770
4619
1658
14155
14156
4956
6621
4645
59127
4671
361
14841
6341
1722
1727
69
75
78
81
1772
5729
2762
4740
5077
34276
5759
4780
1825
1827
5789
4798
14338
4481
4817
5812
1861
4834
5164
5830
2503
4842
5843
5852
655783
1898
15023
233
5886
247
4898
257
5900
4907
260
5913
5921
5260
5930
4941
1
5945
5947
5951
5955
5295
15112
5965
4976
22
2055
5023
3348
71
75
15204
5054
78
6097
5117
5121
5123
4452
59590
5134
29149
2831
6132
5150
34670
5156
38050
5173
5180
5182
231
233
7853
6217
4911
2911
5252
5255
6252
7256
6288
59756
33124
5308
5338
5339
6335
15497
5034
6363
70
70
81
6383
5395
5066
2768
6396
5415
15575
5102
5446
5791
6471
5161
15647
3485
5177
29530
5847
15672
5535
233
60008
15706
6555
131451
5583
5919
5262
29620
1
5657
15813
60127
5354
5698
15558
6075
3449
5811
60271
191
203
874
237
16020
5887
5248
5905
12434
3
5609
12499
5683
5695
15636
12630
5786
5787
12677
12678
204
3185
12722
12744
5589
12772
12781
5931
12846
60801
12869
12882
30382
5724
6433
12964
12967
12994
5841
6177
13030
16662
1210
6182
3837
2523
13040
36040
39414
13067
2553
16730
13109
13125
6613
2676
13193
16837
16888
2752
6141
2805
13342
13342
2845
219
0
0
0
0
0
0
0
0
0
0
0
0
0
0
0
0
0
0
0
0
0
0
0
0
0
0
0
0
0
0
0
0
0
0
0
0
0
0
0
0
0
0
0
0
0
0
0
0
0
0
0
0
0
0
0
0
0
0
0
0
0
0
0
0
0
0
0
0
0
0
0
0
0
0
0
0
0
0
0
0
0
0
0
0
0
0
0
0
0
0
0
0
0
0
0
0
0
0
0
0
0
0
0
0
0
0
0
0
0
0
0
0
0
0
0
0
0
0
0
0
0
0
0
0
0
0
0
0
0
0
0
0
0
0
0
0
0
0
0
0
0
0
0
0
0
0
0
0
0
0
0
0
0
0
0
0
0
0
0
0
8506
8503
8503
8177
8180
9827
8503
7520
7520
8177
7520
7517
7520
7517
7517
7517
7517
6860
6860
6860
6860
6860
6860
6530
6530
6530
6200
6200
6200
6200
6200
5870
5870
5870
5870
5540
6523
6523
3887
3887
3887
3560
3560
3560
3230
3230
3230
3230
3230
3230
3227
3227
3227
3227
3227
2900
2900
2900
3227
2900
2900
2898
2898
2898
2900
2570
6190
2570
6189
2570
2570
2570
2570
2568
2568
2568
6187
2568
2240
2568
2240
2240
2240
6186
2240
2237
2240
2237
1910
1910
1910
2237
2237
2237
1910
1910
1910
1908
1908
1908
1908
1908
1908
1908
1908
1908
1908
1908
1908
1908
1908
1908
1580
1580
1580
1580
1580
1578
1580
1578
1578
1578
1250
1250
1250
1250
1250
1248
1250
1248
1248
1248
920
590
260
590
590
260
260
5831
2860
5831
2860
2860
2860
2860
2860
2860
2860
2860
2860
2534
2534
2533
2860
2570
2534
2860
2534
2206
2533
1910
2206
2533
1883
2206
2206
1883
2206
1883
2533
1882
1882
1883
2533
1881
1882
1881
1883
1554
1882
1882
1882
1554
1554
1882
1554
2533
1554
1553
1554
1250
1580
1228
1553
1228
1228
1227
1228
1228
920
894
567
894
894
567
567
894
590
260
234
234
233
233
234
233
233
233
233
233
233
229
61320
13391
13393
13403
13415
13428
13430
13432
13439
13441
16455
13442
13446
2
13475
13487
13506
36501
13507
61480
17179
13556
13559
13604
61593
13683
13707
13738
13743
13749
13750
2971
13780
13806
371
31315
13836
406
406
3347
13881
13882
13884
13915
13936
3136
13947
13948
13966
13980
31518
14024
14052
14055
14068
14085
0
0
0
0
0
0
0
0
0
0
0
0
0
0
0
0
0
0
0
0
0
0
0
0
0
0
0
0
0
0
0
0
0
0
0
0
0
0
0
0
0
0
0
0
0
0
0
0
0
0
0
0
0
0
0
0
0
0
0
0
0
0
0
0
0
0
0
0
0
0
0
0
0
0
0
0
0
0
0
0
0
0
0
0
0
0
0
0
0
0
0
0
0
0
0
0
0
0
0
0
0
0
0
0
0
0
0
0
0
0
0
0
0
0
0
0
0
0
0
0
0
0
0
0
0
0
0
0
0
0
0
0
0
0
0
0
0
0
0
0
0
0
0
0
0
0
0
0
0
0
0
0
0
0
0
0
0
0
0
0
0
0
0
0
0
0
0
0
0
0
0
0
0
0
0
0
0
0
0
0
0
0
0
0
0
0
0
0
0
0
0
0
0
0
0
0
0
0
0
0
0
0
0
0
0
0
0
0
0
0
0
0
0
0
0
0
0
0
0
0
0
0
0
0
0
0
0
0
0
0
0
0
0
0
0
0
0
0
0
0
0
0
0
0
0
0
0
0
0
0
0
0
0
0
0
0
0
0
0
0
0
0
0
0
0
0
0
0
0
0
0
0
0
0
0
0
0
0
0
0
0
0
0
0
0
0
0
0
0
0
0
0
0
0
0
0
0
0
0
0
0
0
0
0
0
0
0
0
0
0
0
0
0
0
0
0
0
0
0
0
0
0
0
0
0
0
0
0
0
0
0
0
0
0
0
0
0
0
0
0
0
0
0
0
0
0
0
0
0
0
0
0
0
0
0
0
0
0
0
0
0
0
0
0
0
0
0
0
0
0
0
0
0
0
0
0
0
0
0
0
0
0
0
0
0
0
14095
14105
2
2
582
34823
14138
14145
17798
14179
14182
14239
14262
14267
14279
14349
316
1
2
2
2
2
3
2
2
3
47
14517
62551
14706
118815
14787
2
2
2
2
2
2
2
2
356
1306
1309
1318
1362
1371
1378
1379
62841
1392
1402
1446
1497
38090
15112
2
2
2
2
2
2
2
2
60
15156
1357
2881
107898
32849
1910
36967
15403
1653
1344
19150
2007
1363
3095
1381
18688
38681
1578
18773
3
15824
33432
15946
307
64037
7944
2
64132
64273
64303
2927
3
20083
6490
16689
3209
2
209304
2571
17010
2562
2579
2597
2602
2612
2599
2613
2633
43439
2643
2656
2644
2
2660
2670
2674
2690
2692
2705
2705
2729
2751
2772
2775
2785
2784
2766
34726
17233
2800
2805
2802
2807
2812
2843
2862
2872
2852
2882
2879
2887
2878
2894
2887
2889
235658
2921
2924
2931
2940
2941
2946
2942
2944
2956
2
2969
2978
2982
2987
2995
2
3000
3007
3010
3009
53310
3028
3036
3038
65432
3057
3070
3080
3095
3084
3106
3086
3105
3130
3137
3145
43960
3174
3176
3183
3201
3214
3192
3241
3252
3254
3256
3270
2
2
2
3357
3358
3344
3368
3370
3405
3404
3405
65797
3436
3430
3445
3469
3506
3519
3575
3602
3650
3653
3689
3688
3721
3720
3730
3745
3776
3817
3890
66341
3960
5004
4026
5031
4993
5058
3759
5096
5124
4143
5147
5227
5241
5252
4933
5269
5275
5277
2
4291
5293
41741
5300
143437
5320
5321
5343
5343
5369
5386
5391
0
0
0
0
0
0
0
0
0
0
0
0
0
0
0
0
0
0
0
0
0
0
0
0
0
0
0
0
0
0
0
0
0
0
0
0
0
0
0
0
0
0
0
0
0
0
0
0
0
0
0
0
0
0
0
0
0
0
0
0
0
0
0
0
0
0
0
0
0
0
0
0
0
0
0
0
0
0
0
0
0
0
0
0
0
0
0
0
0
0
0
0
0
0
0
0
0
0
0
0
0
0
0
0
0
0
0
0
0
0
0
0
0
0
0
0
0
0
0
0
0
0
0
0
0
0
0
0
0
0
0
0
0
0
0
0
0
0
0
0
0
0
0
0
0
0
0
0
0
0
0
0
0
0
0
0
0
0
0
0
0
0
0
0
0
0
0
0
0
0
0
0
0
0
0
0
0
0
0
0
0
0
0
0
0
0
0
0
0
0
0
0
0
0
0
0
0
0
0
0
0
0
0
0
0
0
0
0
0
0
0
0
0
0
0
0
0
0
0
0
0
0
0
0
0
0
0
0
0
0
0
0
0
0
0
0
0
0
0
0
0
0
0
0
0
0
0
4089
4417
2769
129
4413
1119
4416
4415
129
4414
4412
4411
5428
5430
5439
40528
5408
5412
5477
5477
5491
5504
5197
5534
5560
5564
324
2
3
2
2
1
2
5615
2
5573
4980
5687
5697
5823
271
300
4885
353
2
2
3
3
3
3
3
3
4957
382
6080
6109
6150
332
2
2
2
2
2
2
2
3
6348
6407
6443
23659
2
3
23903
6168
140002
3629
6
2
363
7230
2
44173
38681
125296
38742
1
4
38958
39131
2596
2610
2643
2664
2
2667
152678
2700
2707
2713
2704
2732
2716
2735
2744
2758
2768
2792
2796
2795
2806
2809
44861
2813
2801
2813
2819
43483
2855
2860
2881
2863
2889
21947
2886
2883
2890
2909
2907
2915
2922
2931
2917
2935
2951
2968
2967
2979
6
3017
3024
3019
3030
3046
3046
3056
3060
2711
3079
3084
3064
2759
153125
3131
3118
3143
3131
43216
3150
3159
3164
3166
3181
3188
3186
666653
22269
2865
3212
3217
3245
3268
3296
3311
3319
2966
2967
3328
3
3330
2980
3335
3348
3337
3359
3369
3384
3382
3392
3376
3395
3409
45495
64452
3509
3532
3215
40108
3594
3581
45654
658029
3627
3629
3638
4584
3659
3660
3700
3729
3755
3398
3798
3823
3823
3858
3870
3921
3572
3931
4891
3990
3993
4967
40999
623559
11569
657340
59616
21850
668227
128163
22254
12282
5663
12310
5701
5737
5739
5748
12373
5783
5806
5814
5815
12469
46242
42146
5594
5597
5607
5661
5673
5677
5680
0
12646
5710
5713
5726
5741
5757
66762
0
5792
5808
12840
5895
5564
1
12858
5924
5937
25048
5627
5641
0
5657
5672
5692
6134
6176
6192
5859
156247
372
6274
42880
42890
54848
6015
6044
13341
43023
669964
43070
5821
2
6079
6173
6227
6532
14
49035
43553
13955
6204
330
43833
1285
1288
1293
1295
1317
1321
1331
1333
1335
1342
1344
1352
1353
1358
1358
1363
1370
1372
1377
1393
48076
7107
1463
1505
6213
2
308353
7809
360
44541
7797
27212
6191
219552
7933
49160
8363
1239
1323
1347
1357
1369
1372
1384
8685
1401
1405
1425
1459
672570
672357
328398
672460
328440
159317
6107
3472
1
2010
6407
69009
9415
6192
9548
5914
447
5884
4244
2892
10234
90834
4973
10273
10366
5200
5865
24415
2
4935
4996
5341
5351
5438
674551
5154
5197
5544
456
5798
5858
5860
5587
5600
5602
5621
5662
5673
5736
5745
5817
675258
5854
5861
5864
11494
5549
5553
675371
5643
675148
435
5698
5731
34536
5836
5837
5940
5640
47739
6159
6180
12130
5858
6203
6520
12227
5966
5667
53335
49298
151363
481
12691
53727
12773
6210
2
49759
7216
32386
6186
6225
6345
677206
132813
13563
144004
490
6179
13757
2
6239
453
669315
5662
0
266
153473
14818
429
6206
15434
52349
5666
679528
6187
5883
679403
6637
6353
52883
6191
16477
288004
16164
16167
2
288002
288002
4809
430
5869
3
22509
6075
5448
5472
5857
5539
6244
22767
5646
342
6365
6398
6033
22860
6132
5513
6196
5591
54081
6326
6354
6358
6410
77914
54727
5564
5937
34157
516
6153
6222
6238
6244
6266
6295
6298
421
6339
6382
141413
6039
6108
54896
23912
301
6506
5910
6273
5961
6361
36368
31
33
6210
107
6267
24382
6372
24443
6338
297
328
329
329
6761
361
400
405
288014
430
734
6620
6370
6372
601
645
651
169616
670
675
158055
695
697
731
758
767
795
816
855
876
884
683336
372
373
418
1028
468
1040
288011
6341
1457
1178
1187
1234
1285
20255
20316
1
1394
1719
871
1474
1506
6373
1523
5402
1535
6390
1539
1540
2
1666
57196
26185
20687
1744
1777
1777
1816
1830
1833
6673
6390
1868
1883
1049
1901
1106
1957
1992
1991
2012
57562
1488
288006
442
2115
476
6370
82806
82806
82806
82806
82806
82806
82806
82806
82806
82806
82806
82806
82806
82806
2188
2230
577
2289
624
1763
941
2373
1812
2377
2401
1845
1296
62056
2481
2513
58
2631
2638
6530
2687
2700
1343
2750
2751
2756
6393
2794
2806
2808
1437
1446
3152
2880
2940
2948
3058
3076
6382
3090
3092
58623
3110
62776
3170
3185
3216
3246
3256
1611
3284
3
58882
3363
3470
3478
6188
3544
3599
3648
3686
59210
3695
16663
3716
1278
28302
3799
5859
3828
6504
2756
2210
38
5685
42
46
50
51
53
53
54
55
55
59
63
67
68
2023
73
74
75
5720
77
6351
95
96
6382
1515
3171
139
6723
3278
3287
6525
5663
1738
6350
28805
2395
1847
5819
23412
43213
3610
6499
2237
583
6330
686734
83773
674
705
720
730
1347
3556
3
60234
3879
853
1431
46421
6533
901
918
6572
933
17790
955
959
6358
989
6402
4087
3265
6395
3282
1351
3289
1087
1
1093
6747
6750
22
1128
6183
1150
1184
6572
6589
1245
6352
1283
2144
1298
6379
60727
1311
1331
4136
2
1380
4165
1389
1432
1454
29867
3151
6520
3159
3163
3165
1495
3185
6563
1521
5437
1560
6354
2723
1645
2792
3080
1686
1723
1823
1826
1827
236093
6371
6374
2455
6666
1925
3648
6736
2008
2013
3699
3734
3466
2417
2159
6349
6358
6937
914
6208
2084
3765
4335
4365
4381
6387
3949
2570
30983
3708
3174
247672
3567
2198
1162
1180
3395
1203
4540
4272
689200
3761
19779
4916
5792
29
4712
6385
5829
54
57
6115
61
61
66
67
72
72
72
81
84
87
91
93
102
104
104
110
45061
148
179
4866
3817
6029
3848
6350
6381
6408
5332
2300
689733
3158
4828
4580
4327
26447
20438
4172
4450
2508
611
20481
686
4827
737
4312
4321
774
786
5767
4692
2757
6369
6931
6390
5853
918
6433
931
933
942
943
2859
3160
970
983
7042
2899
1006
4885
0
6333
176968
1117
5533
6370
6380
1203
1204
21068
1269
5396
1321
5198
225
49926
1374
1417
3329
1438
1
3153
21363
1521
5667
1557
45
58
1576
1590
73
74
77
1598
81
10856
452
6347
160
6366
6367
826
6373
6379
6381
6388
6391
1714
6403
1726
6129
6415
6434
569
1777
1782
2
3172
3173
1816
651
670
29
690
55
60
60
60
68
73
78
1059
1063
99
100
6617
115
1956
1967
129
135
146
807
2001
217
4188
2045
1197
33465
1199
1200
1206
3174
2090
5123
691454
1292
1303
1306
1323
1326
22087
1063
1392
151288
22135
3162
1468
6738
5922
1494
1534
1550
8204
333
64875
2468
49
49
52
1636
2498
72
76
76
81
6376
33929
1679
1681
6444
170
1421
2632
34043
1780
1830
1511
36
1902
50
51
54
62
63
65
70
6378
1941
79
82
102
102
106
2014
751
6206
2106
2112
561
2180
903
905
918
922
926
665
974
705
716
1048
5931
2340
1153
65765
1211
6644
2502
397
1261
1269
132
3176
4816
1325
34930
1386
1392
23388
6325
1441
1444
1453
1457
6366
53
23497
66074
65
1532
1537
86
87
90
102
35144
180
1635
6524
1665
66234
47421
66244
1700
1702
6597
1725
4987
240800
30
1793
52
59
59
60
6414
62
2112
63
64
76
80
83
106
2158
110
147
1951
791
811
812
6369
880
5284
2385
936
2131
1261
3160
2145
5408
735
7365
1371
1089
1091
1098
22944
2265
693732
2589
6370
3931
7479
9
1175
1474
1184
24356
1209
1532
1549
1554
1276
2756
1301
3174
1620
6868
1680
2027
6395
1744
1750
1751
1755
67190
6969
6
394
1869
50
52
52
7897
1873
58
58
60
63
71
78
83
88
90
92
100
3159
3162
3164
120
1947
2238
694290
3186
2258
6357
6362
6367
1986
6372
178
6396
2029
36463
36487
2086
613
2
643
1
2422
7352
28
8203
55
61
67
7960
84
7443
3169
6399
3199
36730
824
840
86410
1491
914
1228
1231
1236
932
5
357
961
662
2493
2517
1334
1033
1359
6395
25409
25411
1391
1396
1399
1409
135121
1425
793
1428
1121
1145
1158
1159
1164
1510
91828
1242
37175
53
53
53
54
54
75
77
77
86
87
99
102
3198
128
8948
805
175
1770
1823
7950
6371
1901
1915
1925
30
1955
51
54
1963
59
59
84
1995
26045
92
37636
252
571
924
2516
2549
969
1343
660
667
10602
703
2324
2332
745
3813
1070
1410
1105
1111
1438
1132
1467
1469
1176
1196
1207
695510
906
911
1572
1623
1320
1661
1701
1084
6360
1737
1737
1743
1774
6425
11932
38405
1525
1526
9758
1901
1348
696424
412
2004
2011
3628
1550
3183
2198
2234
12398
12141
2033
6377
6408
244815
244815
244815
244815
244815
244815
244815
244815
244815
244815
244815
244815
244815
244815
244815
244815
244812
244812
244812
244812
244812
244812
244812
244812
244812
244812
244812
244812
244812
244812
244812
244811
244811
244811
244811
244811
244811
244811
244811
244811
244811
244811
244811
244811
244811
244811
244811
244811
244811
244811
244811
244811
244811
244811
244811
244811
244811
244811
244811
244811
244811
244811
244811
2832
5
52604
354
39107
10712
1336
10272
6365
2671
816
6390
244827
244827
244827
244827
244827
244827
244827
244827
244828
244828
244828
244828
244828
244828
244828
244828
244828
244828
244828
244828
244828
244828
244828
244828
244828
244828
244828
244828
244828
244828
244828
244828
244828
244828
244828
244828
244828
244828
244828
244828
244828
244823
244823
244823
244823
244823
244823
244823
244823
244823
244823
244823
244823
244823
244823
244823
244823
244823
244823
244823
244823
244823
244823
244823
244823
244823
244823
244823
244823
244823
244823
244823
244823
39333
418
6376
6388
6394
6398
39595
6427
6428
244827
244827
244827
244832
244832
244832
244832
244832
244832
244832
244832
244832
244832
244832
244832
244832
244832
244832
244832
244832
244832
244832
244832
244832
244832
244832
244832
244832
244832
244832
10724
70768
7216
406
25986
6370
6385
172828
172828
172828
172828
172828
172828
172828
172828
172828
172828
172828
1329
698045
6372
2
2
327
651
13622
1323
1331
6433
1152
13285
460
1322
1325
1334
1336
1341
12945
1320
1328
198
11524
336
76297
41186
671
6315
698971
6417
698804
18
1322
6430
114
125
127
120
121
135
124
123
123
123
123
123
125
124
124
126
126
125
125
126
126
126
127
127
127
127
127
128
128
128
128
128
128
128
129
129
130
130
131
131
131
132
132
132
132
133
132
133
133
133
133
134
134
134
134
134
135
135
135
136
148
135
135
136
137
136
138
138
137
137
138
139
139
140
141
140
141
142
141
141
141
141
141
141
141
142
142
142
143
143
143
145
144
144
144
144
144
144
144
144
144
144
144
144
145
145
145
145
146
146
146
146
146
146
146
147
147
147
147
148
148
148
149
149
149
149
149
149
149
149
149
149
149
149
149
150
150
150
150
150
1325
151
151
151
151
152
152
152
153
154
154
154
155
155
155
155
155
155
155
155
155
155
155
155
155
156
156
156
156
156
156
156
156
156
156
156
156
156
156
156
156
157
157
157
157
157
157
157
158
158
159
159
159
159
159
159
159
159
159
159
159
159
160
160
160
160
160
161
161
161
161
161
163
163
165
165
165
165
165
165
165
170
171
171
171
171
171
171
171
171
174
182
193
30348
195
195
195
195
195
195
195
195
260
401591
55532
42
51
55
59
62
62
63
69
70
70
78
80
82
88
91
93
94
97
1329
114
1341
140
30631
167
1486
163681
6397
10
1329
6337
6443
33
630
3067
42834
6351
6351
6378
6378
848
848
6394
6411
884
6420
34
78084
1324
1015
1075
1091
6307
1110
6395
1207
34
6415
1222
43270
1256
1259
1285
1440
6337
1482
1513
1540
1551
1554
32064
2060241
1614
1697
1428
2060374
1728
1739
2
3
6386
37
1846
1885
1892
1331
1921
701908
44058
2025
2073
35
2144
6411
2180
1317
1320
2256
2388
2421
2472
2490
1318
1318
691868
6362
1323
2893
35
2999
6339
6349
1328
34
35
36
36
6307
6324
6325
6334
6347
1322
6371
6423
3457
6431
6441
6464
6464
100760
32
32
33
33
33
33
34
33
34
34
34
34
34
35
37
37
20
21
21
21
22
22
26
27
6269
6275
6305
6317
6343
1327
6354
6379
6386
6405
45801
0
6435
6437
6443
34
34
36
35
36
30
61
71
77
83
92
95
98
101
104
105
112
113
123
126
127
130
6317
140
146
6332
6334
6341
46048
192
6376
201
6402
246
6420
261
268
274
6448
286
290
32
310
319
319
341
341
356
358
364
370
376
376
393
384
404
422
428
454
6353
474
485
6401
533
535
548
286
567
313
2310
316
594
414374
34954
401
402
680
433
434
6301
6302
703
713
457
745
490
35063
6371
770
770
779
779
266
539
800
816
557
301
568
322
856
330
867
68
73
78
350
899
374
375
906
380
108
387
388
391
939
412
946
420
421
965
435
6283
967
970
3602
197
472
1002
482
756
489
1023
1038
1049
521
786
6
791
6381
793
7236
30
6414
826
59
62
580
67
1128
599
79
81
341
84
86
886
88
352
359
99
1170
111
114
120
380
912
912
1185
391
133
668
147
416
416
942
34207
1221
428
434
451
1249
6298
464
482
1013
498
6333
1314
1315
3
1051
1055
1065
547
6391
1093
76
1402
1136
399
663
1196
1480
1484
963
1499
1510
1516
1005
6295
1277
1297
1040
2
1588
191905
1077
820
71
71
76
79
590
83
94
94
6414
106
107
108
119
119
128
1429
149
1726
157
171
1482
3216
12357
488
1278
496
6307
294
1607
1350
12442
60
6363
591
20212
705687
99
619
621
116
116
12506
1955
12517
644
6434
677
679
685
2032
12613
759
1816
2152
12702
832
837
848
857
12774
898
909
12795
12795
12800
12810
12822
959
12841
964
12862
12870
12871
12886
12889
12897
1019
12903
278
1037
2107
12930
1055
12934
1057
1060
12941
1070
12952
77
581
87
1100
350
12986
100
1373
109
118
131
13030
13051
1173
6348
13067
13076
13080
13093
13095
13108
13106
13120
13125
13135
250
13136
3
7
8
6430
13154
25
13166
13166
13172
13176
544
13180
13184
47
13188
1313
13197
59
59
310
13199
66
72
76
76
13215
13220
82
90
13228
13235
99
99
100
1368
113
13253
119
120
13265
13267
13272
13275
1402
13292
13296
13296
666
163
415
13303
166
167
671
13308
13309
13321
13341
6318
1464
13345
13349
13355
721
724
1739
728
13365
736
6352
995
13381
13383
3
13393
1515
9
10
11
13
1525
13406
13417
13421
36
13428
793
1046
44
45
46
47
47
49
49
50
1818
53
13441
55
55
1059
56
58
59
60
13449
61
62
62
63
68
69
1076
13466
13468
13474
13480
854
13495
13495
13501
118
13508
629
13529
1653
1152
13540
1157
908
13558
13565
13571
945
1198
13591
2244
13605
1726
6287
13612
13612
13621
13623
1262
13659
2042
13668
13673
13674
13678
13686
13685
13687
47
13697
13711
73
1099
1109
13743
108
13750
109
113
1121
3194
123
123
122
124
125
126
127
127
127
128
128
129
130
130
130
130
130
131
131
131
129
132
132
132
130
133
133
133
13771
133
132
134
132
133
135
135
135
135
135
135
136
136
136
136
136
136
136
136
136
136
137
137
137
137
138
138
138
138
138
138
138
138
139
139
139
137
137
136
140
140
138
139
139
139
141
141
141
141
141
142
13780
142
142
142
142
142
142
140
13779
143
141
143
143
143
143
143
143
144
13780
144
145
145
145
143
145
145
145
145
143
143
143
143
146
146
144
146
144
144
145
145
147
147
147
147
148
146
148
148
148
148
148
148
13785
149
147
149
149
149
149
149
149
149
150
150
150
148
148
151
151
149
149
151
152
152
151
151
151
153
903
151
13790
154
154
154
154
154
155
155
155
155
155
153
155
153
153
154
154
154
156
154
154
154
154
155
155
155
155
155
155
158
158
159
159
159
159
157
160
160
161
161
161
161
161
1414
162
163
163
161
163
161
2184
165
163
165
163
164
164
166
164
166
166
166
166
166
166
167
167
166
166
166
168
173
173
173
173
173
173
171
171
171
172
174
174
173
178
179
179
179
179
179
13816
13819
1453
13840
1466
13856
13857
1225
1980
252
49205
13926
6301
37
6319
13947
1315
6328
13962
6339
1581
13967
1585
13969
1590
13978
13980
6357
13981
93
96
98
99
14002
112
14010
119
120
121
131
1389
139
14038
14044
14044
164
14057
1693
188
189
14083
1452
14094
1462
14098
14104
14106
14105
1731
14114
14120
14127
496
14145
14149
263
14176
14177
791
14178
14180
14181
1796
14186
14191
14203
14207
14220
6335
1628
14282
643
1901
6361
0
943
692
1948
14338
14340
718
1989
14382
743
6
756
14401
1040
1047
14453
6237
14477
62417
14528
896
14544
904
911
916
1173
922
14568
14591
14595
6371
1220
1220
14624
14630
2003
2005
1253
14649
3037
1276
526
93
95
1348
1351
106
107
14746
1368
2134
14782
3166
1400
1400
3174
3174
1405
3200
14822
38575
14850
218
1467
1481
14896
14898
14901
25
50203
39
69
71
76
76
78
80
87
94
96
103
1599
116
1611
1618
882
1634
148
157
6213
162
38780
665
172
38792
15074
15077
15093
1225
1753
1004
761
763
518
1772
1774
787
1041
547
548
15188
560
809
1830
707923
612
868
708225
1133
905
1905
1158
3432
6481
6198
15314
15314
930
1188
3476
1214
1967
15371
984
2
2764
708619
1274
2787
1289
1045
415444
3057
69
3573
79
89
90
15469
94
94
172804
97
1085
98
100
109
1103
132
3629
1368
1371
1375
6403
28057
660
204
2219
6211
2
1506
30
4047
53
15685
1552
76
15711
92
1573
95
99
99
113
1599
2608
142
4154
1147
176
6404
440
1691
1711
477
478
15884
16
16
24
6197
25
25
26
26
31
32
38
39
40
40
534
43
50
52
545
65
4060
4078
829
842
856
4110
124
881
4402
106014
685
938
206
210
705
708
4221
727
728
731
4240
709331
4243
995
12
12
19
4256
23
27
30
767
30
768
33
40
1025
42
45
47
432025
1032
49
66
69
4303
1058
82
83
88
7981
98
105
106
106
108
110
113
118
4100
121
128
874
1129
2129
16274
184
1168
3687
220
4472
1224
3722
2
16366
13
13
14
18
23
25
26
27
31
32
32
31
51692
39
534
46
52
16418
3799
78
78
78
1310
51084
1317
90
94
16453
104
105
4335
601
1354
3850
3854
142
146
1373
147
151
154
167
169
171
173
175
424
180
182
182
183
186
676
432
189
191
680
2407
196
4422
197
689
1428
205
209
211
701
212
706
219
1446
220
1447
224
231
231
231
240
488
243
247
1
1
1
1
249
254
255
9
256
262
21
3990
22
270
24
25
272
272
34
771
282
36
37
285
775
534
291
4517
539
298
308
308
1045
70
1549
327
1574
101
1581
357
358
4855
379
872
151
398
646
16762
169
1151
178
1406
180
1410
922
198
1180
16800
958
226
16840
16841
486
495
249
709812
258
995
12
998
510
1245
17
21
21
21
272
22
24
520
24
1010
26
4747
4247
527
34
35
4758
38
290
39978
550
64816
1294
1048
567
4293
4299
1342
1351
1352
1110
375
4593
5370
5387
1159
1432
4679
2183
712
4692
1456
728
4455
745
749
1488
12
769
22
23
17130
778
1764
36
1519
43
17157
59
574
1556
74
1562
1321
91
1824
17206
1339
4826
40949
115
1602
1602
2095
4600
1382
6168
907
910
51930
942
946
710009
1699
0
1003
8
710571
11
12
1498
267
1017
21
23
24
26
1272
36
37
1034
42
47
841
95
1103
370
4865
1635
151
1905
676
969
981
1981
6
12
22
27
30
31
32
33
34
34
38
42
1293
60
62
62
5039
5045
1127
131
2114
1632
6145
2155
197542
17803
710511
1713
6212
6218
1728
6227
6228
5
6
11
11
12
12
27
20
21
22
22
26
30
31
37
1841
4835
122
6363
6371
6383
6384
6389
1661
5390
5420
710761
1725
4698
3618
12
12
13
16
18
22
23
23
711078
26
28
34
34
50
83
339
147
1219
4938
6
273
198160
603
5857
2625
711447
42259
5934
711546
3083
3414
142562
5751
4
3
5
5
5
4
6
6
712328
31
31
33
36
40
40
5769
712116
67
93
140
140
2403
152
155
155
168
181
184
5903
189
712254
197
205
209
223
225
228
232
247
1
2
2
3
3
3
3
3
4
27
36
41
712616
320
5783
83
89
90
94
94
96
103
106
113
116
120
126
129
132
137
138
398
421
2708
2722
712290
25381
2
2
3
3
3
3
4
4
14
712589
80
7099
135
150
194
195
458
347
266
7306
699
55365
718
537
68
916
722
27
713151
916
1181
713515
459
541
804
68
8091
544
69
1353
713953
713951
1405
1478
506
714336
1325
70
598
1646
5
1744
509
1815
56732
71
79
1873
1891
4667
2283
76
2163
2187
2192
2195
2271
2301
2952
2960
2971
2973
2973
715033
2974
2981
2987
3007
3011
3026
3035
3041
3045
3050
3053
3053
3058
3060
3064
3083
3086
3085
3095
2599
3107
3111
3117
3118
3126
3135
3139
3142
3152
3159
3161
3163
3163
3181
3181
3196
3198
3199
3200
3201
3201
3204
3209
3210
3211
3211
3216
3214
3223
3226
3229
3236
3237
3251
3254
2755
3260
3263
3271
3022
3280
3282
3287
704790
3293
3301
3307
3310
3315
3317
3335
2580
3343
3344
3350
3096
3378
3397
715711
3403
3455
3473
0
3504
9988
1283
3569
1292
1292
1296
10057
3590
1320
1321
1333
1336
1337
1342
1344
3625
1348
1348
1352
1356
1358
1359
1362
1363
1365
1366
1367
1370
1372
1375
1381
705162
1394
1393
2919
1400
1405
1405
1413
1425
1460
1464
1513
3818
2
5
1576
1579
3872
3644
3652
3940
3951
3954
3956
3979
4010
4022
1404
4052
197
4065
4073
3828
4100
4139
4141
4154
4156
4296
1303
4142
4402
30
293
301
319
346
16
3919
716988
716742
113779
319
4006
716867
441
11304
716976
4
5
16
6436
94476
15882
4757
1237
5136
1316
11
3
1330
15770
1339
1348
1349
1352
1355
1358
1361
1371
717555
1424
5323
40666
1471
5358
3125
204302
47748
413
427
5388
485
1931
13280
384
2572
4
328
0
15980
0
6359
41813
1385
14053
718681
9377
2834
19381
16107
49587
13
5
16471
96341
396
719245
719311
1
3444
14858
19756
38457
17411
50297
61872
722
4
4491
4306
4377
720051
4439
8027
50643
18181
155122
4890
4678
4705
2
4817
4849
4588
19058
2267
431
436
453
4955
4969
502
5007
5290
720448
4541
5085
19600
5108
18143
5132
5166
5205
495
506
5
5288
6340
5299
5322
5331
5340
5358
4859
18702
439
5183
706
4944
4947
51002
4961
5768
5511
4
6580
540
5819
5295
9144
5578
9190
621
621
5648
5924
5664
5172
449
9330
511
5776
5781
5797
5270
5011
547
586
586
5586
5890
21622
651
5712
459
5
6045
544
6346
5553
6089
5828
576
9680
6109
618
628
5628
28018
6183
935
689
6211
17023
6216
971
715
995
6276
765
20789
19598
511
4979
6302
19031
6310
20213
6316
556
6082
569
576
614
625
6436
928
5937
459
459
5966
5977
751
1016
778
796
6578
549
2910
584
612
889
5890
4311
666
12539
6737
713
7022
461
19503
496
532
6875
843
6095
6895
7171
6908
5853
10488
10491
10492
6916
64639
6917
640
399
701
13125
783
539
6043
6588
7398
7143
589
7155
6362
5317
611
873
6917
6659
896
6668
645
919
675
422
433
24435
6464
15549
3853
3077
1005
739
493
7036
1016
13395
7328
1
2
6567
35
591
860
887
888
6932
657
517
7061
1
680833
817
18742
6364
789
801
6831
816
840
843
5812
608
1136
628
669
931
687
961
499
0
6578
6617
874
723671
960
1701
731
14415
14415
14415
14415
14415
14415
14415
14415
14415
14415
14415
14415
14415
14415
14415
14415
14415
14415
14415
14415
14415
14415
14415
14415
14415
14415
1018
1028
1294
1050
8396
31
723789
1085
1092
723850
1142
626
111
1151
1417
7727
436
7772
172811
0
3
785
39
724045
1132
2919
1777
10
821
571
888
4787
1435
1203
724738
736
42868
53250
500
2311
725291
1165
41107
290
1317
1332
1354
850
346
94
725644
6
2
2
3
725614
25710
1
1
3
3
715379
726202
1
1
1
3
81747
2
7
3
3
726300
0
716222
1
2
2
2
5430
5590
5986
47958
727233
727493
408
2817
1082
47571
3605
682706
717141
4480
2479
2
0
5
15060
5471
16004
201
622
57805
6703
728484
728776
1164
729035
6371
215679
728904
60043
2476
43578
102890
729848
4088
3835
4343
3588
1829
2583
2075
2
0
0
0
24
29
217052
0
1
3
3
0
1
43404
10732
4110
43457
2220
0
11422
0
27649
116830
63224
62589
732509
0
0
116524
5
0
725194
4122
733714
2
116809
10136
849915
22659
2
52522
21687
1047
688947
734926
724142
22921
690559
116824
179911
1213
11362
1112
11526
5060
131987
222363
2505
116841
690106
309
12313
736243
12536
16992
1027
337
1132
725977
2508
691025
135014
135014
135014
135014
135014
135014
135014
135014
135014
135014
135014
135014
135014
135014
135014
135014
135014
135014
135014
135014
135014
135014
135014
135014
135014
135014
135014
135014
47704
43203
4
737456
1
7
1333
1137
314
172821
61648
262
101
738265
7989
27325
356
3549
739396
15613
739240
70380
653273
