168
169
661
902
179
200
212
703
221
729
740
499
752
271
766
766
37
38
41
41
5120
305
803
376
630
1126
411
428
1170
187
693
947
956
1204
524
95741
537
1045
1049
1060
41
627
628
635
1132
657
669
1191
969
1222
5608
5656
5475
1161
4
930
314646
1535
5640
5945
1143
1642
269
6034
2
313254
1271
96504
1853
1855
130196
2214
2217
97839
6778
312671
2725
2243
97456
86402
2782
2843
2953
2756
3011
122682
97922
97964
191948
3722
3723
7853
3562
3616
3643
98560
8077
4003
45115
45355
1803
45355
20588
25501
3853
8684
8738
4703
4475
3743
99359
4709
10769
316742
99504
82
5019
129964
5098
4858
4644
3
5386
24442
616
15116
55583
5623
3
67
9872
9896
5602
5633
593
5338
6057
134363
24001
6250
5584
66
320002
6756
0
221301
598
101437
66
317047
103
318934
102232
8029
820814
12516
12526
7993
322219
319746
600
12860
2
8727
8252
87
2
43206
9069
4637
4911
4947
319592
5036
105056
9626
5059
5064
5070
31568
5083
5100
5112
5115
86400
5138
319772
5165
5178
5184
5202
5204
5209
5216
5220
104514
5226
5234
5251
5269
5280
5292
5309
5325
5331
5348
5351
5351
5360
5365
5368
5372
5383
5384
9957
5396
5403
5407
5416
5419
5426
5434
5437
5439
5444
5449
5458
5461
5461
5462
5468
5488
27874
5494
5508
5510
5512
5524
5527
5529
5530
5531
5536
5544
5549
5553
5557
5557
5559
5567
5573
5576
5579
5593
5601
5602
5604
5606
5612
5615
5616
5631
5632
5636
5636
5637
5639
5645
5647
5649
5651
5646
5653
5656
5658
5659
5661
5663
5663
5670
5671
5672
5673
5675
5675
5681
5683
5684
5686
5686
5686
5688
5688
5689
5692
5686
5696
5709
5709
5711
5722
5722
5724
5725
5158
5727
5732
5732
5734
5735
5744
5747
5751
5755
5759
5760
5762
5765
5769
5770
5206
5777
5778
5779
5780
5782
5783
5784
5786
5788
5793
5799
5803
5804
5805
5806
5807
5815
5823
5817
5824
5817
5834
5834
5835
5837
5840
5843
5857
5857
5860
5871
5875
5876
5880
5881
5881
5882
5883
5885
5887
5895
5897
5905
5906
5911
5912
5917
5918
5918
5913
5919
5919
5923
5928
5929
5935
224925
5935
5949
5955
5957
5966
5970
5417
5984
5986
5980
5989
5990
5986
5996
5996
5999
6000
6000
6009
6011
6006
105306
6014
6021
6022
6022
6024
6025
6026
6031
6036
6046
6040
6058
6059
6061
6061
6060
6069
6071
6072
6076
6079
6082
6083
5815
6102
6110
6110
6110
6111
6111
6112
6121
6116
6117
6124
5559
6129
6131
985691
6142
6150
6146
6148
5871
6152
6152
6162
6164
6161
6183
6180
6188
6194
6189
6198
6194
5638
6202
6207
6207
6213
6216
6223
6226
6222
6229
6236
6232
6238
5963
6244
6250
6245
6255
6250
5975
6256
6265
6265
6269
6269
6264
6265
5987
6275
6272
6278
6278
6273
6279
6274
6280
6286
6279
6282
6293
6297
6293
6305
6299
6022
6301
6301
6304
6312
6307
6033
6035
6320
6316
6316
6039
6317
6324
6041
6331
6327
6334
6334
6334
6338
6333
6341
6335
6341
6336
6338
6064
6351
6352
6355
6352
6074
6354
6356
6359
6367
6091
6370
6092
6095
6381
6376
6384
5817
6379
15292
6386
6384
6386
6387
6397
6392
6399
6115
6117
6402
6396
6403
6404
6405
6407
6401
6134
6422
6423
6141
6421
6421
6431
5870
6432
6434
6440
6441
6443
6444
6450
6453
6178
6474
6469
6193
6471
6472
6479
6475
6474
6482
6489
6491
6207
6489
6212
6506
5943
6518
6235
6521
6515
6515
6244
6245
6531
6247
6526
6253
6540
6260
6262
6546
6264
29170
6265
6270
6553
6564
6565
6005
6566
6297
6582
6592
6589
6030
6323
6324
6047
6055
6057
6629
6355
6358
6089
6102
6109
6112
6417
6140
6426
6144
51007
6160
6449
322809
6177
6470
6194
6200
6208
6209
6493
5924
6214
6500
6217
6220
6224
6226
5947
6237
6239
6242
6247
6249
6252
6259
6262
5982
6283
6293
6297
6007
6008
6309
6314
6028
6031
6327
6037
6328
6328
6341
6058
6058
6353
6066
6359
6071
6362
5783
6084
6374
6376
6086
6090
6095
6096
6103
6397
6108
6120
6120
6122
6414
6415
6415
6127
6130
6423
6138
6432
6150
6152
5862
6159
6159
6162
6167
5876
5877
5878
6171
6461
6463
6179
6182
6182
6184
6188
6189
6489
6201
31853
6202
5910
5910
6205
6206
6208
5625
6216
6220
6220
6224
6225
6225
5639
6230
6230
6232
6235
6237
5944
5946
6240
6531
6241
6536
5657
6247
6251
6252
6253
6253
6254
6256
5972
6555
6273
6280
6283
6288
6300
6300
6305
6015
6311
6312
6314
6316
6318
6620
6331
6038
6340
6345
6349
6355
6355
5770
6072
6373
6084
5492
6387
6095
6388
6389
6398
6106
5516
6110
6114
6119
6124
6418
6131
6429
323355
6436
6441
6447
6448
6449
6158
6159
5870
6462
6464
6175
5584
6182
6188
6189
6490
6200
6205
6206
6209
6506
6220
29757
6227
6228
6240
6240
6240
6243
6243
6245
6246
6247
6255
6255
6266
6267
6270
6270
6277
6286
6293
6593
6301
6302
6305
6309
6311
6316
6317
6318
6320
6324
6326
6329
6338
6349
6360
6364
6375
6375
6394
106834
6402
6407
6414
6424
6425
6435
6444
6450
6454
6468
6468
2
6482
6492
6537
5061
6549
6608
107064
6063
107850
5816
7848
2
6144
6156
6167
6175
6177
6178
6185
5297
6203
6205
6220
6225
6267
6268
12616
6318
6052
6056
6354
6062
1
6090
6093
6101
6109
6405
6116
6413
6133
6135
6140
6140
6141
30567
6155
6168
6190
6191
6203
6501
6208
6208
6212
6230
6241
6242
6538
6245
6248
6250
6283
6285
5992
12900
6002
6307
6316
6325
6326
6357
6358
17306
6080
6093
6397
6401
6116
6137
6445
6172
6471
6184
6185
6217
6238
5961
6272
5987
6287
12969
6040
6343
6051
6061
6063
6067
6071
6079
6381
6098
6101
6103
6107
6116
6135
6436
6439
6152
6156
6163
6165
6175
6176
6477
6183
6191
6225
6237
6241
6254
6267
6270
6310
6321
108253
6332
6407
5829
5886
5891
8293
6527
108458
5937
6539
5939
6571
5982
5983
6036
18044
6184
6204
228464
5954
5687
5990
6013
6042
4864
6092
6105
5832
6155
5872
6178
5897
5898
6198
5911
5917
6232
5972
6278
6284
5998
6021
6024
6325
6031
6331
6335
6336
6040
6046
6051
6055
6062
6373
6084
6386
6405
6121
6122
6189
6194
6194
6198
6200
6204
6212
6511
6230
6231
6232
6234
6236
6251
6255
6268
6278
6279
6285
6286
6292
6301
6302
6313
6314
6317
6322
6329
6335
6337
6359
6361
6368
5465
6400
6413
6427
6438
6442
6452
6461
6497
5597
5903
5914
5932
14695
5966
6019
6024
6029
174752
6079
6083
6098
6106
6121
6146
6146
6156
6178
6188
6188
6200
6204
6209
6211
6230
6233
6237
6251
6253
5951
6258
6259
6260
6262
6266
6271
6282
6284
6302
6318
6322
6324
6326
6327
6330
6331
6333
6333
6338
6339
6341
6347
6048
6354
6374
6393
6399
6097
6403
6406
6104
110873
6132
6157
6478
6193
6193
6506
6211
6213
11491
6220
6228
6231
6239
6243
6262
6267
6271
6592
6305
6610
6317
6319
6326
6326
6343
6361
6361
6362
6366
6377
61679
6425
2
6544
1
328354
111465
34788
232166
37624
17421
327722
231897
113347
18279
367263
36166
18415
333302
1
1
331996
42347
369425
175
235727
335355
116996
34765
150771
332552
40779
1
27413
18565
1
333588
43828
28783
119502
334849
206
12745
15
16
19
58
58
60
60
60
60
60
60
63
63
64
64
64
68
68
68
70
70
70
70
70
70
71
71
71
71
71
71
71
71
72
72
72
72
72
72
72
72
72
72
73
73
73
73
73
73
73
73
73
73
73
73
73
73
73
73
73
73
73
73
73
73
73
73
73
73
73
73
73
74
74
74
75
75
75
75
75
75
75
75
75
75
75
75
75
75
76
76
76
76
76
76
76
76
76
76
77
77
77
77
77
77
77
77
77
77
77
77
77
77
78
78
78
78
78
78
78
78
78
79
79
79
80
80
82
82
82
85
85
85
85
85
85
105
105
105
105
105
105
123
141
141
141
141
141
142
142
21183
46618
66176
340466
3
1
27727
242512
329121
339241
21
346
158417
158417
158417
158417
2
340308
1618
161
915
2
48525
128362
497
81158
775
36030
36023
36023
36023
642
642
642
642
642
642
642
642
642
642
642
642
642
642
642
642
642
642
642
642
642
642
642
642
642
642
642
642
642
642
642
642
642
642
642
642
642
642
642
642
642
642
642
642
642
642
643
643
643
643
643
643
643
643
643
643
643
643
643
643
643
643
643
643
643
643
643
643
643
643
643
643
643
643
643
643
643
643
643
643
643
643
643
643
643
643
643
643
643
643
643
643
643
643
643
643
643
643
643
643
643
643
643
643
643
643
643
643
643
643
643
643
643
643
643
643
643
643
643
643
643
643
643
643
643
643
643
643
643
643
643
643
643
643
643
643
643
643
643
644
644
644
644
644
643
643
643
643
643
643
643
643
643
643
643
643
643
643
643
643
643
643
643
643
643
864009
247113
333360
46001
0
2
129620
2
288008
864014
531
864007
157800
1087
203
317
35820
130
36016
36016
565
565
565
565
565
565
565
566
566
566
566
566
566
566
566
566
566
566
566
566
566
566
566
566
566
566
566
566
566
566
566
566
566
566
566
566
566
566
566
566
566
566
566
566
566
571
1292
1292
334
580
591
1353
1353
0
508
36016
536
540
1505
1506
1511
1512
570
0
121
469
753
808
922
952
219
1155
1170
1173
36022
36022
36022
686
686
686
686
685
686
685
686
686
685
685
685
685
685
685
686
685
685
685
685
686
686
685
685
686
686
685
686
687
686
686
846
846
846
846
846
846
846
846
846
846
846
846
846
846
846
846
846
846
846
600
601
853
854
1343
613
1601
1602
1604
1609
172
425
428
953
487
986
503
1046
1046
1046
1046
1046
1046
1085
1085
1085
1085
1085
1085
1085
1086
1086
1087
1087
1093
1828
1099
1104
1108
1109
1121
1121
1121
136
1132
1135
1135
155
156
157
1149
1151
1152
1162
1169
188
1179
1179
1187
1189
1190
1197
1208
1223
1231
2
254
1285
1314
864015
864015
864015
1320
1326
1329
1082
1337
1340
1342
360
1355
1359
373
1365
1367
1370
1381
395
1385
1391
1391
1397
1404
1415
675
1424
1437
1454
1456
226
1466
2
1482
1491
508
1497
266
1505
1507
1511
1519
1521
1527
1527
1527
1527
1527
1527
1527
1527
1527
1527
1527
1527
1527
1527
1527
1527
1527
1527
1527
1527
1527
1527
1527
1527
1527
1527
1527
1527
1527
1527
1527
1527
1527
1527
1527
1527
1527
1527
1527
1527
1527
1527
1527
1527
1527
1527
1527
1527
1527
1527
1527
1527
1527
1527
1527
1527
1527
1527
1527
1527
1527
1527
1527
1527
1527
1527
1527
1527
1527
1527
1527
1527
1527
1527
1527
1527
1527
1527
1527
1527
1527
1527
1527
1527
1527
1527
1527
1527
1527
1527
1527
1527
1527
1527
1527
1527
1527
1527
1527
1527
1527
1527
1527
1527
1527
1527
1527
1527
1527
1527
1527
1527
1527
1527
1527
1527
1527
1527
1527
1527
1527
1527
1527
1527
1527
1527
1527
1527
1527
1527
1527
1527
1527
1527
1527
1527
1527
1527
1527
1527
1527
1527
1527
1527
1527
1527
1527
1527
1527
1527
1527
1527
1527
1527
1278
314
1329
2318
644
899
935
2440
725
1480
539
0
93
126041
130
878
878
884
847133
702
471
1710
1007
1008
1029
864023
864023
864023
864023
864023
854
2832
1372
421
1173
1203
1226
1232
1249
1255
1272
49
51
58
1292
801
73
74
1299
0
342
356
357
636
1408
252793
705
500
0
101
1573
132
140
179
204
969
1021
0
0
0
0
0
0
3628
1816
7635
1852
611
134015
865
627
387
630
635
1863
1629
3109
426
4580
3137
454
464
501
0
531
4044
4074
665
4862
4937
803
396
399
415
925
5081
172816
997
322
1335
254443
376
5255
4536
379
630
2089
3138
221
718
5
6
6
20
21
31
758
105
3095
1385
3338
213
6
6
6
6
6
6
6
6
6
6
6
6
5609
560
498
994
5643
5649
70
70
5673
76
820
5701
5735
153
155
162
2833
447
712
1
1711
1711
5157
525
52
1268
63
5202
5937
1064
107
5986
869
5994
3063
717
4
7
1982
4926
52482
310
244
2066
1124
2103
2119
2129
0
1
2222
1755
1285
2264
5713
833
1339
3125
2397
0
0
0
1
1
9
99
10109
3818
617
7
7
9
9
27
6123
4409
1561
861
2794
1618
6306
718
6
6
6
6
6
7
7
7
7
7
7
7
9
10
10
10
10
10
10
10
11
16
17
19
96
5706
1252
326
3392
418188
418188
418188
418188
418188
418188
418188
418188
418188
418188
418188
417528
417528
417528
417528
417528
417528
417528
417528
417528
417528
417528
417198
417198
417198
417198
417198
416868
416868
416868
416868
416868
416868
416868
416868
416868
416538
416868
416538
416868
6454
10409
352599
13
2913
808
1557
343070
7211
7211
7211
0
17
1225
1286
854
3605
1202
60828
3
3
3
3
4
4
6
8
3
2
3
3
498
3
2
2
3
2
3
4
3
3
4
4
5
3
4
3
4
3
3
3
359
4984
392169
7202
1192
257
305
296
312
314
318
304
3
335
286
8
5415
316
31
350
349
293
287
371
315
323
1586
352
366
383
397
409
3
2
422
402
428
424
7227
61281
436
503
196
535
266840
348962
266840
348962
348962
348962
266840
266840
266840
348962
266840
266840
561
232
2
3
3
7216
7216
21
685
281
9182
3
3
7521
2
3
745
755
454
3236
333122
333122
259570
259570
333122
259570
0
215
2445
5720
1143
579
593
13259
4322
315
316
242
669
14
15
3605
354
615
2231
295
61881
327
17
2
2
369
400
821
414
443
524
12
869
899
62060
4117
244
575
506
253
1274
290
0
64531
0
569
0
11
323
1
4
603
14
15
364
364
304
634
67
424
457
515
524
1557
5907
0
1307
3
0
10
12
377
1371
39612
3
4
7540
1441
2269
11
491
196
5467
7688
1569
1570
7219
1587
1590
1961
0
2
6
1660
4877
1664
2014
1410
1749
1763
1110
7215
7215
2148
1836
1548
567
394266
70
1613
1944
2768
652
2
4
5
6
7
8
8
12
2038
63
2055
7211
7211
7211
412
63247
137
706
505
506
257
63399
275
1654
6
6
7
7
7
7
7
7
7
7
27
9
9
9
9
9
9
9
1346
969
864015
864015
2093
1437
5706
1504
880
1210
551
1260
1266
1196
0
0
0
654
1315
5
1353
63
1389
1394
2
2
2
2
2
2
3
3
3
3
3
3
3
1416
1417
1417
1438
448
5978
260536
1453
814
1387
1480
1484
1485
1485
497
10184
1503
1510
1519
1442
1449
1536
1462
1468
1564
1567
1568
1490
1584
1594
1510
1527
1627
230
243
1650
5
5
5
5
6
6
1577
1677
1679
359
275
277
282
283
370
284
1690
288
291
294
294
299
1630
3
3
4
4
4
4
4
4
4
4
1646
1743
339
1752
352
1759
770
1681
1771
1773
1775
1777
5356
380
1790
1795
71
74
70
1481
1839
1842
1844
1846
1856
1770
1777
1900
1917
1925
1931
1932
1934
1943
3597
240
250
1975
1978
990
258
3632
1984
5
5
5
5
5
5
6
6
6
6
1987
8
8
268
1990
671
271
13
283
2009
291
293
2017
1359
2021
2025
51
316
2
2048
3
3
3
3
3
3
3
3
3
3
3
3
3
3
2
3
2078
2090
2097
57
360016
2133
2139
2179
2183
2186
2190
2193
2196
1536
2198
2206
2216
2225
2234
2243
2243
2251
2264
2266
2266
224
2271
228
0
235
237
642
887
252
259
264
2313
5
5
5
5
6
271
277
279
280
288
290
2341
2344
300
2349
307
705
64838
2372
328
3
3
3
4
3
7
3
11073
3
2392
3
3
3
4
7
4
2396
2
2
2
2
2
2
3
3
3
3
5
3
5
5
5
5
3
3
3
671
3
3
3
3
3
3
4
360
18
2435
2439
45
53
497
2492
2502
13845
2522
2530
1556
2553
2563
1587
2583
2599
2934
217
230
2613
223
235
232
2624
2626
230
234
2629
236
243
237
243
243
2640
247
251
247
262
250
5
254
262
260
2658
264
264
281
284
275
269
271
5765
281
282
2679
285
293
7219
7219
7219
7219
7219
289
292
303
310
2705
2708
3
6
3
5
2715
2
2
2
3
3
3
3
3
4
4
4
4
4
4
4
3
4
4
4
4
4
4
4
4
4
2721
7
368
458
54
11202
72
74
2790
79
2817
2828
2851
2853
2853
2854
2858
2867
2886
2893
2899
1493
197
198
2917
203
2920
1516
209
210
219
2935
229
1618
227
10644
233
241
233
2952
65434
238
2955
239
244
252
247
247
2963
249
251
261
266
2983
2984
269
269
270
270
274
276
2997
1615
318
4687
3044
3
1725
3046
4
4
4
4
4
4
4
4
4
4
4
4
4
4
4
4
4
4
4
4
4
4
4
4
4
4
4
4
4
4
8
3062
441
369
117
56
57
60
1375
3110
70
76
86
3137
3140
3144
3156
3166
1521
3171
537
3186
3192
1555
3208
1490
194
194
204
208
209
210
213
214
215
215
224
225
226
227
228
231
232
232
234
235
238
243
245
241
246
249
3305
261
274
279
3329
3340
304
3353
3364
1638
2
2
2
2
3
3
3
3
3
3
3
10830
2
3
2
3
3
4
4
4
4
4
6
2
2
2
2
3
3
3
3
3
3
9
344
5
3395
427
6017
12581
35
37
3412
39
50
51
60
3438
66
1163
106
1749
5379
3498
3501
1547
162
173
176
66039
178
190
184
1515
2583
202
203
204
204
195
208
1274
210
1526
204
218
217
219
224
222
215
225
225
229
228
221
223
234
234
234
0
0
0
0
0
0
0
1
1
1
1
1
1
1
1
1
1
1
1
1
1
1
1
271
264
1671
279
300
375
1302
395
1386
2
2
2
2
2
3
3
3
3
3
2
2
2
2
3
3
2
3
3
2
4
2
2
2
3
3
2
2
3
4
5
11
1333
5378
31
33
33
32
33
47
69
1137
83
102
6433
1436
1439
0
48016
10817
6956
2138
2223
172
172
176
176
186
181
192
191
199
193
207
195
204
205
203
198
205
210
214
223
224
222
1878
224
225
5591
231
240
241
1554
246
279
62
1392
3
6652
3
2724
2
3
2
3
2
2
2
2
2
2
3
3
3
4
2
3
9
9
9
9
9
9
9
9
9
9
9
9
9
9
10
12
32
32
30
31
38
1713
65
486
86
4831
7024
138
161
177
180
178
188
186
194
196
194
197
202
204
205
207
211
212
212
333
12
12
12
12
12
13
13
13
16
88694
5989
1658
6062
1397
0
0
0
832
67035
67048
7420
325
336
340
11
342
0
1625
144058
383
386
397
401
402
406
409
411
3
419
420
422
434
439
440
440
442
444
445
449
450
453
454
454
455
457
460
463
7856
487
488
488
489
1816
498
499
501
502
503
503
505
506
508
1428
540
543
554
561
567
573
579
579
586
588
590
268
598
599
4234
605
608
198
295
638
639
316
649
649
320
659
662
332
664
669
674
686
363
364
695
696
372
375
378
382
2038
722
395
728
730
400
733
733
736
746
417
419
423
755
756
111
443
781
790
794
797
797
469
805
813
1724
814
814
815
817
820
820
2721
827
832
834
837
838
840
841
845
849
145248
856
856
1024790
863
8005
0
868
870
875
875
1869
880
899
899
900
901
906
67676
909
932
604
6874
944
949
1573
679
1033
1693
1037
1042
1303
2
2
2
2
2
2
2
3
3
3
2
2
2
4
4
7
264443
1658
1076
1077
1080
1083
30
3398
1096
1098
1098
44
1106
1108
1111
1118
1118
1134
1136
1141
1148
1149
1156
1163
1165
1167
1175
1181
1181
1187
1195
149
153
154
157
1025146
160
1226
167
1229
172
1233
184
181
1244
184
188
1249
1250
192
1252
194
7195
201
203
1262
219
222
1284
1291
289
1298
1298
1333
1334
15
1354
1361
1363
1370
3941
1378
1383
1390
1392
1398
412
1404
1405
2
3
3
3
3
3
3
3
3
3
3
3
3
3
3
3
5
2
3
1424
1429
1434
1447
1453
1465
1472
1472
78
1486
1487
1487
86
1491
506
1501
1501
1508
1517
1526
1537
1560
154
1562
3461
168
168
169
174
180
181
188
192
1597
190
196
202
200
203
199
209
208
208
19
1669
687
1685
1695
1702
1702
1712
1722
0
1731
2
1737
2
2
2
2
2
2
2
2
3
3
3
3
3
3
3
3
2
2
2
2
4
6
2
3
2
4
3
4
4
15
1752
30
33
30
46
47
0
59
73
7749
454
531
1885
151
153
156
154
154
158
159
0
173
179
181
181
182
186
186
187
189
193
193
196
194
196
200
201
205
212
1620
60
1262
65
67
67
67
67
68
70
70
74
76
76
76
77
77
77
78
78
78
78
78
79
79
79
79
79
79
79
79
80
80
80
81
81
81
81
82
82
82
82
82
82
83
83
84
89
2
3
3
90
3
3
3
3
3
3
3
3
3
3
3
3
3
3
3
3
3
68851
30
32
47
50
74
1496
2505
1536
8381
135
140
144
145
0
151
153
161
1164
69001
164
164
165
167
0
1578
172
173
173
173
175
175
176
1585
178
190
69031
194
1655
9
16
18
18
18
19
19
0
1694
1697
1699
2
2
2
2
2
3
2
2
2
3
3
3
4
4
5
1729
80
27
1080
29
27
40
18
1760
1762
47
1436
1775
410
81
71642
152
152
152
152
152
152
152
152
152
152
152
152
152
152
152
152
152
152
152
152
152
152
152
152
152
152
152
152
152
152
152
152
152
152
152
152
152
152
152
152
152
152
152
152
152
152
152
152
152
152
152
152
152
152
152
152
152
152
152
152
152
152
152
152
152
152
152
152
152
152
152
152
152
152
152
152
152
152
152
152
152
152
152
152
152
152
152
152
152
152
1484
140
1850
144
149
152
154
152
162
160
162
167
168
174
174
1890
1892
181
1897
1898
189
1902
193
1923
2593
1945
1951
1952
1960
1981
1997
2030
2031
2035
9837
2041
2042
2044
2046
7659
2051
0
3
3
3
4
2059
2059
4
4
4
4
4
4
4
5
2063
15463
29
15962
40
2094
2095
40
45
2122
2122
2126
72
2133
2142
167
2158
2163
105
2174
112
122
115
127
203
131
135
134
215
133
2200
146
147
224
152
158
155
233
161
243
168
2225
171
172
172
251
177
257
2237
183
260
187
2243
188
194
195
2255
202
202
203
205
2262
207
207
284
209
286
211
1611
215
222
2285
231
231
233
243
244
245
247
251
254
255
2316
262
338
1988
263
264
2326
1671
275
275
276
277
2008
2339
283
287
288
289
290
294
296
2355
307
311
312
2371
391
2379
327
327
2387
331
2388
2390
335
3
3
3
3
3
3
3
3
4
4
3
340
3
3
3
3
3
4
4
4
4
4
4
4
3
6
3
3
393
356
360
439
363
2419
364
26
368
36
384
2446
391
396
400
1398
2486
506
2820
514
441
521
2503
450
2506
362178
451
2512
536
2518
128
2525
132
2529
477
142
144
144
144
487
144
151
153
147
154
492
155
157
159
496
160
159
162
161
162
164
2558
2559
169
174
512
182
182
185
523
197
283
207
550
2607
551
2609
2611
222
0
2641
2643
1653
2645
591
2655
362339
2673
2688
2689
2689
344890
651
2710
3
4
4
4
4
4
4
4
4
4
4
4
4
4
4
4
3
669
673
25
28
2745
20
23
33
116
41
129
2776
136
146
2786
2457
2805
2810
2812
2835
203
128
128
207
209
134
134
134
215
140
135
144
222
149
152
159
160
11879
164
242
167
168
246
246
171
2891
583
257
188
191
201
277
863
203
583
285
286
0
0
0
0
0
0
0
0
0
0
0
0
290
215
294
298
300
226
2942
306
307
311
236
9548
328
4
334
264
268
268
356
359
2670
3001
285
1022
287
367
292
372
373
299
299
9618
3018
339
384
3033
398
2
2
3
402
3
3
3
3
3
3
2
2
3
3
3
3
3
3
1069
409
409
1076
25
25
23
33
39
2760
3091
375
389
470
403
3126
486
491
2804
105
110
1098
515
119
120
193
126
126
127
527
451
129
129
1119
136
136
143
213
214
146
147
148
151
225
2870
231
163
236
170
177
251
254
260
266
267
267
2914
275
278
279
280
281
284
286
2929
290
19547
291
291
300
300
301
301
310
317
319
319
320
321
2969
334
11
306
347
2991
352
354
2997
365
366
369
374
709
3033
69
400
2
2
2
2
3
3
3
3
3
411
3051
3382
3
3
4
419
3
3
2
2
3
424
23
22
19
21
19
23
22
3078
21
37
132
5413
137
721
483
163
164
170
8996
508
104
187
188
520
117
110
200
121
130
538
124
138
142
135
135
553
145
146
224
556
150
151
232
236
243
251
583
257
257
263
278
279
3254
617
3266
6237
298
3272
3275
312
6
337
9
303
343
674
0
0
0
0
0
0
0
0
0
0
0
0
0
0
0
0
0
0
0
0
0
0
0
0
0
0
0
0
0
0
0
0
0
0
0
3319
683
354
3326
359
359
363
3338
3340
380
386
3359
395
1645
4039
3382
415
3386
417
419
757
503
3490
3499
115
3511
541
3530
896
4888
7
3639
11
2357
268070
3723
762
20591
607
20416
2156
9756
101
3854
0
1252
0
12811
71752
699
1044
71783
2766
1130
1795
1511
20794
283
0
20855
6174
6197
365257
6
6
6
6
629
0
688
9293
12498
20984
1084
425
72154
6724
7091
2164
7464
21199
6845
5
5
5
6
6
6
1986
21245
14
21253
8513
23
21263
21308
8583
11325
7641
8316
21381
21401
72588
8457
8461
8864
21547
21559
6
7
7
3307
8
21583
8868
21623
72805
21667
21681
399
72833
21700
437403
437405
21709
21715
21753
21759
21786
8120
21853
7219
0
6
6
6
8279
11298
558
22007
22039
22047
22064
0
8359
9760
7836
9422
5888
22201
329
22231
6
7
342
346
8927
16
18
352
364
365
365
22266
376
381
392
397
401
402
413
416
417
421
2735
425
433
8597
434
439
449
449
450
450
457
463
463
479
479
482
491
22391
498
500
500
502
504
509
511
515
515
515
516
520
520
522
523
523
525
22445
553
9717
10797
569
569
571
576
73619
580
583
584
586
586
587
591
594
594
598
22506
610
8864
22514
22515
22523
627
628
633
22534
642
658
3
3
7
667
8
11891
691
691
695
697
702
11934
525
737
18018
742
742
82
750
751
753
754
761
766
772
774
73818
786
799
22711
821
22722
22736
842
869
881
884
885
22783
894
894
896
10797
896
903
904
904
906
910
924
932
935
22834
953
967
977
22875
980
982
22886
22886
4
5
5
4
6
6
996
998
1000
29
1023
1027
1028
1031
1034
1034
22932
1035
10286
1051
1057
1058
1064
614
1076
22974
74135
1100
1108
1113
1114
23027
74175
23036
1152
1152
1152
492
1484
23051
1157
1159
1167
23073
1188
1190
1191
204
1203
1207
0
1226
1228
1232
1234
1243
1264
1272
23171
1275
1276
23179
1287
23187
1290
1302
5
6
6
6
6
6
23234
1341
1341
1346
23249
702
23259
23260
1369
10949
1378
366667
23283
1390
1397
1399
1409
1417
1417
7359
1419
23323
23324
1427
766
1431
1432
1452
1458
23378
23380
1487
1489
0
23390
1495
1495
1499
1504
1507
1510
23414
11090
541
1535
23441
1554
1577
23489
1593
1600
12162
74644
1612
1613
1614
23512
13498
1627
23529
10879
1640
23539
23545
6
6
0
6
7
1661
1666
1668
1668
1670
1673
1677
1692
1693
9947
12587
7319
12273
1733
1734
1736
1741
2072
23647
23649
449
1775
1776
1779
1791
1805
23713
23718
23718
1823
23720
1824
23730
1846
23746
74894
23787
1898
10508
1931
1935
1952
1958
23856
4603
1965
10224
23871
1980
6
6
6
6
7
9
1993
3602
2002
2007
4902
23904
3663
33
34
2018
370
23916
23918
2031
387
5254
2041
2041
2050
12952
25173
12974
23985
2096
2098
2117
2118
2119
2138
2147
3625
2151
2151
2154
24055
2160
2164
2171
2174
2172
2179
24080
2200
24109
2221
12784
6186
2230
5130
8509
2239
2249
607
2254
2264
24171
24182
24182
2287
24200
5
6
24212
2316
13537
16
24222
2329
2353
2361
24272
68
2384
3
3
3
3
3
3
3
3
3
24296
2
2
2
14281
426
24308
24309
19
21
21
24
5641
2423
35
2433
5344
24347
2454
480
7107
2159
100
24403
528
112
116
24411
120
120
122
123
132
487
132
135
135
137
24441
24456
24472
24473
2586
2267
2594
10851
2597
24502
2608
367896
321
5272
5531
24535
273
2666
24570
2688
12597
2369
2375
2710
24613
24617
24625
2726
2731
24645
24693
11049
1156
14031
2816
525
2508
24743
541
2847
24784
2579
11167
2274
640
24856
24867
12553
152932
20
11591
11594
2354
24919
24932
24935
2382
413
5044
2748
2419
13975
24985
2430
5734
2765
473
2465
2467
14025
15347
2823
2824
2523
4177
12435
507
25120
2583
12816
5234
25160
2604
6500
10884
2637
25193
2638
271
25198
14198
6210
2658
2664
25239
2692
6249
2697
388
25255
2706
0
25296
25304
0
25313
6060
11011
424
25359
2829
2835
867
2897
2908
6480
2935
2941
2956
647
2966
327
2977
345
13894
39
41
3013
3042
12293
3057
420
3079
3083
3089
454
3099
3109
3126
3129
3142
12402
25725
3182
3187
4178
10780
3192
562
3206
574
3220
3252
3257
3589
622
3601
3276
5602
320
6851
2
6
25869
25872
3323
370
64
67
71
74
75
80
90
11895
96
3404
15868
440
3471
26046
190
3494
3507
537
13431
11786
572
3559
13473
613
26140
11214
8251
2
5
26207
38
3681
63
70
74
74
75
79
7011
90
94
11342
5785
546
920
26460
10834
12815
364
49
52
59
63
65
71
10657
17
17
18
35
26642
16956
4418
2793
7684
7687
14044
559
4192
77907
26766
1605
275
26794
13173
641
644
6
670
3650
354
3658
58
68
68
71
8239
3
3
3
3
3
80
85
89
97
30
30
3421
4754
0
7746
8082
94
95
92
0
110
115
120
5497
556
229
13429
8091
2229
0
1347
28
3351
397
68
27248
75
77
87
88
3720
93
6
114
13006
8057
51
65
15005
5142
12116
583
282
1312
6
11567
348
371
13246
65
6030
6
3413
8683
11434
27834
27839
3
3608
22
4312
3661
3679
9631
3701
7
12961
101
9260
2752
2100
3618
60
1482
28043
28079
584
4220
620
315
5
4
5
5
5
5
5
5
5
5
5
5
5
5
5
5
5
5
6
6
6
6
6
6
6
6
6
7
9
9
9
9
9
9
9
9
9
9
9
9
9
9
9
9
10
10
10
10
11
11
3647
16866
4344
61
393
0
0
0
0
0
0
0
0
0
0
0
0
0
0
0
0
0
0
0
0
0
0
0
0
0
0
0
0
0
0
0
0
0
0
0
0
0
0
0
0
0
0
0
0
0
0
0
0
0
0
0
0
0
0
0
0
0
0
0
0
0
0
0
0
0
0
0
0
0
0
0
0
0
0
0
0
0
0
0
0
0
0
0
0
0
0
0
0
0
0
0
0
0
0
0
0
0
0
0
0
0
0
0
0
0
0
0
0
0
0
0
0
0
0
0
0
0
0
0
0
0
0
0
0
0
0
0
0
0
0
0
0
0
0
0
0
0
0
0
0
0
0
0
0
0
0
0
0
0
0
0
0
0
0
0
0
0
0
0
0
0
0
0
0
0
0
0
0
0
0
0
0
0
0
0
0
0
0
0
0
0
0
0
0
0
0
0
0
0
0
0
0
0
0
0
0
0
0
0
0
0
0
0
0
0
0
0
0
0
0
0
0
0
0
0
0
0
0
0
0
0
0
0
0
0
0
0
0
0
0
0
0
0
0
0
0
0
0
0
0
0
0
0
0
0
0
0
0
0
0
0
0
0
0
0
0
0
0
0
0
0
0
0
0
0
0
0
0
0
0
0
0
0
0
0
0
0
0
0
0
0
0
0
0
0
0
0
0
0
0
0
0
0
0
0
0
0
0
0
0
0
0
0
0
0
0
0
0
0
0
0
0
0
0
0
0
0
0
0
0
0
0
0
0
0
0
0
0
0
0
0
0
0
0
0
0
0
0
0
0
0
0
0
0
0
0
0
0
0
0
0
0
0
0
0
0
0
0
0
0
0
0
0
0
0
0
0
0
0
0
0
0
0
0
0
0
0
0
0
0
0
0
0
0
0
0
0
0
0
0
0
0
0
0
0
0
0
0
0
0
0
0
0
0
0
0
0
0
0
0
0
0
0
0
0
0
0
0
0
0
0
0
0
0
0
0
0
0
0
0
0
0
0
0
0
0
0
0
0
0
0
0
0
0
0
0
0
0
0
0
0
0
0
0
0
0
0
0
0
0
0
0
0
0
0
0
0
0
0
0
0
0
0
0
0
0
0
0
0
0
0
0
0
0
0
0
0
0
0
0
0
0
0
0
0
0
0
0
0
0
0
0
0
0
0
0
0
0
0
0
0
0
0
0
0
0
0
0
0
0
0
0
0
0
0
0
0
0
0
0
0
0
0
0
0
0
0
0
0
0
0
0
0
0
0
0
0
0
0
0
0
0
0
0
0
0
0
0
0
0
0
0
0
0
0
0
0
0
0
0
0
0
0
0
0
0
0
0
0
0
0
0
0
0
0
0
0
0
0
0
0
0
0
0
0
0
0
0
0
0
0
0
0
0
0
0
0
0
0
0
0
0
0
0
0
0
0
0
0
0
0
0
0
0
0
0
0
0
0
0
0
0
0
0
0
0
0
0
0
0
0
0
0
0
0
0
0
0
0
0
0
0
0
0
0
0
0
0
0
0
0
0
0
0
0
0
0
0
0
0
0
0
0
0
0
0
0
0
0
0
0
0
0
0
0
0
0
0
0
0
0
0
0
0
0
0
0
0
0
0
0
0
0
0
0
0
0
0
0
0
0
0
0
0
0
0
0
0
0
0
0
0
0
0
0
0
0
0
0
0
0
0
0
0
0
0
0
0
0
0
0
0
0
0
0
0
0
0
0
0
0
0
0
0
0
0
0
0
0
0
0
0
0
0
0
0
0
0
0
0
0
0
0
0
0
0
0
0
0
0
0
0
0
0
0
0
0
0
0
0
0
0
0
0
0
0
0
0
0
0
0
0
0
0
0
0
0
0
0
0
0
0
0
0
0
0
0
0
0
0
0
0
0
0
0
0
0
0
0
0
0
0
0
0
0
0
0
0
0
0
0
0
0
0
0
0
0
0
0
0
0
0
0
0
0
0
0
0
0
0
0
0
0
0
0
0
0
0
0
0
0
0
0
0
0
0
0
0
0
0
0
0
0
0
0
0
0
0
0
0
0
430
430
430
430
430
430
430
430
430
430
430
430
430
430
430
430
430
430
430
430
430
430
430
430
430
430
430
430
430
430
430
430
430
430
430
430
430
430
430
430
430
430
430
430
430
430
430
430
430
430
430
430
430
430
430
430
430
430
430
430
430
430
430
430
100
100
100
100
100
100
100
100
100
107
107
107
107
107
107
3737
113
113
113
113
113
113
113
113
113
113
113
113
114
114
114
114
114
114
114
114
114
114
115
115
42
115
115
115
115
115
115
115
115
116
116
116
116
116
116
116
116
116
116
117
117
117
117
117
117
117
4088
9039
483
522
2202
2203
561
11829
371828
3626
15820
24609
2
2
2
2
2
2
2
2
2
2
2
2
2
2
2
2
2
2
2
2
2
2
3
3
3
3
3
3
3
3
3
4
11884
6
6
6
6
6
6
6
48
56
57
12613
4373
419
11644
7
8
18577
11999
450
456
42
473
9968
9433
12762
13110
9496
13165
7228
4263
306
315
647
246
333
4
5
5
5
5
5
5
5
5
5
5
5
5
5
5
5
5
5
5
5
5
5
5
5
5
5
5
5
5
6
6
6
6
6
6
27876
15
21
22
24
26
27
27
28
29
32
32
33
34
34
35
35
36
36
36
37
37
38
38
38
692
41
44
45
45
50
50
408
97
109
110
111
114
28952
456
468
158
178
185
9432
193
197
208
544
216
606
252
257
258
265
274
1816
3
3
3
4
4
4
7
7
12549
9
25
26
26
27
28
28
28
30
30
31
31
33
33
33
33
34
35
35
35
35
38
39
39
41
42
46
47
53
58
59
59
62
65
66
66
77
79
98
106
107
107
108
114
116
5096
838
180
186
210
222
372870
4
4
4
4
4
4
4
4
4
4
4
4
4
4
5
5
5
5
5
5
5
5
5
335
5
5
5
5
5
5
6
6
6
6
9
6
83112
91
102
107
114
120
14332
80850
10468
253
285
12178
1619
311
10547
3
3
3
3
3
3
3
3
3
4
4
4
4
4
4
4
4
4
4
4
4
4
4
4
4
4
4
4
5
5
8
8
8
2669
90
3068
10932
164
6443
182
28824
279
295
21630
277892
5
6
6
6
6
6
6
6
6
6
6
6
6
6
6
6
6
6
6
6
6
6
6
6
6
6
6
6
5286
7
7
7
7
7
7
7
7
7
7
8
12
13
11482
21
23
23
23
23
24
24
24
25
25
25
25
26
27
28
34
35
46
71
405
79
36000
94
98
99
99
100
101
102
107
108
108
115
22979
122
22994
13369
172
201
234
31827
6213
58653
3
3
3
3
3
3
3
3
3
3
3
4
4
4
4
4
4
4
4
4
4
4
4
4
4
4
4
4
4
5
6
8
12895
28824
86
91
96
11572
2444
23090
3117
31826
5809
23219
13839
3
4
4
4
4
4
4
4
4
4
4
4
4
4
4
5
5
5
5
5
5
6
6
6
6
6
6
6
6
81957
8
8
8
9
9
9
92
92
425
99
99
106
2466
28824
189
0
0
0
0
231
6510
0
5
5
5
5
5
5
5
5
5
5
5
5
5
6
20
22
41
41
56
65
66
7
12215
92
92
93
101
101
104
107
107
107
107
107
108
108
110
110
113
3092
16362
1222
12134
16097
2
2
2
2
2
2
2
3
3
3
3
3
3
3
3
3
3
3
3
3
3
3
3
3
3
3
3
3
3
3
3
4
4
4
4
5288
0
365281
89
26450
95
99
100
101
12455
6
21434
12525
36
4
4
4
4
4
4
4
4
4
5
5
9
22
23
66
85429
78
80
81
81
85
88
88
89
89
94
95
95
97
99
102
1129
474
150
180
21007
249
3
3
3
3
3
3
3
3
3
3
3
3
3
3
3
3
3
4
4
4
4
4
4
4
4
4
4
4
4
4
4
4
4
7264
4
179
18550
78
88
160035
83493
0
6840
36
592
2
3
17
8620
0
0
79
91
13553
104
140
144
3
3
3
3
3
3
3
3
3
4
4
4
4
33
10275
66
68
73
74
75
75
75
76
79
83
85
86
95
22873
197
7487
14429
3884
2
2
2
2
2
2
2
2
2
2
2
2
2
2
2
2
2
31
31
31
31
31
32
366915
28802
3613
14217
99
0
366987
86862
14149
1
1
1
1
1
1
2
2
2
2
2
2
2
2
3
8255
8
25
26
29
32
0
42
1900
0
5
5
5
5
5
6
6
14532
0
5
5
5
5
5
5
5
15444
2405
3095
6478
5582
4
5
40
40
83
97
98
15589
15600
378106
306
30
30
30
30
30
30
31
31
31
31
31
31
31
31
31
31
31
31
31
33
33
33
33
34
35
35
35
282819
4352
1434
2
2
2
2
2
2
2
2
2
3
3
6
15852
23
27
28
30
33
33
33
33
33
34
34
378532
0
378624
9062
5136
10470
16396
2971
2
6
6
6
6
6
6
24
43
108
132
288013
86736
9444
12103
9143
2942
14
24
25
27
27
27
27
28
29
29
30
11630
86
86
28802
98
8035
10711
21614
7485
9137
379407
2
2
2
2
2
3
3
17
10908
9588
25
25
26
27
27
28
28
28
28
28
28
29
29
29
29
29
29
30
30
30
30
30
30
31
31
31
32
33
44
9969
1829
21629
2
2
2
2
15
15
10247
24
26
26
6014
82
5377
17267
111
2744
152
17578
2
2
3
3
3
3
3
2
21
25
31
31
31
31
32
10678
14440
13502
304
8581
1
2
2
2
2
2
2
2
2
2
2
2
3
2959
24
25
25
25
25
25
25
26
26
26
27
27
27
27
27
27
27
28
28
28
28
28
30
30
34
17883
285479
2755
0
7229
2
2
2
2
3
3
3
24
25
27
89
90
19503
2752
21629
12482
2
2
2
353
18563
2705
24104
501
28292
2
2
2
2
3
3
3
3
3
3
28
10598
11262
11391
2802
371760
25965
12114
4531
2247
27690
3
3
3
4
25
25
25
26
26
26
26
27
27
27
27
27
27
27
27
28
28
29
30
30
31
31
31
31
31
31
31
32
32
32
2698
82
95
441
93523
2
2
2
2
2
2
2
2
2
2
2
2
2
2
2
3
3
3
3
3
24
25461
2695
23827
2458
12427
6507
2
2
2
2
2
2
2
2
2
2
2
2
3
27724
13866
7
21
22
24
25
25
26
27
28
28
28
28
28
28
29
29
29
29
29
29
30
30
30
30
30
30
30
30
30
30
31
33
36
39
2700
89
93
22221
448
29522
11726
12411
20053
943
3
3
3
3
3
3
3
3
3
3
3
3
3
3
3
3
3
3
3
3
3
3
3
3
3
3
3
3
3
3
4
4
14195
20
22
22
23
23
23
24
24
24
24
26
26
27
27
27
27
31
2660
65
67
69
13285
88
90
1832
586
20656
2
2
2
2
2
2
2
2
2
2
2
2
2
2
2
2
2
3
3
3
3
3
3
3
3
3
3
3
3
3
3
4
2637
681
22
23
23
23
24
24
24
24
26
27
27
28
28
28
28
28
29
29
30
34
34
35
372018
36
38
39
40
41
42
43
43
43
43
47
49
49
381
52
52
52
53
54
12276
71
30106
77
3367
88
93
449
23913
30187
2594
13192
2
2
2
2
2
2
2
2
2
2
2
2
2
2
2
2
2
2
2
2
2
2
2
2
3
3
3
3
3
3
3
3
13220
21
2
74
75
78
16
16
17
17
19
85
85
22
18
89
39
103
39
119
2577
2
2
2
2
3
3
3
3
3
3
3
3
3
3
3
3
3
3
3
3
3
3
3
3
3
3
3
3
3
3
3
3
3
348
354
21146
18
18
17
17
18
18
18
18
21
31
10985
94042
55
13363
198
10111
2528
13453
268
13138
950
14515
2
2
2
2
2
2
2
2
2
2
2
2
2
2
2
2
2
2
2
2
2
2
2
2
2
2
3
3
3
3
3
3
3
6
16
17
17
18
18
18
18
18
19
16
16
19
16
19
17
19
19
19
19
21799
37
41
36
162
30873
197
2522
21741
2
2
2
2
2
2
2
2
2
2
2
2
2
2
2
2
2
2
2
2
2
2
2
2
2
2
2
3
3
3
3
4
28750
22086
13
14
15
15
15
16
16
16
16
17
92
20
107
107
113
472
2531
3575
15497
14191
2
2
2
2
2
2
2
2
2
2
2
2
2
2
2
2
2
2
2
2
2
2
2
2
2
2
2
2
2
2
2
3
14
14
15
15
15
15
15
16
17
17
17
17
17
17
17
17
75
22765
83
84
87
88
91
443
53
120
14481
1
1
1
1
2
2
12
12
12
2
13
14
14
14
14
15
15
15
15
15
16
15
16
16
16
16
16
16
16
16
12
15
12
16
16
17
13
16
17
17
18
15
15
15
15
16
17
73
78
89
89
96
97
43
101
103
103
107
492
2222
278
1
1
2
2
2
2
2
3
2
13
13
13
14
12
12
13
15
13
13
13
13
15
13
13
15
16
16
16
15
15
15
15
15
15
15
15
16
16
17
17
32393
18
18
18
39
79
82
22196
87
94
97
100
26
101
103
22
120
179
4876
19424
1
1
1
1
1
2
641
1
1
1
1
1
1
2
2
2
2
1
1
2
1
2
2
2
12
14
12
12
13
13
13
13
13
13
13
14
14
15
15
2
2
2
2
2
5
5
5
74
2
2
2
80
83
15
27
112
147
165
193
213
252
5884
7214
15181
2
2
6
15206
1
1
2
2
2
2
3
2
2
2
2
1
2
3
2
1
1
13
13
13
14
14
14
14
14
15
15
15
15
15
16
16
16
12
16
16
17
17
18
385
79
84
16917
90
93
93
94
97
97
16
13634
53
16293
10414
16355
27673
43229
6595
2
2
3
5
6
6
16844
1
2
2
2
12
12
12
12
12
12
12
12
12
12
13
13
13
13
14
14
14
14
14
14
14
15
15
15
15
15
15
15
15
15
15
16
16
16
16
16
16
16
16
16
16
16
17
17
77
79
81
82
86
88
90
90
95
96
97
4718
53
120
459
136
152
154
2
2
2
6
9
6610
1
1
1
1
2
2
1
26748
2
2
3
3
3
3
3
3
3
3
3
3
3
4
24368
35
71
32
75
76
78
7669
80
82
27802
83
6
87
88
91
752
143
139
139
498
13708
243
240
278
267
271
272
24404
300
301
305
309
1
2
2
6
1
3
3
3
2
3
3
3
3
2
2
3
2
3
2
2
3
3
3
14
328
19
332
13
360
353
355
29
82
83
396
741
86
30778
403
21568
18601
99
127
474
173
173
190
1231
258
14794
272
0
292
4620
2
2
2
5
1
1
1
1
1
1
1
336
1
1
1
1
1
1
1
1
2
1
3
1
1
1
1
1
1
2
2
3
2
2
2
2
2
2
18
339
23
352
369
6
29
394
59
414
87
87
433
125
134
134
136
130
160
21629
514
534
605
29692
2
2
3
3
1
6
1
2
2
2
2
2
2
2
3
3
3
3
3
3
1
1
1
1
1
1
1
4
2
2
2
2
2
2
2
2
2
5
20
15213
26
29
30
34
387
55
77
83
88
91
94
99
25437
4351
108
1363
130
1385
166
560
614
639
309
1
1
1
2
663
1
2
6
2
2
2
2
2
2
2
2
3
2
2
3
1
1
1
2
1
1
2
2
3
2
2
2
2
2
3
1
1
1
2
2
2
17
2
2
2
27
687
16
34
33
38
379
6354
84
90
99
107
26863
490
497
35150
182
15377
34879
241
235
2
2
3
6
2
12
668
2
2
2
2
2
2
2
1
2
2
2
2
2
2
3
32
35
44
24
26
25
709
28
77
90
91
97
98
20571
450
108
97
43227
15689
846
5844
582
26018
646
2
2
2
6
6
1
2
2
2
2
2
2
2
2
2
2
2
2
2
2
2
2
2
2
2
2
2
29
30
2270
26
27
30
31
31
35
92
94
98
87
97
388845
114
115
820
508
5514
26374
2
2
3
3
8
11
30
2
2
2
2
2
2
2
2
2
3
3
3
3
3
3
3
3
3
3
3
3
3
3
3
3
3
3
1064
78
32093
98
2409
101
475
32182
172
172
172
172
172
172
173
174
177
177
18658
181
182
184
490
188
188
193
195
203
206
207
212
214
214
215
220
220
19053
1251
17791
1
2
3
6
8
8
10
1
2
2
2
2
2
2
2
2
2
2
2
2
2
2
2
17
2
2
2
2
2
3
3
3
3
3
3
3
4
4
4
4
21
24
32
66
714
81
96
90
124
146
199
3
595
31998
1
1
2
7
10
12
2
2
2
2
2
2
2
2
2
2
2
2
2
2
2
2
2
2
2
2
2
2
2
2
2
2
2
2
2
2
2
2
2
2
3
2
2
17
23
24
36
25
38
3676
401
105
122
155
2856
10792
583
1500
267
284
629
1
2
8
9
2
2
2
1
13
1
15
2325
1
1
2
1582
18
2
1
2
2
20
21
23
28
2
34
34
77
87
107
101
807
18684
1511
1
1
9
10
11
12
1
21
27998
2
1
28
1
2
1
2
2
2
2
1
1
2
2
35
43
1669
88
42982
3
181
186
547
27952
35888
34587
1224
1238
2
2
12
15
16
390709
17
19
23
17516
27
1
1
2
2
2
1282
1
1
2
2
2
34
3
1
33
1081
94
1375
22922
160
1416
1119
178
1472
232
37530
1256
28585
1
1
11
13
17
19
22
319
25
1
1
34
2
1
49
28445
1353
96
106
139
181
29162
1179
391241
184
1509
1531
3
3
11
13
16
17
21
23
25
2
1
2
37
18270
95
791
142
203
20107
8899
1
1
15
15
17
19
19
21
23
25
26
1
2
376
735
74
12982
459
8153
272
612
1
1
3
7
8
10
13
16
19
24
26
9596
26
34
36
3338
1
2
381
84
85
2756
120
170
33551
194
1570
5244
327
382698
44341
3
3
10
12
19153
13
14
1635
25
25
28
29
1
2
2
2
2
2
2
2
2
38
45
64
80
9009
107
157
1525
295
300
310
311
2
2
338
45907
343
18
22
27
27
366
2
2
2
2
2
2
2
2
2
3
3
3
3
3
3
3
3
3
378
386
393
398
398
401
402
405
419
419
421
7688
428
439
439
443
457
468
470
475
150
815
165
171
5402
548
19711
1161
9182
608
1
2
1236
12
15
1
2
17
18
19
1
21
2
2
2
2
2
2
2
2
2
2
2
2
2
2
2
2
2
2
2
23
24
25
26
362
1271
24129
1283
33
1302
1306
92
1353
432057
112
9374
1368
30496
152
154
1397
1398
1448
1479
231
253
6784
1570
304
1556
2
2
2
6
1576
15
16
2
2
2
2
2
2
2
2
2
2
2
2
2
2
2
2
2
2
2
2
2
2
2
2
2
2
2
2
2
20
2
2
21
3
1586
23
1591
16
39
43205
3677
85
73
6742
30844
194
233
5517
30356
1
1
4
9
10
14
17
2
2
2
2
2
2
2
2
2
2
2
2
2
2
2
2
2
2
2
2
2
2
2
2
2
2
3
3
3
3
3
3
3
3
3
3
3
3
3
19
3
6612
353
26
27
14
9938
45720
62
545
34883
641
2
2
2
2
2
2
2
2
2
2
2
2
2
2
2
2
2
2
2
2
2
2
2
2
2
2
2
2
2
2
2
2
2
2
2
2
2
2
2
2
2
2
2
2
2
2
3
3
3
11
3
5
13
19
24
24
25
26
27
27
3663
29
35371
76
81
98
4049
223
1546
2451
22684
1
2
2
2
2
2
2
2
2
2
2
2
2
2
3
3
3
3
3
3
3
3
3
3
3
3
3
3
3
3
3
3
3
3
3
3
3
3
3
3
3
3
3
3
3
3
3
3
3
3
3
3
3
3
4
4
4
13
13
17
17
18
14
26
31
31
32
1009
2615
20860
71
22845
71
7927
2667
160
169
2724
545
2784
2809
2863
1968
2
2
2
3
3
3
3
3
3
3
3
3
3
3
3
3
3
3
3
3
3
3
3
3
3
3
3
3
3
3
3
3
3
3
3
3
3
3
3
3
4
4
4
4
4
4
4
4
4
4
4
4
4
4
4
4
4
4
4
4
4
4
4
4
4
4
4
4
15
17
18
19
19
21
21
22
23
24
35
2922
60
10951
33392
18
101
114
3014
32396
32401
135
37436
4701
0
3083
506842
263
4813
3245
645
2
2
2
2
2
2
2
2
2
2
2
2
2
2
2
2
2
2
2
2
2
3
3
3
3
3
3
3
3
3
3
3
3
3
3
3
3
3
3
3
3
3
3
3
3
3
3
3
3
3
3
3
3
3
3
3
3
3
3
3
3
3
3
3
3
3
3
4
4
4
4
4
4
4
4
4
4877
8
11
15
16
16
16
18
679
20
22
23
10917
3243
4936
105
11017
3448
283
3
3
3
3
3
3
3
3
3
3
3
3
3
3
3
3
3
3
3
3
3
3
3
3
3
3
3
3
3
3
3
3
3
3
3
3
3
3
3
3
3
3
3
3
3
4
4
4
4
4
4
4
4
4
4
4
4
4
4
5
10
11
13
15
16
20
22
24
25
27
8850
361
36
40
46
95
113
3657
28875
5389
6113
540
3807
282
9117
299
629
3
3
3
3
3
3
4
4
4
4
4
4
4
4
4
4
4
4
4
4
4
4
4
4
4
4
4
4
4
4
4
4
4
4
4
4
4
4
4
4
4
4
4
4
4
4
4
4
4
4
4
4
4
4
4
4
4
4
4
4
4
4
4
4
4
4
4
4
4
4
4
4
4
4
4
4
5
5
5
5
5
5
5
5
5
5
5
5
5
5
5
5
5
5
5
5
6
7
8
14
18
348
19
353
353
3899
34
365
38
33071
71
402
74
3
3949
410
418
90
427
430
430
436
438
441
33369
450
455
457
464
21580
469
469
0
474
475
11703
484
12050
507
514
514
531
5845
395896
2917
955
3
3
3
3
3
3
3
3
3
3
3
3
3
3
3
3
3
3
3
3
3
3
3
3
3
3
3
3
3
3
3
3
3
3
3
3
3
3
3
3
3
3
3
3
4
4
4
4
4
4
4
4
4
4
4
4
4
4
4
4
4
4
4
4
4
4
4
4
4
4
4
4
4
4
4
4
4
4
4
4
4
4
4
4
4
4
4
4
4207
4
4
4
4
4
4
4
4
6
8
12
12
5887
1347
2928
60
3
3
83
87
4300
100
2994
24977
579
6858
2572
272
29647
277
26687
623
3
3
3
3
3
3
3
3
3
3
3
3
3
3
3
3
3
3
3
3
3
3
3
3
3
3
3
3
3
3
3
3
3
3
3
3
3
3
3
3
3
3
3
3
3
3
3
3
3
3
3
3
3
3
3
3
3
3
3
3
3
4
4
4
4
4
4
4
4
4
4
4
4
4
4
4
4
4
4
4
4
4
4
4
4
4
4
4
4
4
4
4
4
4
4
4
5
5
5
5
19
19
35
25135
4589
726
73
73
83
98
12312
3326
160
25244
25606
201
6417
10094
12499
2
3
3
3
3
3
3
3
3
3
3
3
3
3
3
3
3
3
3
3
3
3
3
3
3
3
3
3
3
3
3
3
3
3
3
3
3
3
3
3
3
3
3
3
3
3
3
3
3
3
3
3
3
3
3
3
3
3
3
3
3
3
3
3
3
3
3
3
3
3
3
3
3
3
3
3
3
4
4
4
4
4
4
4
4
4
4
4
4
4
4
4
4
4
4
4
4
4
4
4
4906
27768
2377
10215
81
84
400656
111
453
4987
463
484
172
516
17025
528
532
532
533
551
552
229
563
566
246
577
581
5122
591
594
594
602
606
613
614
3838
616
622
4922
641
3864
8477
646
3
3
3
3
3
3
3
3
3
3
3
3
3
3
3
3
3
3
3
3
3
3
3
3
3
3
3
3
3
3
3
3
3
3
3
3
3
3
3
3
3
3
3
3
3
3
3
3
3
3
3
3
3
3
3
3
3
3
3
3
3
3
3
3
3
3
3
3
3
3
3
4
4
4
4
4
4
4
4
4
4
4
4
4
4
4
4
4
4
4
4
4
4
4
4
5
5
5
6
7
17
351
707
64
77
80
43571
747
25513
5308
448
466
182
524
7827
13125
268
7148
629
4206
3
3
3
3
4
4
4
4
4
4
4
4
4
4
4
4
4
4
4
4
4
4
4
4
4
4
4
4
4
4
4
4
4
4
4
4
4
4
4
4
4
4
4
4
4
4
4
4
4
4
4
4
4
4
4
4
4
4
4
4
4
4
4
4
4
4
4
4
4
4
4
5
5
5
5
5
5
5
5
5
5
5
5
5
5
5
5
5
5
5
5
5
5
5
5
5
5
5
5
5
7
19
355
27
28
30
30
31
4342
69
70
407
79
92
99
103
5649
3078
3440
199
387858
5769
3212
28336
295
3562
3
3
3
25413
3
3
3
3
3
3
3
4
4
4
4
4
4
4
4
4
4
4
4
4
4
4
4
4
4
4
4
4
4
4
4
4
4
4
4
4
4
4
4
4
4
4
4
4
4
4
4
4
4
4
4
4
4
4
4
4
4
4
4
4
5
5
5
5
5
5
5
5
5
5
5
5
5
5
5
5
5
5
5
5
5
5
5
5
6
6
6
6
6
6
6
6
6
6
6
6
7
18
19
9234
27
3633
717
10614
69
74
409
13611
4626
83
83
86
3721
2097
166
13707
509
532
14393
541
4782
1561
13808
27019
3
3
3
3
3
3
3
3
3
4
4
4
4
4
4
4
4
4
4
4
4
4
4
4
4
4
4
4
4
4
4
4
4
4
4
4
4
4
5
5
5
5
5
5
5
5
5
5
5
5
5
5
5
5
5
5
5
5
5
5
5
5
5
5
5
5
5
5
5
5
5
5
5
5
5
5
5
5
5
5
5
5
5
5
5
5
5
5
5
5
5
6
6
6
6
6
6
6
6
6
6
27
30
33
58
76
82
8010
1821
107
5728
1439
27510
3384
7985
14006
205422
187
8039
5106
0
3550
291
26377
308
2268
3
3
3
3
3
3
3
3
3
3
3
3
3
3
3
3
3
3
3
4
4
4
4
4
4
4
4
4
4
4
4
4
4
4
4
4
4
4
4
4
4
4
4
4
4
4
4
4
4
4
4
4
4
4
4
5
5
5
5
5
5
5
5
5
5
5
5
5
5
5
5
5
5
5
5
5
5
5
5
5
5
5
5
5
6
6
6
6
6
6
6
7
7
7
7
7
7
7
7
7
7
35647
4557
345
20
352
23
66
78
1070
5283
5283
3692
1090
2428
8292
146
176
177
208
27615
2524
8424
613
4840
2275
312
4559
3
3
3
3
3
3
3
3
3
3
3
3
3
3
3
4
4
4
4
4
4
4
4
4
4
4
4
4
4
4
4
4
4
4
4
4
4
4
4
4
4
4
4
4
4
4
4
4
4
4
5
5
5
5
5
5
5
5
5
5
5
5
5
5
5
5
5
5
5
5
5
5
5
5
5
5
5
5
5
5
5
5
5
5
5
5
5
5
6
6
6
6
6
6
6
6
6
6
6
7
20
20
21
37223
31
2660
399
76
82
82
83
2728
8616
123
126
460
8639
183419
4074
166
47871
2790
2803
5083
543
14756
5135
2888
274
2
2
2
2
2
2
2
2
2
2
2
3
3
3
3
3
3
3
3
3
3
3
3
3
3
3
3
3
3
3
3
3
3
3
3
3
3
3
3
3
3
3
3
3
4
5
27
31
65
75
3042
10631
101
5982
108
12583
133
142
518
6128
303524
562
588
1595
12746
183902
10835
296
10
11
15
19
21
25
344
7529
27
34
62
64
385
6632
77
103
764
788
34472
196
589
3498
2
7
35652
15
17
18
21
29
5899
43
27
3631
67
6593
73
77
80
89
3665
6627
111
3742
192
3802
530
1545
211
3868
8
11
12
12
17
11217
29
31
37
54
81
1061
85
1112
4068
12014
12014
493
169
536
221
13418
1259
601
49583
11848
297
11
17
20
22
22
24
25
26
2
671
21
25
57
62
58
30125
70
4397
108
145
120
12006
12006
12006
12006
12006
12006
12006
12006
12006
2790
172
154
160
4488
595
7189
11
12
13
14
15
15
15
17
18
20
33
34
36
699
50
33
60
61
364
70
4696
107
8030
114
789
130404
12006
130
136
177
159
10742
3165
189
14082
7450
259
313
32678
10
12
13
14
14
14
322
16
18
18
18
21
2
23
24
37
18
21
70
9
20
98
86
12001
7681
5099
401104
175
535
389802
48113
14757
28377
5
10
13
15
16
16
18
18
18
20
22
5
25
27
46
68
6345
64
84
30477
12017
12017
167
5430
228
8148
8101
8457
29005
3585
14
15
15
15
16
16
18
18
19
20
24
2
29
86425
39
39
14557
401648
56
7928
401742
5761
184
3532
39187
3905
2
2
2
6
7
11
13
16
16
678
18
20
21
22
23
25
25
27
35
1368
29114
15281
402101
189
13685
11736
186831
6214
4253
621
2
8840
4
6
6
8
9
10
10
13
14
15
15
15
18
21
24
33
34
4643
42
45
29
6323
102
127
108
142
4433
1192
6201
40152
2
5
6
7
7
9
11
12
13
14
17
17
18
19
20
21
24
42
7370
124
124
32149
4768
6765
4811
6792
4825
268
8870
4
7
7
8
9
11
12
12
12
15
16
16
19
30
31
39
46
5036
15966
15967
5153
5497
6818
7153
6860
6878
2714
3
3
13
7251
14
14
15
16
17
17
22
22
22
23
23
24
25
26
28
29
30
30
35
38
8259
7001
31456
7346
159
189
229
30928
239
7495
17063
654
10
13
14
15
16
18
18
18
19
20
21
22
23
26
33
13541
39
25
5977
30
8629
103
7699
6068
6118
7778
9829
6925
5916
7897
4
7
7906
8
8
9
13
14
15
18
18
19
20
23
24
24
26
28
35
39
107
6036
8076
7784
17366
7200
621
3253
10
14
15
15
16
18
19
19
20
20
13182
21
23
25
25
25
27
27
28
28
29
10
36
20
22
32
10319
8325
9345
1806
17966
217
2922
10790
33644
10
12
13
14
15
19
20
21
21
22
23
23
24
24
25
25
27
28
30
31
38
44
42248
13575
96
2996
10671
37461
1450
8439
7178
36241
913
18352
5
6
9
9
9
11
40273
13
15
15
17
17
18
18
18
19
20
21
21
22
38
43
7033
11686
7382
8060
1753
9070
7215
2
5
6
10
10
10
11
11
13
13
15
15
18
21
25
665
28
32
36
7281
47
47
4270
9279
7366
7442
804
18011
10445
6525
2580
10170
12126
2227
2
5
10
10
11
13
13
13
14
14
14
16
16
18
651
20
20
21
22
23
25
30
42935
36
7608
56
8990
106
2410
43372
7172
1151
12085
4834
11851
9216
7905
5
7
10
12
15
16
18
18
18
19
19
20
21
23
23
24
29
31
32
9585
39
708
52
60
4944
734
2651
7988
4977
2668
111
4996
10655
2711
9084
2765
2769
1458
19365
11122
269
4839
4848
5179
4877
3
3
4
4
7
8
8
9
11
12
15
16
16
18
20
20
24
26
3
28
31
34
37
16
8271
24
27
8281
10275
4963
5295
74
103
112
8045
3020
5343
5014
8042
5366
10040
5377
5393
193
228
5444
226
5491
5502
8529
8538
5521
5523
5524
4280
3214
5204
5535
11180
6
8
10
10
5549
11
12
5550
13
14
15
16
16
17
5226
19
20
22
22
22
5560
24
24
26
31
32
5242
5576
46
5619
5623
5623
3331
5645
5648
5673
5694
5717
5718
5722
9736
5727
8751
197
20254
205
5744
5753
5753
11741
5771
5776
5779
5783
5787
5792
5795
5797
588
5490
5832
5173
5844
5859
5860
5863
5868
5870
5870
4
4
5875
8
5876
9
9
10
5547
10
11
11
11
12
12
13
14
17
5887
20
21
22
25
25
27
27
5900
5570
36
37
5577
43
5925
5930
5930
5954
5956
5960
70
5963
5967
5977
5978
5979
5984
5992
2393
5712
5721
5732
5732
5405
11730
5767
5771
5777
3826
5810
11142
5833
5867
9
10
11
12
12
12
13
14
14
14
15
16
17
17
18
19
19
21
22
24
25
26
1678
33
40
5911
5922
62
69
9
11
11
11
12
1023
11340
2705
9374
6043
185
470
1144
11787
5765
5785
178
2857
13191
5
6
11
12
12
13
13
14
14
14
17
17
18
18
19
19
20
20
2907
20
21
21
22
22
23
24
27
36
39
5902
45
5942
7
9672
5991
3026
181
2102
3478
553
3121
9463
4529
3
6
7
7
12
13
13
13
14
14
14
15
16
17
18
18
19
19
20
21
23
23
29
34
35
36
39
2282
9609
62
61
6
9974
1766
1751
176
12388
10145
2918
1211
10211
5
6
7
8
11
11
11
13
13
13
13
13
15
15
15
16
17
17
18
19
20
21
23
24
25
25
33
35
36
44
1303
65
2651
4044
38113
154
159
1126
9468
397302
1227
325
4
7
8
9
9
10
12
13
13
14
15
15
16
17
18
19
19
21
22
22
22
22
25
10581
5344
10722
2412
196
10758
3124
2492
2499
2190
2
2
12520
6
7
8
12
12
12
13
13
13
15
16
18
21
4233
28
360
30
36
37
37
40
51
46260
10624
1700
3385
2425
11443
813
13115
12104
3545
1822
3472
2813
2493
1848
4869
2171
645
2881
892
3551
2
14
14
15
16
16
17
18
18
18
20
20
20
21
21
21
21
22
24
2588
28
28
1933
32
33
35
38
39
2615
36
14213
1377
2007
16634
2472
521
14502
568
581
584
7
13
14
15
15
15
16
17
17
17
18
18
18
19
20
20
21
22
22
23
23
24
608
25
25
26
26
616
618
34
628
628
635
37351
646
657
660
673
89
37387
695
2667
11314
37408
4092
11682
37426
37435
37438
37441
3372
398540
37451
749
37465
1501
37477
777
37486
37511
2134
37524
820
37533
3467
2804
37538
37550
37551
37555
37556
37558
37560
37561
37561
37561
37563
37564
37574
37574
37574
37575
37576
37576
37576
37581
37581
37581
37582
37582
37585
37585
37586
37589
37266
37600
37601
37610
37610
37612
37612
37613
37614
3296
37619
37621
3
3
37625
6
37626
7
37628
9
9
11
11
12
12
12
12
13
13
14
14
37634
15
16
16
17
17
17
17
17
37637
18
20
20
20
21
21
37641
23
23
37644
25
26
28
37649
30
947
2269
37658
37660
37661
47
677
37400
37419
37430
37431
37458
168
37472
37476
12048
37484
37485
37491
37492
8125
37498
37502
37508
37509
37512
37514
37515
37516
37518
37521
37521
37852
37522
37524
37528
37529
37530
37530
37532
37535
37536
37538
37539
37539
37543
2819
37545
47464
3161
37566
37575
37579
37581
37581
37584
37585
37588
37593
37594
37594
37601
898
3202
37611
37611
37618
37625
37627
8
8
37629
11
11
11
11
12
12
13
13
13
14
15
15
15
15
16
16
16
16
17
17
37637
18
18
18
19
19
19
19
19
20
37640
21
22
23
37644
24
37644
25
25
31
34
37
37665
1695
37667
37677
2298
37366
989
2666
2678
1045
17224
37439
37445
37448
37448
37450
167
37459
37461
37468
37470
37471
37472
37472
37477
37477
37481
37483
37483
37488
37494
3099
5733
1451
37524
37528
37530
37536
1161
37541
37541
252
37885
37557
37887
37557
3485
37561
1186
37566
37573
37575
2178
37579
37582
37583
37584
37587
37588
37260
37591
37591
37593
5837
37606
37614
37614
37615
37617
37618
37623
3
37625
37626
7
7
37628
37628
9
9
37629
10
11
11
12
13
37633
13
13
13
13
15
37636
16
16
16
16
17
17
17
37637
19
19
37639
19
19
20
22
22
37642
23
23
23
24
25
31
32
33
33
34
12576
39
37670
37672
37672
37674
5982
69
1335
37394
37732
37732
18842
4338
37454
37458
37459
37460
3066
181
37471
37477
37490
37511
37513
3798
37556
37561
1850
4486
37570
1523
7468
37575
37575
37577
37578
37579
37580
37581
37585
37592
37593
37593
37594
37595
37597
37602
37604
37605
37605
37608
37615
37616
37616
37618
3221
37620
3
3
37623
7
7
7
7
37631
12
12
12
12
12
13
13
14
14
14
14
15
15
16
17
18
19
20
20
20
22
22
22
23
24
28
29
29
29
29
30
31
31
37653
37656
37656
37656
39
37659
39
40
3594
37661
37663
37664
37667
37667
57
12910
37693
37693
37698
37735
37736
37747
1763
37756
37756
37761
37761
37761
3366
37764
3371
37439
37439
37456
157
37464
37465
37466
37407
37486
37489
37489
37420
37435
37436
37436
37449
37451
37460
37460
37535
37537
37471
3814
37479
37556
37886
37556
37888
37562
37562
37566
37567
37571
37572
37572
37578
37506
37507
37512
37513
14135
48732
37589
37589
37590
37520
37594
37595
37596
293
37598
37525
37525
37601
37601
37602
37604
37604
37607
37607
37609
37536
37610
37610
37610
37614
37615
37620
5
37553
6
7
9
10
37557
12
12
37632
12
12
13
14
14
37634
14
15
15
16
37563
16
17
37637
17
17
37565
18
19
20
21
21
21
21
37642
22
24
24
37571
26
356
27
37574
28
28
29
31
13891
32
33
33
37583
37583
36
37583
38
38
37585
37586
37587
40
37587
37661
42
37593
7891
37595
37598
54
37605
37606
37606
37609
37612
37612
37686
37686
37614
70
37620
37622
37625
37700
37631
37715
37720
37726
37654
37729
37729
37733
37733
37734
37737
37409
37410
37741
37742
48888
37673
37749
37678
37423
14324
37426
37688
37689
37450
156
37793
37795
37470
37474
37475
37479
37480
37485
37492
37492
48975
37503
37504
37504
37449
6770
37479
37554
37558
37562
37569
37582
37584
37516
37589
37589
37591
37591
37591
37591
37595
37597
37597
37598
37598
37598
37598
37599
37603
37605
37606
37609
37611
37611
37612
37543
37614
37616
37616
37618
37619
3
3
3
37624
5
5
5
6
7
8
8
9
10
11
11
11
11
12
12
37632
13
13
13
13
13
14
14
37635
15
15
16
16
17
17
37638
18
19
19
20
20
22
23
23
37643
25
25
14524
25
26
26
27
37650
31
31
32
32
33
34
35
36
41
43
49
50
79
37716
11
11
12
12
12
12
12
12
13
16
37724
37726
37732
37732
37733
37733
37739
37741
2686
37414
48966
4342
37693
159070
37449
75
158
37459
37462
37474
14706
37478
37482
37482
37497
37499
37499
37501
7059
4103
37516
37517
37519
3782
37519
37521
37538
37552
37552
37553
8442
37570
37574
37582
37597
37600
37603
37610
37610
37613
37613
37614
37614
37614
37615
37617
37618
37618
37619
37619
37619
37620
37620
37622
37622
37623
37623
8
9
9
10
11
11
11
12
12
12
12
13
13
14
15
15
15
15
16
16
37632
16
17
17
37633
17
17
18
18
18
37634
18
19
19
19
19
19
20
20
20
20
37636
21
21
22
23
23
23
23
23
23
23
24
25
25
26
37643
37643
28
28
28
28
31
33
8946
370
37669
37672
37673
58
37676
61
37678
37680
37680
37681
37684
14894
37689
37694
10
10
10
11
11
11
11
11
14919
15
38048
37
37417
37455
7363
8754
37545
499
37560
37562
37564
37569
37575
37578
37582
37582
37584
37585
37587
37589
37590
37592
37593
37597
641
37602
37604
37606
37607
37608
37609
37610
37610
37611
37612
37612
37613
25385
6
7
37616
8
8
37616
9
9
37618
10
10
11
11
12
12
37620
12
13
37621
14
14
14
14
15
15
15
15
16
16
16
16
16
16
37624
17
37625
17
17
17
18
18
18
19
19
19
19
20
20
20
20
20
21
21
22
22
37630
23
23
24
24
24
25
26
26
28
29
37638
594
2331
34
39
40
41
42
15203
37686
37687
37690
37691
412217
37697
37723
37728
13639
5642
16268
14292
37751
37754
37760
5016
6006
37458
37459
37486
37491
37492
37511
37512
37514
37515
37519
37534
37554
37560
37603
2
3
3
5
5
6
7
7
8
8
10
10
10
7835
11
11
11
11
12
12
12
12
12
13
13
13
14
14
14
14
14
14
15
16
16
17
17
17
18
18
18
21
21
23
23
23
24
24
24
24
25
25
25
26
26
27
27
28
30
30
31
14520
32
35
36
36
40
41
45
67
37682
37685
14915
37690
10
4043
10
10
11
12
12
13
13
16
19
20
57
17601
37502
229
37548
37551
37563
37564
37585
37586
37594
37597
37597
37597
37601
4
4
5
7
9
9
10
11
13
13
13
13
14
14
14
15
16
16
16
16
16
16
16
17
17
17
18
18
18
19
19
19
20
20
21
21
21
21
21
22
22
22
22
23
23
23
24
24
24
37628
25
26
27
27
27
29
29
29
30
37633
31
37636
33
34
37637
37640
37640
37640
37641
38
38
39
1334
37643
37644
42
52
37658
37663
64
37667
37667
37669
37670
37670
37670
37670
67
37671
37672
37672
37674
37674
37678
37678
7
37683
37684
11
11
12
37687
37691
37694
37694
37694
37695
50236
37697
37701
37707
37709
4968
2088
37742
14958
204
37527
6757
37568
37570
37578
37580
37582
8461
8461
37585
37587
37587
4
37591
6
7
3932
8
9
10
10
11
12
12
13
13
14
14
14
15
15
15
15
16
16
16
16
16
16
16
16
16
16
17
17
18
18
18
18
18
18
19
19
19
19
19
20
20
20
20
21
21
22
22
22
23
24
24
25
25
26
27
28
15154
30
31
32
37618
37619
34
37
40
44
37632
48
53
64
12
12
171
6665
37443
188
37446
537
7045
549
37516
10068
37536
37539
37541
37543
37546
37552
37570
37570
37571
37571
37571
37573
3
3
7
7
8
8
8
9
10
11
11
11
11
12
12
13
13
13
14
14
14
14
15
15
15
16
16
16
16
16
6165
17
17
17
18
19
19
19
19
20
20
20
21
21
22
22
22
22
23
23
23
23
24
24
24
25
25
25
26
27
27
28
29
29
30
30
32
32
34
37609
35
35
37610
36
38
37612
40
72
37690
37692
37694
37695
37706
18566
150
34089
8942
37737
37738
37739
37741
37743
37745
37752
9013
6743
37518
278
305
10417
4
4
4
4
8
8
8
8
8
9
10
11
11
11
11
13
13
13
14
14
14
14
15
15
15
15
15
16
16
16
16
17
17
17
17
17
17
17
17
17
18
18
19
19
37570
19
20
20
20
20
20
20
21
21
21
21
22
22
23
23
23
23
24
24
25
25
25
28
30
37582
32
35
37587
37588
39
41
42
42
37594
37595
45
48
37599
37599
37599
37601
16459
65
37618
37628
37639
37640
37645
37646
37648
37653
9198
37663
37669
168
7673
6370
5780
16364
37514
37522
4
7
8
9
9
10
12
13
13
13
13
13
13
13
14
14
14
14
15
16
16
16
16
17
18
18
18
19
19
19
37547
19
19
20
20
20
20
21
21
21
22
22
23
23
23
23
24
24
24
25
25
26
26
26
26
26
26
28
28
29
29
30
30
30
31
31
31
31
31
32
32
32
33
33
35
36
37
37598
37598
37599
37599
37608
37610
37611
6516
37616
37618
37618
7516
15171
7595
185
247
7361
37485
4
4
7
7
8
8
8
9
9
10
10
11
11
11
11
12
12
12
12
12
13
13
13
14
14
14
15
15
15
15
16
16
16
16
16
17
17
17
17
17
18
18
18
19
20
20
20
21
21
21
21
22
22
22
23
23
23
24
24
24
24
25
25
26
26
27
27
27
28
28
32
33
33
35
37
40
40
27888
45
37549
7204
415
144
9630
17285
10383
37463
4
5
7
8
9
9
9
9
37488
12
12
12
12
12
12
37490
13
13
15
15
15
15
16
16
16
17
17
17
17
17
18
18
18
18
18
18
18
18
18
19
19
19
19
20
20
20
20
21
21
21
21
21
21
22
22
22
23
23
24
24
24
25
25
25
26
27
27
28
29
30
30
30
31
31
31
31
32
37510
33
39
40
42
46
53
37543
37567
97
97
37581
37581
37585
131
132
1358
167
37652
7561
19819
11543
17887
4
5
7
9
9
10
11
11
11
11
11
11
12
12
11645
12
13
13
13
13
13
13
14
15
15
16
16
17
17
17
17
19
19
20
20
20
20
20
21
21
21
22
22
22
22
23
23
23
23
24
24
24
24
24
24
25
25
25
25
25
27
28
28
28
28
29
30
30
31
31
32
32
32
33
35
37
37
37
41
42
48
53
53
54
37526
7769
108
9839
8784
128
15745
181
8217
3608
8910
8252
9595
16933
4
3
4
5
6
7
7
6
7
7
7
8
10
10
9
9
10
10
12
13
13
13
13
13
14
15
15
15
16
16
16
17
16
16
16
17
18
18
18
19
19
19
19
20
20
20
20
21
22
22
22
22
22
22
23
23
23
24
23
24
24
25
26
25
11962
26
29
31
31
31
32
32
32
34
36
8014
40
41
43
46
16295
37479
10668
7744
121
8431
145
7797
152
37576
37580
37581
37584
37586
164
9127
37588
37590
37593
37597
37597
8153
37607
37609
37611
37612
37612
37615
37615
37617
200
199
37623
203
209
218
37655
37657
37658
37664
37667
37667
37669
37672
5321
37676
37677
9
9
11
11
12
12
13
13
13
13
13
14
14
14
15
15
15
15
15
16
16
16
17
17
17
17
17
18
18
18
19
19
19
20
20
20
20
20
21
21
21
21
22
22
23
23
23
23
23
23
24
24
24
25
26
26
26
30
33
35
35
35
36
37
336
39
40
40
42
42
37437
37437
37490
98
17351
123
126
134
37527
37530
37531
37536
145
37540
16023
37542
161
37561
172
12409
37571
180
8459
185
37580
8788
37582
37584
198
14821
201
37593
9138
37598
211
37605
213
37617
37618
37618
233
242
244
260
8547
4248
274
17527
284
3
3
6
6
8
9
18203
9
9
11
12
12
12
13
13
14
14
14
14
14
15
15
15
15
15
15
16
16
16
16
17
17
17
17
17
17
17
17
17
18
18
18
18
18
18
18
18
18
19
19
19
19
20
20
21
21
21
21
21
21
22
22
22
22
22
22
22
23
24
24
24
24
24
25
25
26
26
26
27
28
28
31
35
38
40
41
331
37405
8628
354
17605
362
37464
9674
11092
18014
181
197
11400
208
224
239
37593
9830
9
10
10
293
11
11
11
11
11
11
11
12
12
12
12
13
14
37648
37648
14
15
16
15
15
15
15
16
16
16
16
18
17
17
17
17
18
18
18
18
18
19
19
19
19
19
19
19
19
20
21
20
21
20
21
21
21
21
21
21
21
21
21
22
22
22
22
22
22
24
37657
23
23
24
37658
24
24
25
25
37659
25
25
26
27
27
27
29
28
29
30
29
29
30
31
33
37
39
40
40
50
333
336
18558
9271
9957
139
53615
37508
37510
37512
37516
9072
231
37547
37551
37562
37571
37586
37586
3
4
4
4
37590
17764
8
8
8
8
8
9
10
10
10
11
11
12
12
12
37597
13
13
13
13
14
14
14
14
14
15
15
15
16
16
16
16
16
17
17
17
17
17
17
17
17
17
37602
18
37602
19
19
19
20
20
20
20
20
20
20
20
21
21
21
21
21
22
22
23
23
24
25
25
25
25
25
25
26
26
26
26
26
26
26
27
28
28
29
29
29
29
30
31
31
32
34
34
37
38
39
40
41
41
45
45
10250
37724
37724
9955
37448
37452
9988
37477
37479
13334
4
4
4
4
4
6
8
8
8
8
8
8
9
9
9
9
9
9
8168
9
9
10
10
10
11
11
11
12
12
12
13
13
13
13
13
14
14
14
14
14
14
14
14
15
15
15
16
16
16
16
16
16
16
17
17
17
17
18
18
18
18
18
18
18
19
19
19
19
19
20
20
20
20
20
20
21
22
22
22
23
23
23
23
24
24
24
27
37556
33
33
37562
36
37
38
39
37568
40
37574
37575
47
37582
37589
37590
37591
37591
37595
37596
37600
37601
37623
37625
37625
37629
37631
382
407135
9526
17827
188
194
4
7
9
9
10
11
12
12
13
13
13
14
14
14
15
15
16
16
16
16
16
17
17
17
17
17
17
18
18
18
18
18
18
19
19
19
19
19
19
19
20
20
20
20
20
20
20
20
20
20
21
21
21
21
21
21
21
21
21
21
22
22
22
22
22
22
22
22
23
23
23
24
24
24
24
24
25
25
26
27
27
27
28
28
30
30
30
31
31
32
33
34
36
39
322
31583
10057
334
365
37572
37574
37579
37579
37580
37582
37583
37583
37583
37586
37587
37588
37588
37590
37594
37603
10133
37607
17751
37637
37637
37637
37640
37641
37644
37646
9192
54735
37654
456076
221
37740
37740
37748
37748
4
7
37753
8
10
11
12
12
13
13
13
14
14
14
15
15
15
15
15
16
16
16
16
16
16
16
17
17
17
17
17
18
18
18
18
18
19
19
19
19
19
19
19
19
20
20
20
20
20
20
21
21
21
21
21
22
22
22
22
405872
22
23
23
23
23
23
23
23
24
25
25
25
25
25
25
26
26
26
26
27
28
28
28
30
30
31
31
37447
32
37447
35
9323
35
37
38
39
39
40
40
41
201925
45
37464
3253
80
83
10037
37505
37518
394
11089
37592
37593
37593
37596
37598
37604
37607
37609
20099
474
37631
37634
37637
37638
37638
37650
37669
4
4
4
7
7
8
8
11
11
12
12
12
12
12
12
12
13
13
13
13
13
13
13
14
14
14
14
14
14
14
15
15
15
15
15
16
16
16
16
16
16
17
17
17
18
18
19
19
19
20
20
20
20
20
20
20
21
21
21
22
22
24
26
26
26
26
26
26
27
27
29
29
31
31
31
32
32
32
34
34
35
35
36
37
37
38
38
582
39
39
39
39
40
40
41
41
37735
37737
37739
18924
6063
37509
16652
37517
37518
24573
37520
37520
37520
37535
37535
37537
37545
37548
37551
37552
37554
37557
206
37561
37562
18345
37565
37572
37579
37589
235
243
19762
37604
37607
37607
9229
37620
37624
37624
4
7
8
9
37629
10
10
11
11
11
12
12
12
13
13
13
14
15
15
15
37635
15
15
16
16
16
16
16
16
16
16
17
17
17
17
18
18
18
18
18
19
19
19
19
19
19
19
20
20
20
21
21
21
21
21
21
22
22
22
22
22
23
23
23
23
23
23
23
24
24
24
24
24
25
25
25
26
26
27
27
27
27
28
30
30
31
31
32
37653
34
34
35
571
37
40
41
37661
42
316
37672
318
10863
18469
37718
111
37734
37737
37745
37754
37766
156
37804
37823
37825
213
19665
219
4
4
4
5
7
8
8
8
8
9
9
9
10
10
10
10
10
11
5568
11
12
12
12
12
13
13
13
13
14
14
14
14
15
15
15
15
15
16
16
16
16
16
16
17
17
17
17
17
17
18
18
18
18
19
19
19
19
19
19
20
20
20
20
20
20
20
21
21
21
21
21
21
21
21
21
21
22
23
23
23
23
292
27
28
29
30
32
32
32
33
33
33
33
34
35
38
38
38
39
44
880
96
104
121
418232
64841
4
4
4
4
7
7
7
8
9
9
9
9
9
10
10
11
11
11
11
12
12
12
12
12
13
13
13
13
13
13
13
13
13
13
13
13
14
14
14
14
14
14
14
14
15
15
15
15
15
15
16
16
16
16
16
16
17
17
17
17
18
18
18
18
18
20
20
20
20
20
20
21
21
21
21
22
22
22
22
23
24
26
26
20992
27
27
29
30
31
32
34
35
35
35
40
42
49
37542
37544
115261
37551
68
37562
55990
407012
37600
37600
37601
37603
37603
37605
37605
37606
37608
37610
37617
37630
1748
55788
37641
37655
37657
37658
37659
37659
37660
37670
713
11215
203
10
11
11
12
13
13
13
13
14
14
15
15
15
15
15
15
16
16
16
16
16
16
17
17
17
17
17
18
18
18
18
19
19
19
19
19
19
19
19
19
20
20
20
20
20
20
20
20
20
20
21
21
21
21
21
22
22
22
22
22
22
22
23
23
23
23
23
23
23
24
24
24
25
26
26
26
26
26
27
27
27
27
27
27
27
28
30
31
31
32
32
32
33
34
37
303
39
39
44
9402
5501
1121
350
37543
457603
37554
37586
37587
37587
37587
37589
37590
37590
37594
37595
37595
37597
37603
37604
37610
15427
37621
37621
37621
37622
37626
37626
37629
37629
37630
37631
37645
37646
3
4
6
6
6
8
7
10
9
9
10
10
10
10
10
10
10
11
11
11
11
12
12
13
12
13
13
13
13
13
14
15
14
14
14
14
14
14
14
14
14
15
15
15
15
15
15
15
15
15
15
15
15
16
16
16
17
17
17
18
18
18
18
18
18
19
20
19
19
19
19
19
20
20
20
22
22
22
23
6
24
24
25
25
25
25
25
25
26
27
28
27
31
31
35
36
37
37
37
42
70
12329
8792
12009
954
37548
10816
37578
37578
12423
37586
37586
37587
37587
37588
37588
37589
37594
37603
4
5
5
7
8
9
9
11
12
13
13
13
14
15
15
15
15
15
16
16
16
16
16
17
17
17
17
18
18
19
19
20
20
20
20
20
20
20
20
21
21
21
21
21
22
22
22
22
22
22
23
23
23
24
24
24
24
25
25
25
25
26
26
26
26
26
27
27
27
27
27
28
28
28
28
28
29
29
29
29
29
29
29
30
30
31
32
32
33
35
35
35
36
36
38
38
38
38
40
40
11514
1152
12236
126
37444
37444
22267
21279
11682
4
4
6
7
7
37553
8
9
9
10
10
11
11
12
12
12
13
13
13
13
13
14
14
14
15
15
15
15
15
15
15
15
15
37561
15
16
16
16
17
17
18
18
18
18
18
18
19
19
19
19
19
19
19
19
19
19
20
20
20
21
21
21
21
21
21
21
22
22
22
22
22
22
22
22
23
23
23
23
23
23
37569
24
24
24
24
37570
24
25
25
25
28
28
29
29
30
30
37578
32
37579
33
34
35
1348
42
37589
29341
21404
50
50
55
37619
37622
37626
12814
37648
37649
37650
37654
37654
37656
37657
37658
37659
37662
37682
37684
12524
1188
37456
37460
1027
3
3
3
6
7
9
9
10
10
11
11
11
11
12
12
12
12
13
13
13
13
14
14
14
15
15
15
15
15
15
15
15
15
15
15
15
15
15
16
16
16
16
16
17
17
17
17
18
18
18
18
18
18
18
19
19
19
19
19
19
20
20
20
20
20
20
20
21
37496
21
21
21
21
21
21
21
21
22
22
22
22
23
23
23
23
24
24
25
25
25
26
29
29
29
31
33
35
36
38
40
40
41
13029
1627
37605
37605
141
1451
148
419748
37644
21121
37652
37688
37688
37691
37691
37693
12860
37695
37696
37702
37702
37703
37721
37733
37734
4
5
37739
37739
37740
37742
9
10
10
10
11
11
11
12
12
12
12
13
1312
13
13
13
37747
13
14
14
14
14
15
15
15
15
15
15
16
16
16
16
16
16
16
16
16
16
17
17
17
17
9701
18
18
18
18
18
18
18
18
18
19
19
19
19
20
20
20
20
21
21
21
21
21
22
22
22
22
22
22
22
23
23
23
24
24
24
25
25
26
27
27
27
27
27
29
29
29
29
29
37763
29
29
29
31
31
33
35
1070
36
37
37
44
37787
37816
13025
166
5
5
5
5
6
7
8
8
7
9
9
8
9
10
10
10
10
10
11
11
12
13170
13
12
13
13
14
13
14
13
14
14
15
15
14
14
15
15
16
16
15
16
16
15
17
17
17
18
18
18
18
18
18
18
18
19
21
21
21
21
20
20
20
21
21
22
21
22
22
23
23
24
24
23
24
24
25
24
24
26
25
25
27
27
27
27
27
28
29
32
33
34
34
33
34
37
36
36
38
8576
39
44
5221
156
7494
14063
4
4
4
4
5
4534
6
7
7
8
8
8
10
10
10
11
11
11
12
12
12
13
13
13
13
14
14
14
14
14
14
15
15
15
16
16
16
17
17
18
18
18
18
19
19
19
19
19
19
19
19
19
19
20
20
20
20
21
21
21
21
21
21
21
21
21
22
22
22
22
22
22
22
23
23
23
23
23
24
24
24
24
25
25
25
25
26
27
27
29
29
31
33
35
36
36
36
38
38
39
43
303
1352
13193
0
1454
22893
11062
13307
17307
3
4
4
1294
7
8
8
8
9
9
9
9
9
11
12
12
12
12
12
13
13
13
13
13
13
14
14
16
16
16
16
16
17
17
17
17
17
17
17
17
17
18
18
18
18
18
19
19
19
19
19
19
19
19
20
20
20
20
20
20
20
21
21
21
21
21
22
22
22
23
23
23
23
23
24
24
24
25
25
25
25
26
27
27
27
27
28
28
28
29
30
30
30
31
32
32
32
34
35
36
36
13059
21664
54736
17393
1624
1888
420756
24768
1180
17514
4
7
8
8
9
9
9
10
10
10
11
11
11
11
11
11
12
12
12
12
12
12
12
13
13
13
13
13
13
13
13
13
13
14
14
14
14
14
14
14
15
16
16
16
16
17
17
18
18
18
18
18
19
19
19
20
21
21
21
22
22
22
22
22
22
22
22
22
23
23
23
24
24
25
27
27
28
28
28
29
30
30
31
31
31
32
32
32
32
32
32
33
35
35
37
38
13312
40
44
44
49
1146
14075
153
164
2229
1476
56507
8
10
10
12
12
13
13
13
13
14
14
14
15
15
15
15
16
16
16
17
17
17
17
17
17
17
17
18
18
18
18
19
19
19
19
19
19
19
19
20
20
20
20
20
20
20
21
21
21
21
21
22
22
22
22
22
22
23
23
23
23
24
24
1570
25
25
25
26
26
26
26
27
28
28
28
28
28
29
29
29
29
29
30
30
32
32
32
33
33
33
33
34
35
38
39
40
40
41
42
44
46
58537
166
1488
1231
3621
5
5
5
9
9
9
9
9
9
10
11
11
11
11
12
12
12
12
12
12
12
13
13
13
13
13
14
14
14
14
14
14
14
15
15
15
15
15
15
15
16
16
16
16
16
16
16
16
16
17
17
17
17
18
18
18
18
19
20
20
21
21
21
21
21
21
22
22
22
23
23
24
24
24
24
25
25
26
26
26
26
29
3400
29
29
30
33
33
34
36
38
38
38
38
39
40
40
40
44
46
359
4264
157
14618
1499
4
6
6
8
9
10
11
11
11
11
11
12
13
13
14
13
14
15
14
16
16
17
17
16
18
17
17
18
18
19
19
18
19
20
20
20
19
19
21
20
23365
21
21
20
20
20
22
22
22
22
21
21
22
23
22
23
23
23
23
22
23
22
24
24
23
23
24
25
24
24
24
25
25
26
25
26
25
25
26
26
27
28
29
29
28
29
3103
28
30
32
32
32
1573
1316
33
34
34
37
3400
38
38
812
42
43
44
47
4257
14164
155
1730
121197
121197
121197
121197
121197
121197
111307
111307
111307
3289
2561
4
4
4
4
4
6
7
7
7
7
8
8
8
9
10
10
11
11
11
11
11
11
11
11
12
12
12
12
12
12
12
13
13
13
13
13
13
13
13
13
13
14
14
14
14
14
15
15
15
15
15
15
15
16
16
16
16
16
16
17
17
17
17
17
17
17
17
17
18
18
19
19
19
19
20
20
20
20
21
21
21
273
22
22
22
23
23
23
24
24
25
26
27
31
31
34
34
35
38
39
48
3188
1172
17438
27061
206763
8
9
12
13
13
13
13
14
14
14
15
15
15
15
15
16
16
17
17
17
18
18
18
18
18
18
18
18
18
18
18
19
19
19
20
20
20
21
21
21
21
21
21
21
21
21
21
22
22
22
22
23
23
23
23
24
24
24
24
24
25
25
25
25
26
26
26
27
27
27
27
28
28
28
28
29
30
30
30
31
31
32
32
32
33
33
33
35
36
37
37
37
37
37
38
38
39
40
40
41
5273
1145
19014
1256
4
4
4
4
7
7
7
8
8
9
9
9
10
11
11
11
12
12
12
12
12
13
13
13
13
13
14
14
14
15
15
15
15
15
15
15
16
16
16
16
17
17
17
17
17
18
18
18
18
19
19
19
19
19
20
20
20
20
20
20
20
21
21
22
22
22
22
22
23
23
23
24
24
24
24
25
26
27
27
28
29
30
30
30
30
31
31
31
32
32
36
36
36
37
38
39
40
40
41
41
1839
1880
122
1928
1157
1176
1525
6
6
6
7
9
11
12
12
13
13
14
14
14
15
15
15
16
16
16
16
16
16
17
17
17
17
18
18
18
18
18
19
19
19
19
19
19
20
20
20
20
20
20
20
20
21
21
21
21
21
22
22
22
22
22
22
23
23
23
23
23
23
23
24
24
24
24
24
25
25
25
25
26
26
26
27
27
27
27
28
29
29
30
30
30
30
30
31
31
31
31
31
32
34
34
34
35
36
37
38
1310
42
46
121
2434
1928
19503
156
12331
1195
60266
4
4
4
4
4
8
9
9
9
9
11
11
11
11
12
12
13
13
13
13
13
13
13
13
13
14
14
14
14
14
14
14
14
14
15
15
15
16
16
16
17
17
17
17
17
18
19
19
19
19
20
20
20
20
21
21
21
21
21
21
21
21
22
23
23
23
23
24
24
24
24
26
26
27
27
28
28
28
29
283
29
29
30
30
31
31
31
31
32
33
33
34
35
35
37
39
39
40
40
41
42
42
1853
15465
2715
427
15489
1494
24153
3
10
10
11
11
11
12
12
13
13
14
14
15
15
15
16
16
16
17
17
17
17
17
17
17
18
18
18
19
19
19
19
19
19
20
20
20
20
20
20
20
20
20
20
20
21
21
21
21
21
22
22
23
23
23
23
23
23
23
24
24
25
25
25
25
26
26
26
26
26
27
27
27
27
28
28
28
29
29
29
29
29
29
30
30
30
31
31
32
32
33
33
33
35
35
36
36
37
38
39
39
47
345
1873
140
224
3
4
4
4
7
8
8
10
10
12
12
12
12
12
12
12
13
13
13
14
14
14
14
15
15
15
15
16
16
20128
16
17
17
17
18
18
18
18
19
19
19
20
20
20
21
21
21
21
21
22
22
22
22
22
22
23
23
23
23
24
24
24
24
25
25
25
26
26
26
26
27
27
27
27
27
29
29
29
29
30
32
32
32
33
33
33
34
36
36
37
38
41
42
36976
51
308
11960
106
1637
24183
132
147
1697
176
226
252
12
17
278
27
47
47
51
78
81
86
88
89
92
96
353
102
104
107
111
111
115
121
126
129
143
1669
407
156
156
158
162
163
164
170
175
177
177
179
182
187
188
188
189
190
193
194
194
198
203
203
210
211
212
214
214
216
216
217
219
221
223
227
228
230
231
231
234
235
238
239
242
242
242
244
248
252
253
254
256
261
262
262
328053
265
268
12
270
17
18
275
33
26651
294
297
44
50
51
310
53
314
63
321
67
326
72
329
73
330
336
1356
357
16439
106
115
124
126
387
132
390
134
61681
139
139
398
141
150
156
12521
159
161
165
168
169
169
170
185
186
188
188
446
1717
191
196
202
205
207
208
208
208
210
222
223
226
227
231
233
235
236
236
237
240
17894
244
7219
249
259
1534
261
519
12
264
264
269
273
1550
282
287
36
37
289
290
292
41
300
53
59
569
61
63
320
71
73
74
326
74
79
20958
86407
86407
1361
97
1378
113
116
116
118
371
126
384
134
135
136
139
148
148
148
151
151
155
162
415
166
422
172
173
174
174
176
176
181
433
182
185
438
186
2474
188
188
188
189
191
194
195
198
199
199
204
204
206
208
210
211
222
223
225
227
235
238
241
246
249
254
254
254
255
255
255
256
259
11
11
13
22
1547
296
52
61
316
72
77
85
85
338
342
100
102
109
114
118
119
122
128
130
133
135
139
150
152
153
153
156
157
157
158
158
158
158
160
162
165
2196
166
172
178
181
182
182
182
183
183
184
185
186
1711
189
194
198
199
200
201
202
203
209
216
217
223
224
226
226
227
229
232
241
241
245
249
253
258
11
11
11
12
14
271
1544
280
285
287
40
293
44
51
54
305
55
315
64
27112
64
316
69
323
329
82
344
101
354
17859
121
382
132
140
392
209495
149
154
154
160
161
162
163
163
168
169
174
177
178
180
181
182
182
184
186
193
194
0
198
199
204
204
205
206
207
208
208
209
210
217
217
221
227
1306
228
229
233
233
236
242
249
250
62956
252
256
256
260
11
264
265
265
276
282
41
296
48
298
54
304
56
314
68
77
328
82
83
337
93
94
95
102
107
108
112
362
117
118
620
123
127
128
130
138
390
141
143
393
145
394
147
147
397
148
150
153
154
409
162
163
164
165
173
177
178
182
185
186
191
194
196
201
201
451
203
16632
425145
211
212
213
213
215
222
224
226
230
236
242
2013
248
249
249
251
251
256
262
14
17
266
18
268
272
40
301
57
58
63
317
339
341
95
349
352
1621
111
115
129
387
138
143
145
150
153
155
156
25057
166
172
175
180
179
180
182
187
190
193
22070
193
194
195
196
197
196
197
197
198
199
202
202
204
205
209
210
211
212
215
216
219
220
220
222
227
229
230
232
17820
246
498
999
1505
252
262
263
11
11
11
11
11
12
14
269
282
284
288
289
302
305
311
319
325
75
78
80
86
87
343
93
355
105
358
360
359
107
113
114
368
119
120
377
126
127
387
135
135
144
400
148
150
152
154
156
160
160
166
169
175
179
183
187
187
187
190
190
192
194
197
200
200
202
202
203
203
209
210
212
214
22345
220
220
221
230
235
237
243
63295
27044
246
249
1508
262
12
12
15
269
86407
21
278
281
289
297
300
304
307
310
61
64
70
74
1582
83
83
335
84
335
85
89
89
90
96
96
100
112
113
118
124
124
1378
126
127
1381
129
2144
133
134
138
139
139
140
141
143
144
145
396
147
151
152
155
155
157
158
163
164
166
177
177
181
434
186
186
189
191
191
192
197
200
204
207
220
226
731
234
237
237
489
249
249
255
12
12
12
12
16
18
28
278
30
280
283
287
293
50
305
305
56
308
322
80
83
334
90
1593
341
95
1599
97
98
101
351
103
104
356
107
1611
358
111
116
122
125
126
128
129
130
1884
132
133
384
48911
137
138
140
142
142
897
394
149
159
160
165
172
174
178
192
193
193
197
197
198
200
205
206
207
209
212
213
214
216
220
222
223
233
233
235
236
238
11
16
275
275
28
280
280
289
293
293
298
53
60
61
61
66
67
75
89
90
90
99
107
4144
113
119
121
123
128
379
132
136
1639
390
141
393
393
394
146
148
148
148
148
149
155
157
411
411
162
1665
164
165
174
175
177
182
182
182
182
182
186
186
187
189
191
191
192
194
194
198
199
204
206
209
212
213
213
213
215
215
215
216
219
220
1977
225
229
239
242
248
11
12
12
260
260
260
260
261
266
267
22
271
1275
273
274
275
277
280
1534
290
5
19889
69
319
328
81
3603
92
103
111
112
114
116
118
124
127
127
133
133
138
138
141
391
149
151
152
404
159
170
676
178
182
432
184
184
683
188
195
197
197
197
199
200
201
201
204
205
208
212
213
213
219
234
234
236
237
237
240
242
242
242
249
3
251
251
253
11
11
11
11
11
260
267
268
272
275
279
34
283
288
289
42
291
292
294
19140
1563
322
74
76
77
575
79
80
80
81
82
333
85
334
87
336
88
101
101
106
354
119
370
371
125
129
130
135
136
137
140
149
149
149
150
152
152
153
155
156
156
163
169
170
177
185
188
188
189
192
192
196
198
199
203
204
205
209
210
217
468
224
230
244
4
254
257
1003
12
13
259
265
274
279
1034
293
299
55
76
78
325
326
331
89
338
3604
98
102
108
119
121
123
123
130
376
132
133
135
136
139
140
388
147
151
152
153
153
154
154
154
157
158
160
161
161
163
164
22462
168
169
1663
172
172
329689
175
176
177
177
178
178
178
182
184
184
184
185
434
189
190
190
932
193
194
196
202
204
210
210
213
215
216
217
959
211
211
211
211
221
222
224
225
226
231
233
234
246
246
253
10
12
12
12
15
263
270
545
303
59
65
66
314
331
332
333
94
102
106
107
114
115
115
115
117
119
119
119
120
126
127
131
133
135
136
140
141
142
144
144
144
145
147
147
148
150
1390
156
157
159
159
160
161
162
163
164
165
167
167
168
5195
171
172
172
174
174
177
177
179
179
179
183
185
186
64725
191
196
200
201
951
211
212
4477
212
213
214
218
220
224
231
243
243
249
250
9
11
11
11
11
12
1498
1748
13
15
269
269
272
26
274
280
45
307
63
1550
66
75
5
324
325
78
79
80
83
85
334
88
91
91
94
2083
98
103
104
105
6926
119
121
121
127
129
132
138
139
147
149
153
155
156
156
159
160
161
1898
167
168
168
173
175
175
422
177
180
180
182
185
185
186
186
189
190
191
192
199
206
212
212
220
223
228
1467
234
235
236
238
241
248
24446
255
257
262
274
277
278
294
1786
301
310
332
335
89
100
101
102
103
359
109
118
119
124
126
126
129
134
134
134
135
135
135
136
136
138
143
145
146
149
149
150
151
153
153
156
158
158
161
161
161
162
165
168
169
169
173
178
180
184
436
185
188
188
440
191
196
199
199
1691
207
210
210
210
215
217
218
218
220
221
221
223
226
226
229
235
241
242
247
12
12
16
16
16
272
277
288
290
291
21358
46
297
53
305
65599
63
312
313
319
87
91
92
97
101
106
1351
364
366
118
120
120
125
126
126
131
132
135
137
138
139
139
143
143
152
24772
166
167
168
168
168
419
171
171
171
174
175
175
175
176
178
177
179
179
179
181
182
182
182
184
184
186
188
189
190
192
25876
196
198
199
200
202
4961
210
209
218
219
229
232
231
233
238
238
991
247
252
1
11
11
263
13
265
266
16
273
2025
301
303
56
68
335
338
86
97
99
100
100
100
104
114
124
125
125
129
133
134
138
139
141
142
142
142
143
143
146
150
150
157
160
160
163
169
172
172
172
172
175
176
177
182
183
183
184
187
192
195
197
197
1197
199
204
210
211
215
471
225
27468
240
1982
242
242
247
254
257
258
10
260
11
11
12
265
266
267
272
273
289
314
315
319
572
82
335
85
335
336
338
89
341
347
97
350
105
356
108
113
367
120
120
122
372
128
129
380
132
134
138
141
142
142
146
146
154
157
157
407
158
161
161
167
168
173
174
179
187
192
193
194
197
197
199
200
211
212
6749
221
221
221
223
223
227
229
479
231
232
233
234
2229
240
243
246
247
248
248
249
250
254
69010
8
258
509
11
11
11
12
12
261
13
15
16
265
266
18
18
270
30
31
283
35
49
299
51
307
59
68
571
75
77
84
87
92
342
95
104
107
112
117
117
118
124
379
632
135
136
137
389
141
142
143
428814
144
145
148
2141
151
154
156
157
163
163
415
169
169
170
170
171
173
173
177
181
185
185
191
197
199
204
207
223
233
236
239
240
243
246
250
11
11
11
259
262
17
274
29
291
302
57
68
315
318
570
80
83
83
85
1832
87
87
334
90
92
93
341
96
108
111
359
369
124
375
128
133
133
137
137
137
138
140
147
150
153
404
161
163
163
171
175
176
180
181
185
187
192
193
196
199
200
204
206
210
211
213
213
217
217
219
220
220
222
232
233
235
237
238
240
243
253
253
253
264
267
269
271
280
36
13665
287
293
297
298
301
302
307
315
320
327
81
96
101
106
359
114
121
124
375
129
131
379
135
136
138
142
146
148
150
151
154
155
159
159
159
164
164
166
166
166
168
169
169
170
172
173
175
178
178
179
180
180
182
185
186
186
202
205
206
209
210
211
215
216
216
220
466
223
226
226
226
231
231
231
234
234
239
242
243
243
247
249
249
250
255
255
255
257
11
11
12
17
269
281
530
39
296
54
317
67
74
84
89
1084
99
103
113
115
115
116
124
126
127
128
129
131
133
133
135
136
137
138
139
139
143
144
149
150
154
160
163
163
2159
166
169
170
174
176
179
180
681
185
188
2431
193
195
200
202
203
204
206
215
220
221
224
225
226
12
12
12
12
12
274
284
291
298
45
308
53
313
323
325
76
332
80
337
349
97
604
104
113
115
115
116
116
117
125
133
133
390
395
142
142
145
146
148
150
159
159
161
165
166
169
426
171
180
436
182
191
197
196
198
206
208
214
216
2715
225
494
240
242
244
245
418805
256
257
258
259
265
268
270
272
22
3028
286
290
294
294
3608
298
303
310
324
337
338
83
90
347
92
350
858
2363
366
1372
2627
127
130
143
401
151
919
165
928
167
168
170
171
177
182
186
190
190
192
195
197
201
202
203
208
208
210
217
218
218
220
223
481
227
227
228
485
228
230
231
231
231
231
232
999
237
238
1494
238
245
247
247
249
257
11
11
269
15
17
273
274
1043
33
290
43
302
52
311
314
3070
317
321
66
333
79
79
336
340
341
357
359
104
104
106
623
634
123
127
130
132
134
135
391
28419
143
150
151
153
155
161
161
163
163
419
164
165
168
175
177
178
180
180
184
184
441
186
186
187
188
195
196
452
197
198
199
202
204
208
211
212
213
220
220
223
225
229
229
233
244
245
247
250
3
1280
263
0
11
11
12
12
14
19
275
1297
286
305
95
113
114
116
117
372
126
385
132
140
140
144
145
146
149
405
152
153
664
155
155
160
161
161
164
164
171
179
180
183
187
191
194
196
204
204
205
207
207
208
209
217
233
240
246
247
502
254
2
256
257
6
260
261
11
11
12
267
267
273
274
275
275
278
279
291
293
296
296
302
556
556
54
312
4073
326
329
331
86
340
91
346
352
362
110
1895
123
380
133
1153
387
135
137
400
154
156
409
160
161
417
418
421220
55
180
1706
183
185
192
195
449
452
202
419534
208
209
465
213
215
1741
223
224
225
229
229
233
234
495
249
253
254
254
258
6
279
284
1818
295
551
318
318
65
74
76
1859
1864
344
351
352
356
356
3626
361
1902
119
124
4646
388
147
1934
412
414
159
160
420
163
165
165
165
172
432
177
183
183
187
189
191
195
464
208
210
472
1998
216
216
217
477
220
225
227
228
230
233
242
2
2030
248
3538
272
29
292
310
310
315
317
318
328
93
339
2128
2197
2207
425
2210
3621
3242
2253
483
7
2317
2317
2372
2419
877
2449
2474
47226
2497
71683
2547
2574
2326
2583
2597
91
2644
2662
2664
155
2686
2688
2709
2713
2716
2718
2727
0
35947
2753
249
1487
86869
2784
61
2816
3084
2842
2842
345
34056
2872
2911
408
2921
32752
2944
464786
3002
3019
3023
3037
3050
3065
3063
3072
90
574
3084
3084
147
3141
1363
12211
3150
649
3168
3170
3176
3191
3219
3243
3245
13
16
16
19
21
28
33
3271
47
53
777
104
3338
8073
3363
142
3473
6
7
249
8
12
12
14
22
28
279
220005
1508
3574
3597
3617
3867
1179
4
5
5
5
6
7
7
23
31
517
522
573
3807
592
1824
141
5363
3895
210
3932
1926
4
5
5
6
8
10
10
13
17
11563
4043
86
152
170
2369
1915
3
4
4
4
4
4
4
4
4
4
4
4
4
4
4
4
4
4
4
6
7
7
8
7
8
9
8
11
24
272
31
2234
87
2048
1822
71139
1131
4368
1560
1199
3
3
4444
4
4
4
4
4
4
4
4
4
5
5
5
5
5
5
5
5
5
5
7
9
10
13
15
17
21
22
39
4990
63
2481
87
2395
3
3
3
4
4
4
5
4
4
4
4
5
5
5
5
5
5
5
5
5
5
5
5
5
6
7
9
10
10
14
20
2702
2509
1547
1638
3
4
5
5
4
4
4
4
4
4
4
4
4
4
4
4
4
4
5
5
7
6
7
9
473035
10
12
13
16
16
31
278
1753
37183
805
86
5059
1872
1911
1
3
3
3
3
3
3
3
4
3
4
4
4
4
4
4
4
5
4
4
4
4
4
4
5
6
7
7
13
19
2207
2947
309
2009
1330
3506
5290
36498
3302
7813
4
1398
31275
3610
3
3
3
3
3
3
3
3
4
4
5
71978
3424
5466
2497
1826
4526
144
13590
5572
988
2619
5610
5625
4106
3606
3606
3606
5
5
5
5
5
5
5
9
10
10
10
12
10
13
13
5661
17
18
5676
87
93
112
116
119
124
132
137
139
155
158
159
161
178
193
198
5866
3604
3
4
247
5
5
4
4
4
249
4
4
4
4
4
4
4
6
4
4
4
7
7
5
5
5
5
5
5
7
10
8
254
13
262
21
5945
303
311
314
321
38154
322
333
586
349
359
360
378
244
396
413
6070
433
437
447
455
461
487
488
3
4
6
7
8
8
9
11
12
14
500
4
4
4
4
4
4
4
4
4
4
4
5
5
5
5
5
5
5
5
5
505
514
517
1722
33
538
547
568
580
0
584
101
3603
599
1822
667
677
6328
197
225
723
740
3
3
4
1467
5
744
6
7
9
11
751
920
4
4
4
4
5
5
5
5
5
5
5
5
5
5
5
5
6
6
6
6
773
6422
783
52
792
805
0
91
842
865
870
6523
879
898
906
906
918
919
920
920
922
925
929
933
934
938
202
949
212
955
956
3384
984
6635
0
0
1712
0
0
994
2
3
3
3
6
6
998
7
8
9
1004
1006
4
4
4
4
4
4
4
4
4
4
4
4
4
4
4
4
4
4
5
5
1012
3192
1039
1052
1054
1081
3541
1139
6795
1149
6794
1173
1194
3612
1236
6884
6884
1238
1240
6889
3
3
3
5
6
10
6906
13
15
4
4
4
4
4
4
4
4
4
4
4
4
4
4
6
6
22
1269
12
29
6925
1281
1293
1299
6953
2043
1323
1334
1348
6997
1353
1360
1382
1399
1429
1437
202
1448
1460
1463
1470
7142
3
3
3
4
4
1505
1505
6
9
9
9
10
10
1514
1518
7165
7178
7205
1564
7215
1580
5458
614
1611
1621
1649
1649
1650
7308
7311
201
1705
1721
4
4
4
4
4
4
4
5
6
6
7
10
1767
20
27
1783
1786
1908
1812
4475
7468
3600
7494
7498
1866
7553
1920
7595
2127
7629
7638
1993
1994
3
3
4
4
5
5
6
7
8
7660
221257
7665
2267
36
37
7686
39225
2053
2072
7469
7725
85
2116
2118
1639
1642
2162
2174
7842
7859
216
1484
2256
4
4
4
4
5
6
6
4193
7910
9
19
22
36
4717
81
3305
8002
2358
1875
4776
8023
128
1405
1912
8051
1924
1931
164
81195
8127
8128
8156
1346
4
7
7
8
9
9
19
27
8187
34
2548
8218
2578
8226
8229
8230
82
96
8263
8264
152
8308
8315
8389
8403
3
3
3
4
6
7
7
10
13
15
43
53
8497
374
156
1935
6322
3608
8617
728
4432
5160
744
2
4
4
4
4
5
5
6
6
6
6
6
6
6
6
6
6
6
6
6
6
6
6
7
7
7
7
7
7
8
9
11
14
14
8687
8703
8704
46
813
8729
1587
8739
839
10518
8793
8793
8795
8807
2677
2
973
0
3
4
4
4
6
6
8
12
14
8939
33
8959
38
4524
86
299
9070
9092
990
4716
3
4
4
4
6
6
8
8
9
9
10
11
11
11
11
11
12
12
12
15
15
25
9193
1797
30
303
9203
5006
9227
9253
9274
34203
9282
9331
9340
9351
9382
3
3
4
6
7
7
9
10
11
10
9432
16
4993
22
3308
26
3323
3339
6259
73
9615
983
4
4
5
5
5
7
7
8
8
7
8
8
8
7
7
7
8
8
8
7
8
8
8
7
8
8
8
8
9
9
9
9
3548
3549
13
18
527
2597
1356
0
9779
9839
3726
2462
5184
1728
5453
233
9905
2
4
5
6
6
6
6
7
7
11
46
9987
3860
20660
10060
10082
1943
173
690
3978
3989
10133
0
6462
2530
10182
3
3
3
4
7
6
7
6
7
8
8
8
9
14
14
1034
1038
30
34
63
10244
1086
1093
863736
108
2652
1137
1163
7106
166
10347
180
10381
3491
8372
10404
10413
1264
3
4
4
5
7
7
7
7
10439
276
35
3589
69
70
79
42699
91
864020
864020
864020
864020
864020
864020
864020
864020
864020
4968
33581
1224
235
3
3
3
4
4
6
6
6
7
8
10
262
266
30
57
314
10754
10790
364
4669
144
154
5192
10865
194
203
2234
231
4
4
7
7
7
7
7
428735
10
15
18
10941
776
296
58
10987
82
83
115
116
2384
124
380
397
2668
224940
21
235
249
1
1
3
4
4
4
5
5
5
5
5
5
5
5
5
5
5
5
5
5
5
5
5
5
5
5
5
5
5
5
5
5
6
6
6
6
6
7
7
7
9
11
12
13
17
165086
37
3322
86996
8008
11261
3617
133
158
165
673
194
11370
223
3
3
4
4
5
7
9
9
14
15
1011
22
36
37
54
101
110
111
1341
116
373
7840
3406
144
150
160
8388
4
4
4
68965
6
6
7
69300
12
12
13
13
69307
20
69315
69652
11706
69661
295
69668
50
52
73
3595
11778
119
133
641
646
150
29441
912
180
444
3483
11899
725
2
3
3
4
6
6
6
7
8
10
11
12
5841
305
4110
109
117
128
12295
12050
135
149
159
184
212
6032
2
3
3
3
4
4
4
5
11
13
1514
42
292
103
120
1117
0
136
1132
150
152
1151
166
1164
173
177
1918
6225
202
2442
5212
4231
2207
6273
6274
4
4
4
5
6
8
8
11
12
15
17
44628
2795
1796
313
3603
338
100
6386
110
111
6393
27941
3617
123
124
125
127
6415
6417
6424
4401
6431
154
4431
1420
187
4498
4501
4
4
4
4
6527
4
6
8
8
9
3500
271
1514
3275
4543
1540
2038
4588
11487
354
6659
6660
6700
6713
4710
12875
6753
6756
240
1474
43767
3
3
3
3
3
5
5
5
18
4775
6818
86410
6829
6834
67
6872
4856
1591
0
0
0
6901
442206
4897
6925
6927
5906
4928
6955
4933
6226
2462
7012
4
4
4
5
5
5
5
5
5
5
5
5
5
5
5
5
5
5
5
5
5
5
5
5
5
5
5
5
6
4232
6
6
6
6
6
6
6
6
7
7
7
5012
34
5034
5037
51
5077
7102
442404
106
5114
5126
13287
153
1663
4928
199
5192
4966
3
3
3
3
3
3
4
4
5
5
9
1232
7272
2730
1257
5319
5322
3064
5348
5385
2279
5398
227403
186
7454
1175
7229
4
5
5
5
5
5
12
17
22
24
32
5504
84
3790
5570
1078
5614
389
5625
5638
1386
1393
5663
5672
1212
3
3
3
3
4
4
5
8
9
3604
1230
5730
203
5760
1274
5792
95
9529
2101
1385
9598
1390
443226
6911
5916
6934
1209
3
4
4
5
5
5
6
6
13
13
3490
9751
3517
3521
2777
1314
1314
1337
1098
3594
1131
3606
1389
1391
1392
1165
1281
1190
1199
3
3
4
5
7
6463
9
9
10
11
12
3210
1259
3730
1274
2006
47967
1306
1307
2044
3799
1824
1894
3886
3899
1683
2672
2
1218
4
4
4
5
8
9
9
4687
32
5729
48
72
1312
101
32349
4070
155
10331
2618
4119
1191
10396
4
4
4
5
5
6
2195
4423
10
27
1497
2257
69
2519
2290
104
138
4310
3069
4320
166
2372
36360
1
2
4
4
5
6
7
10
10
11
11
13
17
24
39
1528
174
442
13516
10880
2
3
3
3
4
4
4
5
5
5
5
6
6
8
14
7481
2499
2541
4787
154
4829
4843
11120
2177
4
4
2443
5
5
7
8
9
9
9
12
14
4921
272
38
2484
61
62
2510
2546
5070
961
2673
2193
4
4
5
5
6
6
6
6
7
7
7
7
8
8
9
11
12
2455
17
18
20
2466
32
1019
5224
2523
2289
5242
3614
2544
6314
2382
6598
4107
2657
2674
5
3606
6
7
7
7
7
7
7
7
7
7
7
7
7
7
7
7
7
7
7
8
8
5
8
8
8
6
6
9
9
7
10
10
8
8
8
11
11
8
12
12
13
13
11
11
11
14
12
15
15
16
2461
13
17
14
17
15
18
16
16
19
17
17
17
17
18
18
21
19
22
23
20
21
21
21
24
22
22
23
26
24
24
25
25
26
26
30
27
30
28
29
29
30
30
33
31
31
31
35
35
32
32
36
33
37
34
37
35
35
38
35
39
36
36
39
37
40
38
41
39
42
40
40
43
44
41
41
41
41
42
42
1761
43
43
46
44
45
48
46
46
46
49
47
47
50
48
51
52
50
50
2498
53
51
0
54
52
52
55
53
53
54
55
56
57
58
60
60
61
61
62
62
63
63
64
64
65
65
65
65
65
66
66
2271
67
67
68
1298
68
69
70
72
75
2303
6509
106
2312
2323
2323
5269
5560
2438
864018
493
2452
5
5
7
7
7
9
9
9
9
9
10
10
10
11
11
11
12
12
12
13
14
14
15
15
15
16
16
21
2971
3963
62
64
11957
6734
132
5801
2412
2413
0
2448
1
3
3
5
5
5
5
5
5
6
6
7
8
8
9
11
12
12
13
2474
14
15
17
4183
20
11196
70267
557
73
74
2
113
5264
5268
6517
123
6271
6526
6785
7298
8566
2
3626
8894
2
4886
5887
3
3
4
4
5
6
6
6
6
6
7
7
7
8
19
19
40
63
67
43
6973
327
0
4083
1172
434818
7612
3898
8139
238
3
3
6
6
6
6
6
7
7
19
30
42
77
90
57
26748
0
0
1190
3
4
4
4
4
5
5
6
6
11
16
7414
23
49
3001
124
1185
785
508123
1717
4
4
4
4
6
7
7
11
17
1742
18
24
1805
81
29
6965
1087
156
13029
0
3
3
4
4
4
5
5
6
7
13
30
298
318
2043
329
335
348
364
369
390
394
400
400
9293
408
410
458
479
583
3
3
3
3
3
4
4
2219
7
7
11
14
528
14901
2311
1817
1821
0
1106
1895
3429
1
3
4
4
5
5
2465
2
9
9
15
74
77
3528
3782
3548
2571
2585
2603
140
2640
2152
2650
2657
2156
2683
1451
2689
2192
1
4
4
4
4
5
6
8
9
12
14
2739
14138
49
2268
63
2310
0
0
0
363
363
363
363
363
363
363
363
363
363
363
363
2329
2337
2340
2351
2358
2016
2386
2886
2390
2402
2413
2420
1
3
4
2959
7
0
9
10
11
12
12
16
21
23
2986
46
64
1309
2
2559
2565
2581
3098
2602
2604
2
909
3145
937
0
2662
2682
2691
741
1
1
1
1
1
1
1
1
3
5
5
3206
8
9
9
9
10
12
16
2731
15835
3242
45
2744
2758
1801
2787
2809
2844
397
2916
4408
2930
2938
3
5
5
6
7
7
8
9
9
2955
10
10
10
11
11
12
13
13
13
12
13
13
12
13
13
12
12
13
13
12
12
12
13
13
12
13
13
13
12
12
13
12
13
12
13
12
12
13
13
12
13
13
13
13
13
12
13
12
12
13
13
13
13
13
12
12
12
12
13
12
12
12
13
12
13
13
12
13
12
13
13
13
13
13
12
13
12
13
12
13
13
13
13
12
12
12
12
13
13
12
12
12
12
13
12
12
13
12
12
12
12
13
12
13
13
12
12
13
13
12
12
12
13
12
12
12
12
13
13
12
12
12
12
12
12
13
13
12
12
12
12
12
12
13
12
12
12
12
12
13
12
12
13
16
16
16
17
18
18
18
22
2981
3481
3001
3001
3007
66
3025
3025
78
92
3060
129
3081
3115
233284
3141
3147
704
1
750
2
3
3
3
3
4
5
5
5
5
6
8
3212
17
3237
3248
59
1556
3271
3303
8703
11222
877
3335
3338
893
3355
3361
942
3405
4150
3437
999
3
3
3
3
4
5
5
7
19
3475
15130
42
7905
4247
65
3529
3560
3568
3584
4332
62026
7275
3617
10811
4423
6890
3
4
5
5
5
9
2187
6
6
6
6
6
6
6
6
6
6
6
6
6
6
6
6
6
6
6
6
6
6
6
6
6
6
6
6
6
6
6
6
6
6
6
6
6
6
6
6
6
6
6
6
6
6
6
6
6
6
6
6
6
6
6
6
6
6
6
6
6
6
6
6
6
6
6
6
6
6
6
6
6
6
6
7
7
7
7
7
7
7
7
7
7
7
7
7
7
7
7
7
7
7
7
7
7
7
7
7
7
7
7
7
7
7
7
7
7
7
7
7
7
7
13
8
8
9
9
9
9
9
9
9
9
9
9
9
9
9
9
9
9
9
9
9
9
9
9
9
9
9
9
9
9
9
19
22
5
5
5
6
6
6
6
6
6
6
8
31
31
38
295
295
1151
3783
4537
4584
3847
0
3865
7332
3664
1470
0
742
1503
1750
4954
3717
2
3
3
3
4
5
1523
8
8
13
5
5
5
5
5
5
6
6
6
6
6
6
6
6
6
6
9
0
10
10
20
25
1541
314
247
329
1048
4796
1615
3619
1621
133
1165
16027
449639
2446
4942
1257
1265
8870
3
4
4
4
4
5
6
8
16
4241
272
272
4988
283
34
4762
295
45
47
1671
79
5051
4313
22158
4598
1654
1677
5139
4154
28281
3739
4
4
4
4
4
4
6
6
6
6
13
4238
15
15
276
31
288
291
294
297
8468
4314
1379
5337
5337
1906
5352
173
0
4658
4171
234879
4
4
4
5
5
6
6
9
9
12
271
272
277
0
279
280
5500
282
282
535
4798
840
1609
1909
405
4881
1711
190
1725
204
495
508
3
3
4
5
6
6
7
8
8
13
13
18
6
6
6
6
6
6
6
277
278
24
281
281
1805
57
1836
58
5054
328
154
5128
1930
3608
1989
1
4
4
4
4
5
6
4
7
8
8
10
8
12
15
13
272
274
17
18
283
284
284
285
285
288
1843
322
328
6092
364
854
954
985
2783
2
2
3
4
4
4
4
2291
5
6
6
7
8
8
8
8
8
11
273
513
275
17
6009
280
26
948
299
307
56
1050
43215
1110
604270
1224
1238
720
0
6241
1
1
1
1
3
3
3
3
4
271
271
5
5
5
5
1288
7
8
275
11
12
15
285
286
5534
315
320
1360
846
89
6350
5863
5884
0
0
5713
979
616
3629
4767
1009
254
6014
1
3
3
3
3
3
4
5
3
3
3
3
5
3
4
6
4
4
6
7
7
7
7
7
8
6
273
8
8
8
8
8
8
0
0
0
0
0
0
0
0
0
0
1039
280
283
287
303
327
1140
0
0
1216
4748
202
3
4
4
4
4
6
6
6
6
7
7
7
7
273
8
8
9
10
276
290
294
295
298
1392
5666
627
13065
2240
440563
236616
714
734
5
5
5
5
5
5
5
5
5
5
5
5
5
5
5
5
5
5
5
5
5
5
5
5
5
5
5
5
5
6
6
6
6
6
6
6
6
6
6
6
6
6
6
6
6
6
6
6
6
6
6
6
6
6
7
7
7
7
7
4
4
4
4
7
5
5
5
5
5
5
5
5
5
5
5
5
5
5
5
5
5
5
5
5
5
8
5
5
5
5
5
5
5
5
5
5
5
5
5
5
5
5
5
5
5
5
5
5
5
5
5
8
5
8
5
5
5
5
5
5
9
6
6
9
6
6
6
6
6
6
6
6
6
6
6
9
6
6
6
278
10
10
10
10
10
10
10
10
10
10
10
10
8
8
8
8
8
8
8
281
12
16
289
289
2605
302
49
320
8339
1136
11550
360008
7192
2222
7211
6728
6742
3
4
4
4
4
4
5
5
7
277
15
284
289
8574
5
297
300
303
306
294
71
43889
362
96
7425
121
3515
7027
7033
7569
7092
276
3
3
3
3
3
3
4
4
5
6
286
286
291
7127
2406
16
20
2925
52
52
53
54
54
55
7689
1179
5005
17164
7225
1748
167
7795
7309
9066
10
12
3
3
3
3
3
4
4
2
2
5
5
5
4
4
4
4
4
4
4
4
4
4
4
4
4
4
4
4
4
4
4
4
4
4
5
5
5
5
5
5
5
5
0
0
0
0
0
0
279
284
284
285
286
288
0
0
0
0
0
0
0
0
0
0
0
26
17
1099
7418
335
337
7974
7984
946
8056
751
3613
0
502
3
3
3
3
3
3
3
3
3
3
3
3
3
3
3
3
3
3
3
3
3
3
3
3
3
4
4
4
6
4
4
4
4
4
4
4
4
4
4
4
4
4
4
4
4
4
4
4
4
4
4
4
4
4
4
4
4
4
4
4
4
4
4
4
4
4
4
4
4
4
4
4
4
4
4
4
4
4
4
4
4
4
4
6
6
5
5
5
5
5
6
6
6
5
5
5
0
0
0
0
0
0
0
0
7636
278
20737
282
4447
282
283
284
7692
7699
7209
95
128
2808
1504
0
0
0
0
0
0
0
0
0
0
0
0
0
0
0
0
0
3601
7833
7884
3464
3
3
4
4
4
4
5
6
5
7
277
277
280
281
283
8411
288
31
304
316
0
0
0
0
0
0
0
0
0
0
0
0
0
0
0
0
0
0
0
0
0
0
0
0
0
0
0
0
0
0
0
0
878
0
3567
8547
977
8096
8654
275
3
3
3
3
4
5
5
290
14
291
11615
306
22
320
45
329
56
1413
81927
8875
5
5
5
5
5
5
5
5
5
5
5
5
5
5
5
5
5
5
5
5
5
5
5
5
5
5
5
5
5
5
5
5
5
5
5
5
5
5
5
5
5
5
5
5
5
5
5
5
5
5
5
5
5
5
5
5
278
5
5
5
5
6
8448
6
6
279
6
6
6
3
6
3
3
3
3
3
3
3
3
3
3
3
3
3
3
3
3
3
3
3
3
3
3
3
3
3
3
3
3
3
3
3
3
3
3
3
3
3
3
3
3
3
3
3
3
3
3
3
3
3
3
3
3
3
3
3
3
3
3
3
3
3
3
3
3
3
3
3
3
3
3
3
3
3
3
3
3
3
3
3
608
282
8
285
286
14
14
8462
304
304
35
18
38
42
329
335
8509
74
153
9118
439
8645
454
8655
462
1536
10389
482
486
491
498
515
3
3
4
4
6
6
6
6
7
11
533
291
8738
296
549
550
299
303
304
558
313
572
0
586
3805
342
594
602
85
8809
9320
4166
8901
9457
3
4
5
6
8
290
27
28
293
8516
9014
306
308
44
310
14424
318
323
63
11540
5935
228
22331
9984
4
4
4
4
5
5
5
5
5
5
5
5
5
5
5
5
5
5
5
5
5
5
5
5
5
5
5
5
5
5
5
5
5
5
5
5
5
5
5
5
5
5
5
5
5
5
5
5
5
5
5
5
5
5
5
5
5
5
5
5
5
6
6
6
6
3
3
7
7
4
4
4
4
4
4
4
4
4
4
7
4
4
4
4
4
4
4
4
4
4
4
4
4
4
4
4
4
4
4
4
4
4
4
4
4
4
4
4
4
4
4
4
4
4
4
4
4
4
4
4
7
4
4
4
4
4
4
4
4
4
4
4
4
4
4
4
4
4
4
4
5
5
5
5
5
5
6
6
6
9253
9
9
9
14
282
283
1364
290
295
298
301
302
306
22380
9291
21512
1519
158
43372
172
172
172
172
172
9440
7989
9959
87386
531
3
3
3
3
3
3
3
3
3
3
3
3
3
3
3
3
3
3
3
3
3
3
3
3
3
3
4
4
4
4
4
4
4
4
4
4
4
4
4
4
4
4
4
4
4
4
4
4
4
4
3
3
3
4
3
4
4
4
4
3
4
4
4
3
3
3
3
3
3
3
4
4
3
4
3
3
3
3
3
4
3
3
3
3
3
3
3
3
3
3
4
3
3
3
3
3
3
3
3
3
3
3
3
3
3
3
3
3
3
3
3
3
3
3
3
2
2
2
2
2
2
2
2
2
2
2
2
2
2
2
2
2
2
2
2
2
2
2
2
2
2
2
2
2
2
2
2
5
5
6
7
15
15
292
30
299
303
305
309
14713
7375
10336
16248
353
9597
362
10357
10396
167
10447
9742
5
5
5
5
5
5
5
5
5
5
5
5
5
5
5
5
5
5
5
5
5
5
5
5
5
5
5
5
5
5
5
5
5
5
5
5
5
5
5
5
5
5
5
5
5
5
5
5
5
5
5
5
5
5
5
5
5
5
5
5
5
5
5
5
5
5
6
6
6
6
6
6
4
6
4
6
6
6
6
6
4
6
6
6
6
6
6
4
6
6
4
6
6
6
6
6
4
6
6
6
6
6
6
6
6
6
6
6
6
6
6
6
6
6
6
6
6
6
6
4
4
4
6
6
4
6
4
4
4
4
4
4
4
4
4
4
4
4
4
4
4
4
4
4
4
4
4
4
7
8
10
18
18
287
287
9795
289
289
291
32
300
304
314
10589
0
1718
2039
9923
3374
0
1461
9937
232
2
3
4
4
4
4
4
10043
6
7
7
9
13
286
10567
16
18
300
21
21
307
309
309
1639
313
318
10101
346
347
351
353
4112
4
10661
10213
3100
10231
10282
10324
290
299
300
300
308
310
2160
2
325
3
3
3
4
4
4
327
6
6
6
7
3
3
4
4
4
4
4
4
4
4
4
18
5428
1710
66
3316
3
10460
10476
10488
8788
3383
86112
10538
179
44512
813
10607
10629
11392
4391
319
3
3
3
3
4
4
6
7
3
4
4
4
4
4
4
4
4
4
4
4
4
4
13
13
17115
3610
3610
3610
59
10755
11503
10765
11317
10879
10892
10932
2
266
10978
3
3
3
4
4
5
5
5
5
6
6
10
4
4
4
4
4
4
4
4
4
4
14430
21
27
36
37
38
39
456532
44979
72
1551
11091
11092
445488
11129
11155
11157
93030
7205
4
1943
1678
237
894
890
1749
2
927
3
3
3
4
4
4
3
5
5
5
8
11298
10
10
15
2076
3148
36
40
40
40
40
41
41
41
42
42
42
42
42
6
6
6
6
7
373
78
12
78
80
15
16
16
17
18
18
28
30
30
44
49
1900
125
61
4871
12211
1937
12234
11538
5260
3
3
3
3
5
6
6
6
7
9
8
19
4
22
27
31
11628
32
37
49
1592
3
73
77
1632
12218
1654
2184
2187
11751
12499
1411
1415
11779
489
8091
1746
1757
1469
1773
3
11849
1808
3614
1811
1811
283
1820
1821
1822
1824
2
3
3
4
4
5
1844
11918
15
14
18
20
626
630
1861
29
28258
637
35
1876
1883
655
5665
68
677
1921
1923
1928
1943
719
2041
445
152
3085
2002
2004
2007
2010
10854
2046
1143
1774
2076
5574
12151
1768
859
2091
2098
31
875
1790
2114
2120
8214
2126
2136
1518
7496
2163
2164
12232
3
3
3
4
5
5
5
12243
11
2177
11
4071
17643
13
2184
2195
2485
2198
2202
978
2211
1893
88
4655
2219
1591
2223
67
2234
457797
1018
2267
2267
10619
2270
12333
2279
12346
1649
23750
2286
2295
2296
2298
2303
1385
2309
1991
12380
12382
21559
12386
2338
2342
2030
1721
5059
1423
12429
2362
2366
208
2375
2377
468
5902
2409
2417
2439
13256
2461
12525
1832
2463
2472
2155
2474
2480
1252
1253
1553
3
3
3
3
3
1562
4
4
12
1277
14
1884
2226
12593
1923
2546
395
12633
12631
1959
702
2614
12678
12683
8218
1098
2630
2335
2343
155
1423
1487
2743
1808
2752
2776
880
2167
1294
2824
5
5
5
5
5
5
6
6
7
7
7
7
7
7
7
7
7
7
7
7
7
7
7
7
7
7
7
7
7
7
7
7
8
8
8
8
8
8
8
8
8
8
8
8
8
8
8
8
8
8
8
9
9
9
9
9
10
21
25
28
48
378
1939
78
9264
1691
4321
1445
4107
6263
199
13849
3111
0
5814
1227
3
3979
4
4
4
4
5
6
6
6
6
5
6
6
6
6
6
6
6
6
6
6
6
6
6
6
6
6
6
6
6
6
5
6
6
7
7
6
7
7
7
7
7
7
6
7
7
7
7
7
7
7
6
7
7
7
7
7
7
7
7
7
8
8
8
7
7
8
7
8
8
8
8
8
8
8
8
8
8
8
8
8
8
1922
13237
1937
1943
613
1668
43
44
1973
74
5930
2004
761
2030
136
0
723
13370
2090
1785
744
1817
12198
789
1820
822
2156
2173
5598
1599
1914
3
3
3
4
4
5
5
5
5
5
5
5
5
5
5
5
5
5
5
5
5
5
5
6
6
6
8
9
9
9
10
10
10
1937
11
11
11
1012
940
2283
4885
3543
66
70
75
997
1670
19820
0
0
0
0
0
0
0
0
0
477
477
151
477
477
150
151
150
150
150
150
151
150
1080
200
2127
1110
258
13868
13874
2254
3
3
2
5
5
5
5
6
9
2298
2931
13920
49
0
69
1723
1309
0
106
437
1352
28804
2385
14031
1395
14876
3
3
4
4
4
5
5
6
12
24
36
707
64
14358
14365
5656
240
14455
1828
4154
3
3
3
3
3
4
4
5
6
6
27
37
696
414
129
830
28812
545
559
1882
15534
14805
2930
1642
3
3
3
3
3
3
3
3
3
995
6
14886
14900
19313
42
46
1791
11560
1140
179
73490
15116
5347
5396
3
3
3
3
3
3
3
4
8
40
47
1372
0
1469
149
460906
0
15451
1582
16211
20866
2
2
3
3
5
16
15552
24
59
62
16346
11680
2118
1791
179
2220
974
2
3
3
3
3
3
4
5
43
49
48
382
2043
442
1814
21438
4446
43776
5776
3
3
3
3
4
4
5
6
7
22
2337
6446
61
63
7600
16348
16494
3
3
3
3
3
4
4
5
5
10
14
2712
75
78
22001
1852
3194
5196
3244
2930
633
3
3
3
3
4
4
5
5
5
11
27
2031
79
3716
87
88
1739
501405
8056
4806
251
1568
3559
1670
3288
3
3
3
3
3
4
4
4
5
48
404
75
82
82
82
83
134
8348
144
2213
3555
1
3
3
3
3
3
5
6
8
22
38
77
84
91
132
1472
175
1500
3928
7795
3
4
4
4
4
5
6
7
13
2084
51904
169
4497
10970
28826
463640
9690
644
2
3
3
3
3
4
4
5
6
7
31810
85
16796
828
173
4475
277
3
3
4
8
8
8
13
31857
40104
40104
386
8211
79
142
143
4800
2234
31918
2
3
3
3
4
5
5
5
1656
10
14
20
602
617
657
414
709
6441
32602
3180
10620
355493
865
5254
31761
3
3
3
3
3
4
4
5
5
6
10239
1707
31842
152
1693
1118
210
871
3
3
3
3
3
3
4
5
5
6
21
1308
5709
115
116
786
148
5759
150
4794
207
3613
308
31928
2
3
3
3
3
3
3
5
7
8
8
15
15
15
15
15
15
16
32
90
6775
518402
611
296
0
2
3
3
3
3
3
3
4
4
5
12
13
31
32
36
81
5041
3
3
4
4
4
4
4
5
5
6
8
774
505053
42703
6432
2553
2
3
3
3
3
3
3
3
4
5
6
1769
18020
42561
904
290
6
7
7
7
7
7
2978
12
12
13
13
14067
30
47
1688
99
5145
12921
7184
3
4
4
4
4
4
5
6
7
8
9
10
10
13
13
45
543
630
648
5
5
5
5
5
6
6
6
7
677
17
710
54
54
54
54
56
56
57
57
57
57
57
58
85
85
89
769
27315
22728
7130
7915
3
3
4
4
5
5
6
13
14
20
20
22
23
27
28
43
47
59
70
18003
134
56375
3
3
3
3
3
3
4
9
12
1372
54
65
14679
253499
226
3
3
3
3
4
4
5
5
13
45
2727
6105
1488
18027
1711
306
3
3
3
4
4
4
5
6
11
16
28
30
0
14071
6492
3
3
3
3
3
3
3
4
4
6
28895
542
3
3
3
3
3
3
4
5
7
7
13482
2796
21604
10514
3921
3
3
3
3
3
3
3
4
13747
5
6
13799
1052
3797
458786
2
3
3
3
3
3
4
3969
13
25
27
1926
254756
57617
36030
2508
470145
14298
35603
14339
2
2
2
2
3
3
3
3
3
3
4
5
5
7678
1731
14602
6154
2502
3
3
3
3
4
994
4
4
12
33
18025
14902
14940
213
11196
2878
3
3
3
3
4
4
5
6
15093
42
39067
66
15201
1420
6269
3
3
3
4
5
5
6
8
15
1662
8982
90
12055
3
3
3
3
4
4
4
15
21
15432
15764
45
2730
5200
7194
3
3
3
4
5
5
5
13
5299
36
5058
7042
5394
2797
5794
3513
5533
306
7577
3
3
3
3
4
5
5
8
1733
60711
36
162
4155
4823
27
3
3
3
3
3
3
3
3
3
5
3600
6662
435
2166
472784
1212
3567
6226
2944
3
3
3
3
3
4
8
8
11
6299
55
39932
6435
6456
880
5543
942
6595
3
3
3
4
5
5
6
16
16
45
2691
14618
6766
6776
2224
3
3
3
3
3
3
3
3
3
5
7087
62291
13820
7226
1
3
3
3
3
3
3
3
5
5
7275
18
41588
1098
7373
1745
7537
41810
976
2
3
3
3
3
3
3
4
4
5
17
2366
7649
10404
4887
1613
3
3
3
3
3
3
3
4
5
474586
73
193738
193738
193738
193738
193738
193738
193738
193738
174471
174471
174471
174471
174471
174471
174471
174471
174471
174471
174471
174471
174471
174471
174471
173986
173986
173986
173986
173987
173987
173987
173987
173987
39581
39340
39340
39340
39087
39087
3761
7781
8186
3
3
3
3
3
3
7
7
7
9
56
287872
287872
287872
287872
287872
287872
287872
287872
287872
287872
287872
287872
287872
287872
287872
287872
2771
2776
3250
4
4
4
4
4
4
4
5
1001
11
16
54
1469
36022
36022
42756
366339
366339
366339
366339
366339
366339
366339
366339
366339
365393
365393
365393
365393
365393
365393
365393
365393
365393
365393
365393
365068
365068
365068
534
1533
4512
86420
923
2301
3
3
8
8
8
8
14
17
18
24
3692
2730
12651
2779
4144
1549
205441
2953
4
4
4
4
4
4
4
8
40
40
56
80356
1133
2804
1185
9819
9846
60595
8209
1313
3
3
3
3
3
4
5
8
16
9608
42
1853
3265
3
3
3
3
3
3
6
23
24
3003
61
1126
771
1222
245
3220
937
3
3
3
3
5
11
13
13
19
44508
61
465580
40870
3
4
4
4
4
4
4
5
6
6
9
9
9
9
9
9
9
9
10
10
10
10
10
10
10
10
10
10
10
10
10
10
10
10
10
10
10
10
10
10
10
10
10
10
10
10
11
11
11
11
60
6697
1091
46352
125
1153
5124
46419
1186
1879
0
2
3
3
3
3
4
4
5
5
5
7
7
8
8
9
9
9
3334
39
4687
1408
0
0
172805
4610
3
3
3
4
3305
5
5
5
5
7
669
669
339
15
34
65476
2417
478030
4485
3497
1258
3
3
3
3
3
3
6
6
7
103
498
66797
847
105
545
160
1575
246
3
3
3
3
3
4
4
5
7
13
478659
3029
2
3
3
3
3
3
4
40
73
454
182
3
3
3
3
3
4
5
7
15
163
7137
29455
264154
2
3
3
3
3
3
3
3
8
5971
37
1093
1439
154
1556
6238
3
3
3
3
3
3
4
4
5
7
7
54
4044
159
162
1880
251
6880
283
4598
3
3
3
3
3
4
5
5
5
8
1689
51
2733
525
197
3
3
3
3
6
7
7
38
43
48
5015
119
175
3914
3255
292
3
3
3
4
5
6
9
13
29
10921
40
122
126
3440
155
871
63582
1
3
4
4
4
6
7
9
27
32
56
70
418
105
3105
9047
637
39896
1
3
3
3
3
3
4
5
6
6
9
3714
12688
868
1882
190501
481788
3
3
3
3
3
3
3
4
5
5
1383
123
7182
121797
3
3
3
3
3
3
3
4
6
9
3
3
3
3
3
3
3
3
4
5
779
3539
2637
3
3
3
3
3
3
6
8
20
72
2100
1807
1869
556
10808
283
7226
2624
3
3
3
3
5
6
6
11
26
37
67
3050
1824
11450
316
2
3
3
3
3
3
3
4
25422
18
40
