32190
155032
7546
28
28
29
159732
37
37
38
41
41
42
43
43
13522
44
45
45
1694
47
48
52
53
54
54
706
1736
4713
2723
119
13595
13691
151
166
174
2798
2503
13677
13706
231
14478
2925
321
22
23
25
26
27
27
28
29
29
30
30
30
30
31
32
32
32
33
34
35
35
36
15537
38
41
41
43
44
45
48
60
61
66
68
94
13949
13950
477
2163
231388
14069
15400
14116
596
2250
3
2755
23
630
24
24
26
27
28
29
29
29
30
31
31
32
32
32
32
32
32
33
33
34
34
34
34
34
34
35
36
36
37
39
40
41
41
42
42
43
47
47
654
48
48
48
14171
14149
5332
2421
795
814
817
820
818
823
2
905
90703
24
27
29
31
31
32
33
33
33
33
35
36
37
38
38
38
39
39
39
39
41
42
43
43
44
49
54
57
2619
2631
14476
693
2679
14517
70026
1069
2723
14631
14600
1109
1108
8413
97862
14718
28015
14789
14778
14865
27
104
14857
82597
1408
216
3098
14979
1552
1556
4225
26
96025
1966
91097
99
190668
15331
411
934
1850
947
953
687
15369
24076
1958
15545
92477
15582
2450
15625
91956
15663
2235
2251
46640
15909
62480
1286
1292
7432
16035
15978
5153
93010
345706
16143
99933
16157
7270
717
93158
2726
98456
770
780
16276
790
16333
25264
16308
3220
1782
16518
162364
7686
1967
4828
16708
92727
16774
7265
455806
23265
16939
17116
93078
90377
11282
931
17209
325
698
744
757
295404
17340
17373
7807
57155
4419
2
534058
94695
1523
8940
6980
101137
2
1115
7143
112
136
827
848
67
273
890
12
101453
750
9978
101565
32
9969
6745
101811
9894
18769
18841
6951
449559
12984
9697
703
724
8188
775
781
19166
10499
19230
10893
19342
6197
10518
8556
554252
10668
5136
10352
6097
95544
10137
11146
796
819
8135
11578
10800
539683
739
765
10918
7013
96179
96959
294223
8734
12101
716
729
752
93009
124
74
850
3
41810
158
8177
94
11948
30488
1
750
771
54393
42163
12490
186
97733
680
97769
687
13176
1036
12982
956
99136
708
31203
728
39500
542244
763
14161
688
14025
193
12147
13518
43772
63834
798
816
685
12722
721
10579
12119
537999
4234
32997
33173
23
15095
24346
15222
219
36
887
891
15004
45061
241932
934
12685
985
366
8248
172
109632
1
45401
764
1
33495
10884
34334
828
13633
844
12338
934
200737
761
183588
169772
11641
736
756
35371
9427
845
203607
15730
707
268
47269
69516
12313
8204
76
12730
174287
813
19
846
898
146
780
342
21
176
9075
47052
28571
1
885
907
995
836
2
12533
14440
14496
17454
11574
14758
11382
112698
49024
880
917
883
197306
918
173064
13080
12926
60277
89720
15750
916
934
53
832
145
11931
259
902
208
39
38972
13212
565826
63
4104
551051
17054
16792
115472
1026
1060
850
913
7280
3
25852
17443
1
857
4332
904
909
953
16657
18540
41695
18628
16082
127162
793
836
19279
874
878
106862
21
75
89
85
19337
148
120
19805
76242
193205
4070
695
718
740
741
20720
20467
20776
20834
801
839
104744
734
739
2
91256
21162
1
121691
3382
722
772
66798
6618
817
818
23500
92220
92336
18905
12824
129
134
29
699
5869
752
121
2349
885
886
2784
2786
690
2821
808
2163
2913
477116
724
1315
23119
2328
729
736
886
28191
30321
808
2
693
757
1
708
276345
17093
27886
70409
694
46
722
8334
123442
123491
233
6080
740
789
82
22712
228
26136
15395
172
25927
26268
26041
3809
79547
786
695
752
807
26862
27195
1569
708
732
125738
8636
798
826
126365
711
14280
752
2
5651
39186
1
858
863
905
29101
121
741
180
287
92
183
712
2
76616
267
12
15
57
83
88
91
92
100
12531
108
110
113
115
122
125
131
138
138
149
173
181
192
214
706
223
244
248
252
267
771
296
99799
327
35234
418
418
29002
455
706
465
710
508
536
575
29983
25121
73836
739
564404
12
43638
754
30444
999
118596
685
134
720
742
75694
31112
2200
1087
685
688
4
5
5
5
5
5
5
6
6
42180
24
23370
372249
129244
9
11
782
53189
833
107
53480
53566
53383
83732
322580
84775
84442
53271
2
84769
27673
85371
691
697
2
63
102
104
103
56
697
772
850
694
707
44
44
44
44
44
44
44
44
44
44
7
7
7
7
7
7
7
8
8
8
23373
2424
38
38
39
39
39
39
39
39
39
39
2254
39
39
39
39
40
41
41
41
42
42
43
44
44
27
27
27
27
28
28
28
28
45
28
28
46
47
48
49
50
53
55
55
58
60
68
69
2726
103678
757
776
20
20
20
20
20
20
21
21
21
2326
23
814
819
49
176
33990
63
64
65
66
72
75
79
79
81
82
83
86
86
86
88
91
92
92
92
92
93
93
93
94
94
95
100
102
107
113
118
120
128
131
145
159
171
14
14
15
15
15
15
15
214
221
232
1562
242
430
249
299
302
340
379620
374
381
388
392
407
408
410
424
436
438
453
454
11
11
11
11
11
472
485
1917
2681
529
534
964
562
609
621
5
2339
646
659
681
681
10
10
10
10
10
10
11
1373
739
744
2271
70
918
34582
1967
3370
2224
2354
194762
35038
2717
2864
391
262
2951
2
6
3054
46401
66
101
102
112
3306
17
13
4
13
15
16
4
13
35991
2
36302
28
46931
36026
19
50
101
115
2
6
8
35395
43
53
36606
166
100
3606
1344
2
61
89
1016
1290
12241
36
16
22
60
2362
4104
100
116
4172
15
6
12
15
21
4359
13
602
4391
62
14
118
202
4
15
16
20
22
38
39
42
56
1385
37889
382
241
1285
17
18
5
5
6
17
18
19
23
66
1665
23550
1599
1080
3176
1344
37832
5
5
6
7
10
10
10
2
2
2
2
2
2
14
15
16
16
16
16
17
18
18
19
19
21
3
13
2718
5
5135
5
6
7
7
8
9
9
10
11
16
22
26
27
30
16
16
20
133
39
22
5229
43
59
61
346
66
351
1032
291
17
18
18
19
19
21
39
74
9
9
11
12
12
12
12
12
13
14
14
18
21
23
25
5
6
7
7
8
8
9
9
9
10
13
6
17
371
5634
21
602
831
5744
829
832
832
48
49
52
54
55
56
63
867
867
83
347
38907
8
480
569732
9
9
10
10
10
10
10
11
13
13
14
14
14
15
16
28811
124
6031
162
162
164
166
170
172
175
176
177
13127
181
188
170
202
154
161
163
164
296
2313
11
14
14
14
14
17
17
17
17
17
17
17
18
18
18
18
18
18
18
19
19
19
20
20
21
21
23
23
26
28
33
1399
53
60
62
2028
6464
373
299
50
50
52
52
58
6712
1645
7
50
54
10194
3825
1002
1026
10
1033
1034
20
29931
4244
1052
1042
1860
1869
1886
1087
7
7
10
10
7402
11
11
11
12
12
12
12
12
13
13
13
13
13
2008
37058
9
9
9
7695
11
12
12
12
12
12
12
12
12
13
13
13
13
13
13
13
13
14
14
14
14
14
14
14
14
15
15
15
15
15
7713
2146
7766
11250
7854
1108
7983
12
12
12
12
12
12
13
14
15
7992
16
16
17
17
18
18
20
21
23
24
24
24
24
24
24
26
27
32
33
6
2869
22
23
8078
8091
8130
8145
1049
4236
1076
1080
1061
8276
1228
71
8354
77
1010
1051
1081
124
1080
1079
8500
8500
8506
6
55
91
100
651
8751
12038
1178
8794
5304
8824
12
8896
587
31
8908
8980
1163
372
9079
9108
9114
290
9203
23
9267
9324
9333
9362
11200
41975
9500
10
16
9546
32
61
4
1031
6
9612
23
23
9629
9661
9729
9749
378
13084
9826
9827
9833
9842
29
9867
37
9929
107
13383
10029
144
848
225
10132
2
4
10184
16
35
33
129955
53951
10302
416
101
4067
10368
166
581
383
224
10458
3
34
10548
333
84
10603
81
43701
10671
10680
14168
218
565
3406
19
10846
18
18
18
19
19
20
21
21
22
22
22
22
22
22
22
22
22
22
22
22
22
22
22
22
22
22
22
22
22
22
22
22
22
22
22
22
23
23
23
23
23
23
23
23
24
24
24
24
24
33
10896
357
10959
3878
13432
11016
1157
11091
25458
11124
44
45
48
59
11235
86
11292
14601
11376
11441
253
7
59
77
1345
26
28
29
33
11645
11680
1200
11765
11817
26
11862
59
1524
385719
953
30
53
54
2861
12413
15721
8
12520
17986
10331
10
2268
3894
317
12801
7
1
16233
425
3
570
666
13155
71
9172
428
104
123
10
3135
742
38880
13439
57
387
95
159
2367
19538
2
1
3
341
32
56
83
107
2806
13796
57786
29
14130
57806
716
64
70
79
1
1926
3700
14257
3
14360
3
31283
87
19386
437
466
3451
14638
14403
14411
205
96
3692
14537
28500
14833
14575
14920
14890
14903
9467
14927
14970
5
15049
15056
15076
14963
15301
14978
14985
14987
15001
4
8
39696
4454
2750
2159
4
5500
4928
19031
48526
34
41
103
134
19164
31755
26415
246
4859
1345
8940
22
4943
349
15384
77
4676
5013
836
189
59921
16264
5106
5435
211
226
262
5173
171
16369
5221
19696
38
1878
46
1883
22
732
39
5309
44
39263
114
97
138
220
171
137
5477
22
248
629
5560
4
197
5573
2979
2987
998
339
70
70
89
90
38857
4679
123
130
801
169
188
188
474
181
5797
70
285
6183
103
1680
4
8
131
5899
5929
39887
64
17118
60779
79
39919
81
20416
6002
17163
136
51
129
16458
15058
16465
16471
166
170
176
17226
16493
16506
6089
686
6097
240
6170
4512
5196
927
310
11
11
12
12
12
12
12
13
13
14
14
14
14
14
14
14
15
15
15
15
15
15
15
15
15
15
15
15
15
15
15
15
15
15
16
16
16
16
16
16
17
19
57
16720
16753
16756
6669
16759
195
3
677
1185
6813
5498
20931
1104
11
968
25
25
26
26
27
27
28
28
29
29
30
31
31
32
40
40
40
40
40
10
11
11
11
11
11
11
11
11
11
13
13
13
14
14
14
14
14
14
14
14
14
46
14
14
14
14
14
14
14
14
14
14
14
14
14
14
15
15
47
16
6567
131
149
987
6610
6
6662
6673
131
6734
6785
266
372
29473
23
23
23
23
23
23
23
23
23
23
23
23
23
23
23
23
23
23
23
23
23
23
23
23
23
23
23
23
23
23
23
23
23
23
23
23
23
23
23
23
23
23
23
23
23
23
23
23
23
23
23
23
23
23
23
23
23
11
353
16
16
16
6927
209
21432
35994
542
21490
10923
3
7097
126
21533
7143
40343
4
2
746
19
18385
19
20
20
20
20
20
20
20
20
20
20
20
20
20
20
21
21
21
21
22
22
22
25
22
22
23
23
23
23
23
23
23
23
23
23
23
23
23
23
23
23
23
24
24
24
24
24
24
24
24
24
24
24
24
24
24
24
24
24
24
24
24
24
24
24
24
24
24
24
24
25
25
25
25
25
26
650
61
65
7277
1078
685
87
418
4
7638
5673
136
2085
76
7718
35165
181
1341
5818
7515
6529
21958
7536
675
16
17
17
18
18
18
18
18
18
18
18
18
18
18
18
18
18
18
18
19
20
20
20
21
21
21
21
21
21
21
21
21
21
21
21
21
21
21
21
21
21
22
22
22
22
127
18757
62
7605
316
402
25
7302
102
104
109
115
119
121
18820
124
138
140
149
150
151
160
491
169
177
354
179
7721
185
6065
134
761
606
6411
7753
217
229
7775
7126
253
594
29418
23
86
2945
307
347
349
19
19
19
19
19
19
19
19
19
19
19
20
20
20
20
20
21
22
22
22
22
22
22
22
22
22
22
22
22
22
22
22
22
22
22
22
22
22
22
22
22
22
22
22
22
22
22
22
22
22
22
22
22
22
23
23
23
23
23
23
23
23
23
7900
242904
384
385
410
7958
7972
24
606
838
25
8213
26
26
26
26
26
26
26
26
26
26
26
26
26
26
26
26
26
26
26
26
26
26
26
26
26
26
26
26
26
26
26
26
26
26
26
26
26
26
26
26
26
26
26
26
26
26
26
26
26
26
26
43176
26
26
26
26
26
15
15
15
15
15
15
15
139
15
15
15
15
34
15
15
15
15
15
15
15
15
15
15
15
15
15
15
15
15
15
15
15
15
15
15
15
15
15
15
15
370
1034
22678
1110
139
6695
168
8099
713
1231
7822
325
378
16
16
16
17
17
17
17
17
17
17
17
17
19
19
19
19
19
19
19
7
19
19
19
19
8
8
11
11
11
11
12
12
12
12
12
12
12
12
12
12
12
12
12
12
718
7577
8572
135
8592
25
8649
136
8669
832
118
538
2770
565
41717
8775
94
53
607
618
650
9
11
12
13
13
13
14
14
14
14
14
14
14
14
14
14
14
14
15
15
15
15
15
684
690
698
3010
49
55
23356
23362
88
96
763
104
772
791
132
8996
804
145
157
818
169
184
846
2846
850
232
239
15046
7765
18120
671
260
923
269
939
23604
994
8
9534
1010
137
127
509
667
1882
65
1066
413
9611
93
120
9315
9339
23786
504
174
9366
9367
182
131
594
143
208
160
8767
275
304
8188
30
1359
1855
409
1878
9623
127
127
158
9076
9745
230
231
566
1569
1574
153303
675
43759
296
296
8485
649
648
4
39
62
70
9263
5308
10307
154
161
217
9358
1829
869
4291
681
241
594
10125
280
302
638
970
8507
16
17
178
17
17
17
17
17
17
17
17
17
17
17
17
17
17
17
17
18
18
18
18
18
18
18
18
18
18
18
18
18
18
18
18
18
18
18
18
18
18
18
18
18
18
18
18
18
18
18
18
18
18
18
18
18
18
19
19
19
19
19
19
19
19
19
19
19
19
20
21
709
2042
8906
24669
10587
10280
1121
37616
3902
2
2246
6225
18
19
19
19
19
19
19
19
19
19
19
19
19
19
21
22
22
22
22
22
22
22
22
22
22
22
22
22
8
22
22
22
8
22
22
8
22
8
8
22
22
22
22
8
22
22
22
8
8
8
8
8
22
8
22
22
8
8
8
8
22
22
8
22
8
8
8
22
22
8
23
23
23
23
9
23
23
23
23
23
23
23
23
23
23
23
4676
10565
10592
159
112
2477
28389
9380
9388
1545
19276
9139
6645
27820
10834
20
20
20
20
20
20
20
20
20
20
20
20
20
20
20
20
20
20
20
20
20
20
20
20
20
20
20
20
20
20
20
20
20
20
20
20
20
20
20
20
20
20
20
20
20
20
20
20
20
20
20
20
21
21
21
21
21
21
21
21
21
21
9
9
9
9
9
9
9
10
10
10
10
10
10
10
10
10
10
10
10
10
10
10
10
10
10
10
10
10
10
10
10
10
10
24
1017
6679
2024
1701
46131
4
151
9666
628
138
1892
25564
11157
24
34
35
35
35
35
35
35
35
35
35
35
35
35
35
35
35
35
35
35
35
35
35
35
35
35
35
35
35
35
35
35
35
35
35
35
35
35
35
35
35
35
35
35
35
35
35
35
35
35
35
35
35
35
35
35
35
35
35
35
35
35
35
35
17
17
18
18
18
18
18
18
18
18
18
18
18
18
18
18
18
18
18
18
18
18
18
18
18
18
18
18
18
33
34
34
34
34
34
34
11226
25652
11575
7355
62
2
11285
2111
1223
10652
121
122
1131
137
137
2153
184
167
182
195
184
196
1881
205
209
223
239
245
246
255
260
261
182
26
27
27
27
27
27
27
27
27
27
27
27
27
27
27
27
27
27
27
27
27
27
27
27
27
27
27
27
27
27
27
27
27
27
27
27
27
27
27
27
27
27
27
27
27
27
27
27
27
27
27
27
27
14
27
14
27
27
27
27
14
14
27
27
14
27
14
14
27
14
14
27
14
27
14
14
14
15
15
15
15
15
15
15
15
15
15
15
15
15
15
15
15
322
913
31
31
31
31
31
31
31
352
2039
65
68
84
7426
124
2116
133
128
10663
149
151
166
169
11684
11688
188
194
20465
208
2217
227
40701
234
113
236
251
260
10437
11780
25667
686
687
30
30
17
30
30
30
17
17
17
17
30
30
17
30
30
17
17
17
30
30
30
17
17
30
30
30
30
30
30
30
30
30
30
30
30
17
17
30
30
30
30
30
17
17
17
30
30
30
30
30
30
30
17
17
30
17
17
30
30
30
30
30
30
17
30
30
30
30
17
17
30
30
30
17
30
30
30
17
17
17
30
17
30
17
30
30
17
30
30
30
30
30
30
31
22
22
22
22
22
22
23
11869
7882
11892
56
10570
395
10594
104
11962
101
139
139
21000
14666
1093
133
1104
179
206
206
207
250
248
257
257
17805
817
10765
12104
305
304
26597
333
26605
213
24
25
25
25
25
25
25
25
25
25
25
25
25
25
25
25
25
25
25
25
25
25
26
26
27
27
27
27
27
27
27
27
27
27
27
27
27
27
27
27
28
28
28
28
28
28
12
28
28
12
28
12
28
12
28
28
12
12
28
12
12
12
28
28
12
12
12
12
12
12
28
12
12
28
28
12
12
28
28
28
28
12
12
12
12
12
12
12
12
12
12
12
28
13
13
13
13
13
13
30
251
12221
12227
76
82
12303
148
135
154
12313
468
49566
237
245
871
12748
103757
293
12786
3978
2005
146
672
355
25
25
25
25
25
25
25
25
25
25
26
26
27
28
28
28
28
29
29
12
29
29
29
29
12
12
12
12
12
29
29
29
29
12
29
29
29
12
12
29
29
29
29
29
29
29
29
29
12
29
29
29
12
12
29
29
12
12
29
12
12
29
12
12
12
12
12
12
29
12
12
12
29
12
29
29
12
29
29
29
12
29
29
29
29
12
29
29
29
29
29
12
12
12
13
14
14
14
32
33
33
34
34
34
37
37
368
38
39
39
39
39
41
43
43
44
44
46
47
378
49
49
49
50
54
54
385
56
60
10887
64
127
1449
401
403
590797
157
12255
12585
1065
12628
472
477
180
12675
173
207
2857
115
11384
124
1029
1890
4271
344
23
23
23
24
24
24
24
24
24
24
24
24
24
24
24
24
24
24
24
24
24
24
24
24
24
24
24
24
24
24
24
24
24
24
24
24
24
24
24
24
24
24
24
24
24
24
24
24
24
24
24
24
24
24
24
24
24
24
24
24
24
24
24
25
11
13
12
12
12
12
13
12
12
12
12
12
12
12
12
12
12
12
12
12
12
12
12
12
12
12
13
12
12
12
12
12
12
12
13
12844
13
1937
61
95
109
4109
1135
146
168
56135
190
13030
214
453
229
229
13064
13071
921
264
1264
789
42371
994
23
23
24
24
24
25
25
25
25
25
25
26
26
26
26
26
26
26
26
26
26
26
26
26
26
26
26
26
26
26
26
26
26
26
26
26
26
26
27
27
15
27
27
27
27
14
27
15
27
27
27
14
15
15
27
15
27
27
15
15
15
15
15
27
15
27
14
14
27
15
27
15
14
15
27
27
15
15
27
15
27
14
15
15
27
15
15
15
16
16
16
16
28
16
28
16
16
28
16
35
3226
1059
96
439
685
126
134
12997
163
288021
189
213
259
10806
68281
12
24
24
24
24
24
24
24
25
25
25
25
25
25
25
25
25
25
25
25
25
25
13
25
25
25
25
25
25
13
25
25
25
25
25
13
13
25
25
25
25
13
25
25
25
13
25
13
13
25
25
25
13
25
13
13
25
25
25
13
13
13
25
13
25
13
25
13
25
25
13
13
25
25
13
13
25
25
25
13
13
13
13
13
13
13
25
25
25
25
13
13
13
13
25
26
27
15
15
15
16
338
11842
357
6
6
8
8
8
9
9
9
9
9
12
68360
392
73
13580
414
92
185
855
12353
875
13712
11097
12408
4302
21
22
22
22
22
22
22
22
22
22
22
23
23
23
23
23
24
25
14160
25
25
25
12
25
25
25
25
12
25
12
25
25
25
25
25
25
25
25
25
25
25
25
12
25
25
25
12
25
12
25
12
12
25
12
12
12
12
25
12
12
25
12
12
25
12
25
12
12
12
12
12
12
12
12
12
12
12
12
25
25
12
25
25
25
12
25
12
25
25
12
25
12
13
26
13
26
26
26
26
26
26
9268
14
14
14
15
15
15
15
15
15
15
15
15
15
15
15
16
16
16
16
17
17
17
17
17
17
17
17
17
17
18
18
18
18
18
19
19
24
614
10422
739
97
6
57833
13284
1120
13961
823
1167
13346
4817
2172
201
1019
2740
309
26
26
26
26
26
26
26
26
26
26
26
26
26
26
26
26
26
26
26
26
26
26
26
26
26
26
26
26
26
26
26
27
27
27
27
27
27
27
27
27
27
27
27
27
27
27
27
27
27
27
27
27
27
27
27
27
27
27
27
27
27
27
27
27
27
15
15
16
16
16
16
16
16
16
16
16
16
16
16
16
16
16
16
16
16
16
16
16
16
16
16
16
16
17
18
19
19
19
19
19
19
20
20
20
21
13851
1679
12
12
12
12
12
12
12
13
14
14
14
14
14
14
14
14
14
14
15
15
15
15
15
15
15
15
15
15
15
15
15
15
15
15
15
15
15
15
15
16
16
16
16
727
15847
134
2411
146
14256
1008
3087
43991
12957
43763
12992
14039
5783
1226
1243
287
327
328
299
305
291
374
1659
23
23
23
23
23
23
23
23
385
25
25
30
30
30
30
30
30
30
30
30
30
30
30
18
30
30
30
30
30
30
30
18
30
30
18
30
30
30
30
30
30
30
30
19
31
19
31
31
31
31
31
19
31
31
31
31
19
31
19
31
31
19
31
19
19
31
31
31
19
19
19
31
19
19
31
19
19
31
20
32
32
20
20
20
20
20
20
20
20
20
20
20
20
20
32
20
20
32
32
20
21
13170
402
1683
412
42004
16677
1393
434
436
437
442
455
457
84
14566
463
463
463
468
470
69395
480
481
85
484
485
3426
128661
493
132
499
509
512
512
514
2450
518
526
530
533
534
538
2219
34
546
154
553
554
158
556
14663
563
582
584
596
596
596
598
614
13735
620
620
223
246
11001
627
14738
263
266
45699
273
14424
279
280
283
283
284
284
284
14775
308
13456
46741
310
708
14492
716
26
26
26
26
26
26
26
26
26
26
26
26
26
27
27
28
28
29
29
31
31
32
32
33
33
33
33
33
33
33
33
33
33
33
33
33
34
34
34
34
34
18
34
34
34
34
34
34
18
34
34
34
34
18
34
34
18
18
34
34
34
34
34
34
34
18
34
34
18
18
34
18
34
18
34
34
34
34
34
34
34
34
34
18
34
34
34
18
18
34
18
34
18
18
18
34
19
19
35
35
378
1633
122
14942
14942
6427
149
138
178
48943
179
182
232
239
242
224
247
248
250
267
270
271
272
251
275
277
259
283
286
287
1616
292
294
296
299
304
306
321
35
35
35
36
36
36
37
38
39
13831
40
40
41
42
43
43
43
43
43
43
43
43
43
43
43
43
43
43
43
43
43
43
43
43
43
43
43
43
43
43
43
43
43
43
43
43
43
43
43
43
43
43
43
43
43
43
43
43
43
43
43
43
43
43
43
43
44
44
44
44
44
44
44
44
44
44
44
44
45
45
45
45
45
45
45
45
45
45
45
45
45
45
45
45
45
45
46
46
46
46
46
46
46
46
1069
74
38
35840
18169
8
789
114
15284
145
1165
150
174
45783
212
227
236
238
1108
241
241
243
250
250
247
15417
265
15450
30
31
31
31
31
31
31
32
32
32
32
32
32
32
32
32
32
32
32
32
32
32
32
32
32
32
32
32
32
32
32
32
32
32
32
32
32
32
32
32
32
32
32
32
32
32
32
32
32
32
32
32
32
32
32
32
32
32
32
32
32
32
32
32
32
32
32
32
32
32
32
32
32
32
32
32
32
32
33
33
33
33
33
33
33
33
33
33
33
33
33
33
33
33
33
33
33
33
33
33
1454
969
7636
38
250
40
3372
1774
14561
3404
59511
1511
461
472
14298
494
495
512
512
521
526
227
1580
3535
538
540
7090
545
227
553
556
557
561
571
574
248
248
6515
1816
285
272
15483
356
686
686
1707
28
34
35
35
35
35
35
35
35
35
35
35
35
35
35
35
35
35
35
35
35
35
35
35
35
35
35
35
35
35
35
35
35
35
35
35
35
35
35
35
35
35
35
35
35
35
35
35
35
35
35
35
35
35
35
35
35
35
35
35
35
35
35
35
35
35
35
35
35
35
35
35
35
35
35
35
35
35
35
35
35
35
35
35
35
36
36
36
36
36
36
36
36
696
36
37
37
37
37
37
37
37
14490
705
715
725
73
733
2054
79
52
411
2062
60
757
99
769
440
771
771
771
442
774
118
778
784
136
796
805
477
479
809
2522
156
160
160
162
828
500
15302
148
179
839
841
511
186
188
3821
195
855
530
863
539
542
542
1897
15674
547
1904
224
224
555
556
231
234
567
567
520
572
250
15711
264
269
1919
273
898
1944
29694
325
362
1352
39
39
39
39
39
39
39
39
39
39
39
39
39
39
39
40
40
40
40
40
40
40
40
40
40
40
40
40
40
40
40
40
40
40
40
40
40
40
40
40
40
40
40
40
40
40
40
40
40
40
40
40
40
40
40
40
40
40
40
40
40
40
40
40
40
40
40
41
41
41
41
41
41
41
41
41
41
41
41
41
41
41
41
41
41
41
41
41
41
42
42
42
42
42
42
42
42
42
42
42
2057
6964
69
400
72
73
85
1624
16212
104
435
106
108
111
113
115
117
118
121
130
138
471
142
473
146
152
484
157
158
489
160
490
491
164
164
164
495
166
174
175
176
177
182
1029
513
183
183
514
517
190
191
192
522
193
196
534
206
210
210
215
217
223
15007
227
228
229
235
243
244
245
252
260
263
268
269
271
272
279
282
1607
295
295
296
297
301
308
322
323
327
345
71294
371
371
1902
371
47934
371
16487
55997
870
16491
49
50
50
50
50
50
50
50
50
50
50
50
50
50
50
50
50
50
50
50
50
50
50
50
50
50
50
51
51
51
51
51
51
51
51
51
51
51
51
51
51
51
51
51
51
51
51
51
51
51
51
51
51
51
51
51
51
51
51
51
51
51
51
51
51
52
52
52
52
52
52
52
52
52
52
52
52
52
52
52
52
52
52
52
52
52
52
52
52
52
52
52
52
52
52
52
53
53
53
53
53
53
53
53
53
54
54
54
57
393
69
70
72
73
73
14858
75
75
75
76
77
77
77
78
78
78
78
79
79
79
79
79
79
80
80
80
81
81
81
81
82
82
82
84
84
84
85
85
85
85
85
85
85
85
86
86
87
88
89
89
93
93
94
95
95
97
98
98
99
99
100
100
100
101
106
106
107
107
147
154
158
165
187
881
192
201
16998
223
1218
231
236
22661
253
273
285
328
349
19733
26
27
27
27
27
27
27
27
27
27
27
27
27
27
27
27
27
27
27
27
27
27
27
27
27
27
27
27
27
27
27
27
27
27
27
27
27
27
27
27
27
27
27
27
27
27
16803
27
27
27
27
27
27
27
27
27
27
27
27
27
27
27
27
28
28
20
21
15
21
21
15
15
21
15
15
21
15
15
15
15
15
15
15
21
15
21
21
22
22
22
22
16
16
16
16
17
17
17
17
17
54
385
20
68
520
80
83
413
90
92
66
98
99
70
101
103
103
844
106
108
16893
128
100
102
96
112
161
147
1211
121
242
7860
282
304
2523
20
20
20
20
20
20
20
20
20
20
20
20
20
20
20
20
20
20
20
20
20
20
20
20
20
20
20
20
20
20
20
20
20
20
20
20
20
21
21
21
21
21
21
21
21
21
21
21
21
21
21
21
21
21
21
21
21
21
22
22
22
24
35
36
17
19
19
19
19
19
19
19
20
20
20
20
21
21
21
21
71952
21
21
21
21
21
21
21
21
21
21
21
21
21
21
22
22
22
22
22
22
23
28
35
2357
5002
56
164773
110
192
1447
1049
20752
2
1759
212
296
531
724
20299
17407
20
21
21
21
21
21
21
21
21
21
21
21
21
21
21
21
21
21
21
21
21
21
21
21
21
21
21
21
22
22
22
22
22
22
22
22
22
22
22
22
22
22
22
22
22
22
22
22
22
22
22
22
22
22
22
22
22
22
22
23
23
24
24
24
2034
18
18
19
19
19
19
19
19
19
19
19
19
19
19
19
19
19
19
19
19
19
19
19
19
19
19
19
19
19
19
20
20
20
20
20
35
15754
20446
414
201
151
397
143
1529
2740
451
1069
160
61788
197
7752
197
990
2845
915
19
19
19
19
19
19
19
19
19
19
20
20
20
20
20
20
20
20
20
20
20
20
20
20
20
20
20
20
20
20
20
20
20
20
20
20
20
20
20
20
20
20
20
20
20
20
20
20
21
21
21
21
21
21
21
21
21
21
21
23
23
23
23
1395
2938
37
17
17
18
18
19
19
19
20
20
20
20
20
20
20
20
20
20
20
20
20
20
20
20
20
20
20
20
20
20
20
20
20
20
20
20
20
6582
33
36
17771
1264
3298
72630
12595
999
193
3167
891
17998
16337
1215
19
19
19
19
19
20
20
20
20
20
20
20
20
20
20
20
20
20
20
20
20
20
20
20
20
20
20
20
20
20
20
20
20
20
20
20
21
21
21
21
21
21
21
21
21
21
22
22
22
22
22
23
24
25
41
41
22
22
22
22
22
22
22
22
23
23
23
23
23
23
23
23
23
23
23
23
23
23
23
23
23
23
23
23
23
23
23
24
24
26
37
63
64
64
65
66
69
35
16750
20725
757
771
476
2443
10415
1003
21102
9
9
9
9
10
10
10
10
10
10
11
12
12
21
22
22
22
22
22
22
22
22
22
22
22
22
22
22
22
22
22
22
22
22
22
22
22
22
22
22
22
22
22
22
22
22
22
22
22
23
23
23
23
23
23
23
23
23
24
24
24
24
24
24
24
24
24
24
24
25
25
25
25
25
25
25
25
25
25
26
26
31
31
32
34
34
21333
21697
20700
178
1166
17230
150216
6781
1024
40
18675
392
18717
50165
1636
21350
152
9557
180
212
260
578
160990
3443
582
585
828
4148
13080
18667
9844
741
745
458
18756
2358
26
23
26
24
27
24
24
24
24
27
24
27
24
24
24
24
24
27
27
24
24
24
24
24
27
24
24
24
24
24
24
27
27
24
24
25
25
25
28
25
26
26
33
31
31
34
36
40
558
44
41
42
42
42
42
43
43
43
43
44
51
52
52
52
52
53
869
871
58
60
61
70
70
73
77
78
78
78
78
79
95
10030
118
109
109
111
1842
19285
196
1384
21534
20732
10256
19504
1732
33950
151
931
9764
18313
7916
1150
10637
1575
169
1529
21139
8937
9
1055
18857
10978
1473
1475
1564
3109
11490
53
2108
38712
20543
11708
19731
19807
3739
2553
1770
1167
1804
15560
3014
21375
3327
21477
21772
21334
4215
11801
12130
7247
1848
10161
1877
2547
2277
2323
39188
534
594124
20241
48171
35021
21700
320
353
12621
21869
20567
695
45271
12772
7
8
8
8
8
8
14
27
45389
4069
915
932
402
946
964
1024
47762
4862
2858
45573
1053
1081
1090
1096
14
15
15
15
15
15
15
15
15
15
15
15
15
15
16
16
16
16
16
20
1103
21
8
9
28
28
29
29
29
41
41
43
43
44
51
1140
1144
21028
1160
78
1166
1172
13171
61903
25577
1189
1195
1210
1214
57147
1237
965
2
1256
981
1267
1277
1277
1292
1295
1297
1304
1316
1324
1337
3665
1341
1348
269
257
1359
281
1406
1408
1410
1298
1140
39
39
48
1167
1169
12820
1479
1493
1942
1230
8592
6284
159
160
1535
13555
207
6376
1613
27173
46882
1365
33
34
1699
13047
21602
1446
1746
1778
11776
1514
1793
1834
13483
13503
13217
10924
1089
37195
1134
309
1976
33
169930
1744
2024
457
499
13509
32036
14208
582
12238
3989
14483
8
8
8
8
8
8
8
8
8
8
8
8
7289
47084
14603
14607
4958
5
5
5
5
5
5
5
5
27
28
14690
14716
46520
166453
1602
21891
13645
21581
4367
1852
941
374
13892
976
992
1020
1030
1044
1051
1059
1062
1067
1069
15290
1078
1081
1084
1090
1668
1109
1109
1112
1118
1132
1143
1143
6
1146
1151
1156
1161
1165
1168
1171
1175
1176
1192
1198
1206
1210
1213
1216
1218
1234
1249
1253
1256
1270
1271
1277
1280
1294
158
1298
15218
1340
15247
1360
1372
1379
1394
1395
1405
1407
1422
1424
3404
1461
15734
1526
15751
1532
1535
1543
1550
1552
5601
1569
33718
2
1670
79922
79923
79923
1681
1696
1745
1788
70
1840
1885
28444
14865
1947
1948
1952
841
2025
2032
2056
7415
2071
2075
1522
2108
2141
29361
14433
2265
2273
16870
598
14534
2393
8741
1879
739
139978
1908
2493
15432
2531
15461
4512
2560
4
15519
864
889
891
932
1272
2709
984
1018
1028
1036
1041
1058
1085
1091
1098
1114
1118
17064
1121
1124
1136
1140
34
1142
1147
1149
847
1153
1156
1158
1160
1161
1171
1196
891
1200
1200
1203
1207
15863
1213
1223
1226
1229
925
1242
1267
964
1277
1280
1295
1308
199260
1612
1330
1331
1356
1364
1377
1
1966
1388
1405
17369
1424
1127
2017
16739
1453
1148
1455
620035
1164
1477
1174
2071
926
3225
1192
1507
1202
1206
1207
1805
1522
1528
1231
1559
1901
2195
1621
770
1939
1661
1954
1679
1113
1687
1691
1400
1709
3447
2302
1162
1168
15683
1741
2035
2052
1762
1765
948
17107
1241
1258
973
1835
1837
1280
1287
1003
1004
2442
1006
1009
1306
2179
1317
4
1906
17860
1616
1627
1944
1653
1964
1108
2545
1116
79
1981
1985
1991
1432
1444
2035
2055
1487
169337
2387
2392
1797
2114
53786
2143
2451
2160
1598
2172
2192
2198
48
51
2228
1672
91
2257
1409
1969
2568
602379
926
2027
175374
2373
2385
2394
1830
5551
1558
2434
10
10
10
10
10
11
1595
18463
1974
18504
2014
2314
2059
2063
2076
2080
1799
2095
2375
4
2400
28
2727
2158
64364
2205
2231
2285
2012
2013
2031
2989
593
54473
19013
2817
19135
766
42893
2846
19421
19497
33043
17822
19848
3049
127367
12828
53865
3
20156
19514
12700
1912
361286
1524
20266
1847
1856
1896
21313
69108
21445
119616
57275
635
19612
1817
4889
3435
205
5172
13329
2
3740
3746
22414
3793
46094
3831
49967
53550
22418
5968
22892
14091
49
20304
2652
52399
14233
22721
141
22536
334
14402
1886
23270
1844
14534
14592
20781
23476
22094
310
14729
957
981
23665
23723
1872
1168
23821
9674
7165
53729
1631
1
23711
7554
48136
665
24574
45704
461
1800
5083
22721
22
22
25
162356
32
43
43
43
43
43
49
50
50
54
57
57
57
58
67
70
76
79
114
115
118
119
119
124
129
139
24982
147
163
173
25021
46892
23816
25129
1900
25176
1
10
18
18
18
19
20
182282
31
36
38
41
44
45
1080
53
81
100
103
104
106
2658
135
142
149
155
165
22766
18167
288
1604
2593
1648
14571
7
1729
2723
1868
2810
2964
2
4176
605042
3075
25996
657
1905
3178
3198
365149
352
3351
3372
1877
50031
3605
25091
4925
3324
26544
3753
1120
30
24976
3846
906
3917
3962
1340
3676
75135
4048
295067
25663
1987
4106
4504
1928
3544
4574
2941
4292
3966
4638
1165
370851
2
18795
536171
213
2247
4951
4633
4001
728
2371
13680
2090
5079
2481
5128
5142
2529
933
2598
5260
1976
42
5371
5096
5435
5434
2800
55581
2322
5319
126656
32185
4677
17631
27612
1962
3118
693
2844
4497
1015
2851
75963
13
13
14
14
338
15
16
16
16
17
17
21
21
22
22
22
23
23
23
24
25
25
25
25
25
26
28
29
29
31
33
36
38
42
48
52
1399
4377
121
2835
6145
21799
5524
1983
14
15
16
16
16
18
18
19
19
20
21
21
22
22
22
23
25
26
27
27
27
28
28
29
29
29
30
30
33
33
33
34
34
35
36
36
36
38
38
40
41
42
42
46
46
46
50
50
50
55
64
62852
631991
2889
6567
16
17
17
18
19
19
19
19
19
19
20
20
20
21
21
21
22
22
22
22
22
23
24
24
25
25
26
26
26
27
27
27
27
28
28
28
29
29
31
31
32
33
34
34
35
36
36
37
40
49
49
50
58
58
3025
18640
3220
17
17
18
19
19
19
20
20
20
20
21
21
21
22
22
22
23
23
23
23
25
26
26
27
27
27
27
27
27
29
29
29
30
31
31
32
32
32
33
33
34
35
37
37
37
37
37
38
39
40
50
68
85
87
88
90
5116
12985
3565
3253
355
14
16
17
17
17
17
17
17
17
17
17
18
19
19
19
19
19
20
20
20
21
21
21
22
22
22
22
22
23
23
23
23
24
24
25
25
26
26
27
27
27
27
27
28
28
28
28
28
29
29
29
29
31
31
32
32
35
36
36
22596
37
38
39
40
181846
22579
2448
62589
4177
54010
541254
16
17
17
17
18
18
18
18
18
18
18
18
18
19
19
19
19
19
19
19
20
20
20
20
20
20
22
22
23
23
24
24
24
24
24
24
24
24
24
25
25
25
25
25
25
25
25
25
26
28
28
28
28
28
28
28
29
29
29
29
21728
4059
3513
5495
240176
22616
17
18
19
19
19
19
19
19
19
19
20
21
21
21
21
21
4
5
22
23
24
24
24
24
24
24
24
24
25
25
21938
25
25
26
27
28
28
28
28
28
11
29
30
30
30
31
31
33
33
33
33
33
34
34
35
36
36
36
36
36
37
37
39
40
42
48
48
49
4007
30230
2
19
20
20
20
20
20
20
20
20
20
20
20
20
20
21
21
21
21
21
21
21
21
21
21
23
23
24
24
24
24
8
24
24
24
25
25
25
9
9
9
9
26
26
26
26
2656
27
27
27
28
28
28
29
14
30
30
30
30
31
31
31
32
32
16
17
18
34
19
35
35
20
36
21
37
22
39
39
39
23
24
25
82972
23539
2
4079
6165
3128
24168
3925
4270
4292
22
22
22
22
22
22
22
22
22
22
22
22
22
22
22
22
22
22
22
22
22
22
22
22
22
22
22
22
22
22
22
22
23
24
24
24
24
24
24
24
24
24
25
25
26
26
26
26
26
9
10
27
10
27
10
27
28
28
28
29
12
12
13
30
14
31
31
15
33
33
16
33
17
17
34
17
18
19
19
19
37
21
22
25
25
25
25
25
1153
23937
3395
30265
371275
3825
58591
24193
26
26
26
26
26
26
26
26
26
26
26
26
26
26
26
26
26
26
26
26
26
26
26
26
26
26
26
26
26
26
26
26
26
26
26
26
26
26
26
26
26
26
27
27
29
15
15
15
15
15
15
16
16
16
16
32
17
17
17
17
19
19
19
19
19
20
20
20
20
20
20
20
20
21
21
21
21
23
23
39
39
23
24
40
24
24
41
41
41
41
25
26
28
44
28
45
30
31
33
33
34
35
37
37
56
56
56
59
59
59
60
46
47
48
49
49
67
67
3758
