              3              2              0              0         5.9892              0              0        2.88675              0
              1              1              0              0              0         0.9982              0        7.07107              0
              3              2              0              0         5.9892              0              0        2.88675              0
              1              1              0              0              0         0.9982              0        7.07107              0
              3              2              0              0         5.9892              0              0        2.88675              0
              1              1              0              0              0         0.9982              0        7.07107              0
              3              2              0              0         5.9892              0              0        2.88675              0
              1              1              0              0              0         0.9982              0        7.07107              0
              3              2              0              0         5.9892              0              0        2.88675              0
              1              1              0              0              0         0.9982              0        7.07107              0
              3              2              0              0         5.9892              0              0        2.88675              0
              1              1              0              0              0         0.9982              0        7.07107              0
              3              2              0              0         5.9892              0              0        2.88675              0
              1              1              0              0              0         0.9982              0        7.07107              0
              3              2              0              0         5.9892              0              0        2.88675              0
              1              1              0              0              0         0.9982              0        7.07107              0
              3              2              0              0         5.9892              0              0        2.88675              0
              1              1              0              0              0         0.9982              0        7.07107              0
              3              2              0              0         5.9892              0              0        2.88675              0
              1              1              0              0              0         0.9982              0        7.07107              0
