            3-1              2             45             15              0              0              0        2.88675              0
            1-1              1              5              0              0              0              0        7.07107              0
            3-1              2             45             15              0              0              0        2.88675              0
            1-1              1              5              0              0              0              0        7.07107              0
            3-1              2             45             15              0              0              0        2.88675              0
            1-1              1              5              0              0              0              0        7.07107              0
            3-1              2             45             15              0              0              0        2.88675              0
            1-1              1              5              0              0              0              0        7.07107              0
            3-1              2             45             15              0              0              0        2.88675              0
            1-1              1              5              0              0              0              0        7.07107              0
            3-1              2             45             15              0              0              0        2.88675              0
            1-1              1              5              0              0              0              0        7.07107              0
            3-1              2             45             15              0              0              0        2.88675              0
            1-1              1              5              0              0              0              0        7.07107              0
            3-1              2             45             15              0              0              0        2.88675              0
            1-1              1              5              0              0              0              0        7.07107              0
            3-1              2             45             15              0              0              0        2.88675              0
            1-1              1              5              0              0              0              0        7.07107              0
            3-1              2             45             15              0              0              0        2.88675              0
            1-1              1              5              0              0              0              0        7.07107              0
