30 281 137.23333333333332 4117 291 149.9 4497 117 306 380
30 281 137.23333333333332 4117 291 149.9 4497 117 306 380
30 281 137.23333333333332 4117 291 149.9 4497 117 306 380
30 281 137.23333333333332 4117 291 149.9 4497 117 306 380
30 281 137.23333333333332 4117 291 149.9 4497 117 306 380
30 225 82.43333333333334 2473 235 96.73333333333333 2902 166 250 429
30 281 137.23333333333332 4117 291 149.9 4497 117 306 380
30 281 137.23333333333332 4117 291 149.9 4497 117 306 380
30 281 137.23333333333332 4117 291 149.9 4497 117 306 380
30 281 137.23333333333332 4117 291 149.9 4497 117 306 380
30 281 137.23333333333332 4117 291 149.9 4497 117 306 380
30 281 137.23333333333332 4117 291 149.9 4497 117 306 380
30 281 137.23333333333332 4117 291 149.9 4497 117 306 380
