10 54 14.4 144 71 33.6 336 90 86 192
20 94 32.7 654 114 49.55 991 140 129 337
30 116 54.266666666666666 1628 133 71.6 2148 216 148 520
40 145 72.175 2887 164 88.75 3550 259 178 663
50 230 100.1 5005 244 116.56 5828 287 259 823
60 230 104.48333333333333 6269 241 119.06666666666666 7144 308 256 875
70 254 121.3 8491 267 134.75714285714287 9433 289 281 942
80 275 134.5125 10761 282 148.0625 11845 330 297 1084
90 350 160.2111111111111 14419 364 173.92222222222222 15653 354 379 1234
100 411 173.7 17370 416 186.89 18689 343 431 1319
