10 21 9.8 98 42 27.2 272 75 55 174
20 73 30.65 613 87 48.9 978 157 100 365
30 87 44.7 1341 99 59.333333333333336 1780 176 114 439
40 145 73.7 2948 166 90.775 3631 270 181 683
50 181 94.68 4734 194 111.04 5552 321 209 818
60 209 107.13333333333334 6428 223 122.5 7350 348 238 922
70 231 124.92857142857143 8745 246 139.37142857142857 9756 327 261 1011
80 246 130.35 10428 258 143.8125 11505 327 273 1077
90 293 159.36666666666667 14343 300 173.24444444444444 15592 338 315 1249
100 314 174.25 17425 326 187.75 18775 338 341 1350
110 356 190.6 20966 366 204.29090909090908 22472 376 381 1506
120 376 200.26666666666668 24032 386 213.45 25614 368 401 1582
130 413 220.9 28717 425 234.25384615384615 30453 358 440 1736
140 435 235.62857142857143 32988 444 248.62857142857143 34808 410 459 1820
150 452 250.59333333333333 37589 462 263.26 39489 395 477 1900
160 446 243.225 38916 455 254.8875 40782 372 470 1866
170 508 280.56470588235294 47696 515 292.9823529411765 49807 424 530 2111
180 517 283.2 50976 527 295.1388888888889 53125 395 542 2149
190 542 296.4526315789474 56326 552 308.30526315789473 58578 383 567 2252
200 564 304.1 60820 573 315.8 63160 406 588 2340
210 597 333.93809523809523 70127 611 345.6857142857143 72594 408 626 2467
220 626 334.92727272727274 73684 640 346.7227272727273 76279 416 655 2595
230 634 349.38695652173914 80359 644 360.7826086956522 82980 395 659 2621
240 660 361.03333333333336 86648 671 372.3958333333333 89375 398 686 2727
250 722 392.152 98038 739 404.136 101034 408 754 2996
20 73 30.65 613 87 48.9 978 157 100 365
20 73 30.65 613 87 48.9 978 157 100 365
20 73 30.65 613 87 48.9 978 157 100 365
20 73 30.65 613 87 48.9 978 157 100 365
10 21 9.8 98 42 27.2 272 75 55 174
10 21 9.8 98 42 27.2 272 75 55 174
10 21 9.8 98 42 27.2 272 75 55 174
10 21 9.8 98 42 27.2 272 75 55 174
10 21 9.8 98 42 27.2 272 75 55 174
30 87 44.7 1341 99 59.333333333333336 1780 176 114 439
30 87 44.7 1341 99 59.333333333333336 1780 176 114 439
30 87 44.7 1341 99 59.333333333333336 1780 176 114 439
30 87 44.7 1341 99 59.333333333333336 1780 176 114 439
30 87 44.7 1341 99 59.333333333333336 1780 176 114 439
30 87 44.7 1341 99 59.333333333333336 1780 176 114 439
30 87 44.7 1341 99 59.333333333333336 1780 176 114 439
30 87 44.7 1341 99 59.333333333333336 1780 176 114 439
30 87 44.7 1341 99 59.333333333333336 1780 176 114 439
30 87 44.7 1341 99 59.333333333333336 1780 176 114 439
30 87 44.7 1341 99 59.333333333333336 1780 176 114 439
30 87 44.7 1341 99 59.333333333333336 1780 176 114 439
30 87 44.7 1341 99 59.333333333333336 1780 176 114 439
30 87 44.7 1341 99 59.333333333333336 1780 176 114 439
30 87 44.7 1341 99 59.333333333333336 1780 176 114 439
30 87 44.7 1341 99 59.333333333333336 1780 176 114 439
30 87 44.7 1341 99 59.333333333333336 1780 176 114 439
30 87 44.7 1341 99 59.333333333333336 1780 176 114 439
30 87 44.7 1341 99 59.333333333333336 1780 176 114 439
