10 27 10.1 101 47 29.7 297 94 61 196
20 67 26.55 531 80 43.15 863 135 93 332
30 110 53.13333333333333 1594 129 69.76666666666667 2093 195 138 499
40 142 69.925 2797 160 86.375 3455 254 174 658
50 190 93.14 4657 205 109.24 5462 269 210 805
60 211 105.56666666666666 6334 223 120.53333333333333 7232 331 229 898
70 228 116.5 8155 238 130.0857142857143 9106 298 241 951
80 264 141.9125 11353 272 155.6375 12451 344 279 1098
90 295 157.4111111111111 14167 308 171.17777777777778 15406 359 311 1239
100 318 163.57 16357 323 176.76 17676 343 336 1319
