10 33 12.6 126 53 34.6 346 128 63 220
20 76 33.45 669 99 52.6 1052 179 107 383
30 108 50.6 1518 125 66.93333333333334 2008 199 133 490
40 157 74.25 2970 170 91.325 3653 291 175 683
50 174 85.42 4271 190 100.76 5038 282 199 767
60 220 114.06666666666666 6844 239 129.7 7782 327 247 938
70 261 130.1 9107 279 145.97142857142856 10218 384 281 1111
80 249 129.725 10378 261 142.65 11412 325 263 1034
90 301 156.72222222222223 14105 311 170.5 15345 383 315 1240
100 320 167.09 16709 334 180.14 18014 380 334 1305
